2020-02-03 09:31:00,136.7600965335
2020-02-03 09:32:00,136.618538094
2020-02-03 09:33:00,137.14445210337
2020-02-03 09:34:00,137.1310772715
2020-02-03 09:35:00,137.12961287385
2020-02-03 09:36:00,137.2091784795
2020-02-03 09:37:00,137.331211617
2020-02-03 09:38:00,137.340974268
2020-02-03 09:39:00,137.214059805
2020-02-03 09:40:00,137.214059805
2020-02-03 09:41:00,137.272635711
2020-02-03 09:42:00,137.194534503
2020-02-03 09:43:00,137.272635711
2020-02-03 09:44:00,137.2579917345
2020-02-03 09:45:00,137.36049957
2020-02-03 09:46:00,137.4044314995
2020-02-03 09:47:00,137.253110409
2020-02-03 09:48:00,137.301923664
2020-02-03 09:49:00,137.331211617
2020-02-03 09:50:00,137.4044314995
2020-02-03 09:51:00,137.409312825
2020-02-03 09:52:00,137.477651382
2020-02-03 09:53:00,137.565515241
2020-02-03 09:54:00,137.633853798
2020-02-03 09:55:00,137.692429704
2020-02-03 09:56:00,137.7070736805
2020-02-03 09:57:00,137.956021281
2020-02-03 09:58:00,137.907208026
2020-02-03 09:59:00,137.799818865
2020-02-03 10:00:00,137.731480308
2020-02-03 10:01:00,137.731480308
2020-02-03 10:02:00,137.731480308
2020-02-03 10:03:00,137.663141751
2020-02-03 10:04:00,137.702192355
2020-02-03 10:05:00,137.6533791
2020-02-03 10:06:00,137.594803194
2020-02-03 10:07:00,137.380024872
2020-02-03 10:08:00,137.331211617
2020-02-03 10:09:00,137.389787523
2020-02-03 10:10:00,137.399550174
2020-02-03 10:11:00,137.419075476
2020-02-03 10:12:00,137.419075476
2020-02-03 10:13:00,137.467888731
2020-02-03 10:14:00,137.41175348775
2020-02-03 10:15:00,137.428838127
2020-02-03 10:16:00,137.36049957
2020-02-03 10:17:00,137.419075476
2020-02-03 10:18:00,137.55575259
2020-02-03 10:19:00,137.643616449
2020-02-03 10:20:00,137.672904402
2020-02-03 10:21:00,137.643616449
2020-02-03 10:22:00,137.6387351235
2020-02-03 10:23:00,137.672904402
2020-02-03 10:24:00,137.70180184896
2020-02-03 10:25:00,137.936495979
2020-02-03 10:26:00,137.94625863
2020-02-03 10:27:00,137.956021281
2020-02-03 10:28:00,137.985309234
2020-02-03 10:29:00,138.14151165
2020-02-03 10:30:00,138.161036952
2020-02-03 10:31:00,138.082935744
2020-02-03 10:32:00,138.034122489
2020-02-03 10:33:00,138.112223697
2020-02-03 10:34:00,137.9999532105
2020-02-03 10:35:00,137.936495979
2020-02-03 10:36:00,137.916970677
2020-02-03 10:37:00,137.819344167
2020-02-03 10:38:00,137.819344167
2020-02-03 10:39:00,137.760768261
2020-02-03 10:40:00,137.936495979
2020-02-03 10:41:00,137.965783932
2020-02-03 10:42:00,137.975546583
2020-02-03 10:43:00,137.965783932
2020-02-03 10:44:00,137.9999532105
2020-02-03 10:45:00,137.94625863
2020-02-03 10:46:00,137.9023267005
2020-02-03 10:47:00,137.731480308
2020-02-03 10:48:00,137.838869469
2020-02-03 10:49:00,137.75100561
2020-02-03 10:50:00,137.731480308
2020-02-03 10:51:00,137.770530912
2020-02-03 10:52:00,137.7949375395
2020-02-03 10:53:00,137.780293563
2020-02-03 10:54:00,137.702192355
2020-02-03 10:55:00,137.780293563
2020-02-03 10:56:00,137.7656495865
2020-02-03 10:57:00,137.711955006
2020-02-03 10:58:00,137.702192355
2020-02-03 10:59:00,137.7461242845
2020-02-03 11:00:00,137.7363616335
2020-02-03 11:01:00,137.770530912
2020-02-03 11:02:00,137.633853798
2020-02-03 11:03:00,137.682667053
2020-02-03 11:04:00,137.6387351235
2020-02-03 11:05:00,137.663141751
2020-02-03 11:06:00,137.575277892
2020-02-03 11:07:00,137.526464637
2020-02-03 11:08:00,137.536227288
2020-02-03 11:09:00,137.565515241
2020-02-03 11:10:00,137.487414033
2020-02-03 11:11:00,137.4922953585
2020-02-03 11:12:00,137.448363429
2020-02-03 11:13:00,137.36049957
2020-02-03 11:14:00,137.2579917345
2020-02-03 11:15:00,137.301923664
2020-02-03 11:16:00,137.311686315
2020-02-03 11:17:00,137.311686315
2020-02-03 11:18:00,137.282398362
2020-02-03 11:19:00,137.2189411305
2020-02-03 11:20:00,137.1896531775
2020-02-03 11:21:00,137.223822456
2020-02-03 11:22:00,137.253110409
2020-02-03 11:23:00,137.175009201
2020-02-03 11:24:00,137.1408399225
2020-02-03 11:25:00,137.145721248
2020-02-03 11:26:00,137.243347758
2020-02-03 11:27:00,137.2579917345
2020-02-03 11:28:00,137.184771852
2020-02-03 11:29:00,137.16524655
2020-02-03 11:30:00,137.184771852
2020-02-03 11:31:00,137.126195946
2020-02-03 11:32:00,137.048094738
2020-02-03 11:33:00,137.096907993
2020-02-03 11:34:00,137.0725013655
2020-02-03 11:35:00,137.155483899
2020-02-03 11:36:00,137.155483899
2020-02-03 11:37:00,137.126195946
2020-02-03 11:38:00,137.087145342
2020-02-03 11:39:00,137.057857389
2020-02-03 11:40:00,137.077382691
2020-02-03 11:41:00,137.1320535366
2020-02-03 11:42:00,136.911417624
2020-02-03 11:43:00,137.009044134
2020-02-03 11:44:00,136.882129671
2020-02-03 11:45:00,136.862604369
2020-02-03 11:46:00,136.911417624
2020-02-03 11:47:00,136.86816908007
2020-02-03 11:48:00,136.87236702
2020-02-03 11:49:00,136.823553765
2020-02-03 11:50:00,136.862604369
2020-02-03 11:51:00,136.862604369
2020-02-03 11:52:00,136.882129671
2020-02-03 11:53:00,136.921180275
2020-02-03 11:54:00,136.950468228
2020-02-03 11:55:00,137.009044134
2020-02-03 11:56:00,137.02417624305
2020-02-03 11:57:00,136.960230879
2020-02-03 11:58:00,136.989518832
2020-02-03 11:59:00,137.009044134
2020-02-03 12:00:00,136.960230879
2020-02-03 12:01:00,136.9846375065
2020-02-03 12:02:00,136.960230879
2020-02-03 12:03:00,136.940705577
2020-02-03 12:04:00,136.9260616005
2020-02-03 12:05:00,137.0041628085
2020-02-03 12:06:00,137.018806785
2020-02-03 12:07:00,136.979756181
2020-02-03 12:08:00,136.921180275
2020-02-03 12:09:00,136.921180275
2020-02-03 12:10:00,136.960230879
2020-02-03 12:11:00,136.891892322
2020-02-03 12:12:00,136.911417624
2020-02-03 12:13:00,136.930942926
2020-02-03 12:14:00,136.8772483455
2020-02-03 12:15:00,136.9162989495
2020-02-03 12:16:00,136.979756181
2020-02-03 12:17:00,137.06762004
2020-02-03 12:18:00,137.1017893185
2020-02-03 12:19:00,137.155483899
2020-02-03 12:20:00,137.223822456
2020-02-03 12:21:00,137.301923664
2020-02-03 12:22:00,137.438600778
2020-02-03 12:23:00,137.477651382
2020-02-03 12:24:00,137.419075476
2020-02-03 12:25:00,137.370262221
2020-02-03 12:26:00,137.26287306
2020-02-03 12:27:00,137.243347758
2020-02-03 12:28:00,137.23807592646
2020-02-03 12:29:00,137.243347758
2020-02-03 12:30:00,137.145721248
2020-02-03 12:31:00,137.16524655
2020-02-03 12:32:00,137.116433295
2020-02-03 12:33:00,137.087145342
2020-02-03 12:34:00,137.057857389
2020-02-03 12:35:00,137.04301815948
2020-02-03 12:36:00,136.999281483
2020-02-03 12:37:00,136.9846375065
2020-02-03 12:38:00,137.028569436
2020-02-03 12:39:00,137.018806785
2020-02-03 12:40:00,137.00884888098
2020-02-03 12:41:00,137.028569436
2020-02-03 12:42:00,137.057857389
2020-02-03 12:43:00,137.048094738
2020-02-03 12:44:00,137.096907993
2020-02-03 12:45:00,137.16524655
2020-02-03 12:46:00,137.1213146205
2020-02-03 12:47:00,137.1213146205
2020-02-03 12:48:00,137.194534503
2020-02-03 12:49:00,137.214059805
2020-02-03 12:50:00,137.282398362
2020-02-03 12:51:00,137.184771852
2020-02-03 12:52:00,137.2091784795
2020-02-03 12:53:00,137.184771852
2020-02-03 12:54:00,137.16524655
2020-02-03 12:55:00,137.184771852
2020-02-03 12:56:00,137.214059805
2020-02-03 12:57:00,137.1896531775
2020-02-03 12:58:00,137.155483899
2020-02-03 12:59:00,137.16524655
2020-02-03 13:00:00,137.20634731071
2020-02-03 13:01:00,137.233585107
2020-02-03 13:02:00,137.26287306
2020-02-03 13:03:00,137.243347758
2020-02-03 13:04:00,137.214059805
2020-02-03 13:05:00,137.214059805
2020-02-03 13:06:00,137.25525819222
2020-02-03 13:07:00,137.204297154
2020-02-03 13:08:00,137.184771852
2020-02-03 13:09:00,137.16524655
2020-02-03 13:10:00,137.184771852
2020-02-03 13:11:00,137.2189411305
2020-02-03 13:12:00,137.16524655
2020-02-03 13:13:00,137.096907993
2020-02-03 13:14:00,137.018806785
2020-02-03 13:15:00,137.048094738
2020-02-03 13:16:00,137.06762004
2020-02-03 13:17:00,137.116433295
2020-02-03 13:18:00,137.038332087
2020-02-03 13:19:00,137.07396576315
2020-02-03 13:20:00,137.06762004
2020-02-03 13:21:00,137.096907993
2020-02-03 13:22:00,137.126195946
2020-02-03 13:23:00,137.116433295
2020-02-03 13:24:00,137.096907993
2020-02-03 13:25:00,137.145721248
2020-02-03 13:26:00,137.126195946
2020-02-03 13:27:00,137.145721248
2020-02-03 13:28:00,137.155483899
2020-02-03 13:29:00,137.14757615169
2020-02-03 13:30:00,137.145721248
2020-02-03 13:31:00,137.1896531775
2020-02-03 13:32:00,137.21669572077
2020-02-03 13:33:00,137.23524475767
2020-02-03 13:34:00,137.2404189627
2020-02-03 13:35:00,137.311686315
2020-02-03 13:36:00,137.331211617
2020-02-03 13:37:00,137.36049957
2020-02-03 13:38:00,137.292161013
2020-02-03 13:39:00,137.35698501564
2020-02-03 13:40:00,137.331211617
2020-02-03 13:41:00,137.321448966
2020-02-03 13:42:00,137.321448966
2020-02-03 13:43:00,137.389787523
2020-02-03 13:44:00,137.3849061975
2020-02-03 13:45:00,137.438600778
2020-02-03 13:46:00,137.428838127
2020-02-03 13:47:00,137.36049957
2020-02-03 13:48:00,137.399550174
2020-02-03 13:49:00,137.419075476
2020-02-03 13:50:00,137.419075476
2020-02-03 13:51:00,137.399550174
2020-02-03 13:52:00,137.3712384861
2020-02-03 13:53:00,137.380024872
2020-02-03 13:54:00,137.4044314995
2020-02-03 13:55:00,137.448363429
2020-02-03 13:56:00,137.448363429
2020-02-03 13:57:00,137.4141941505
2020-02-03 13:58:00,137.45812608
2020-02-03 13:59:00,137.487414033
2020-02-03 14:00:00,137.49668855145
2020-02-03 14:01:00,137.448363429
2020-02-03 14:02:00,137.4630074055
2020-02-03 14:03:00,137.45812608
2020-02-03 14:04:00,137.4337194525
2020-02-03 14:05:00,137.45812608
2020-02-03 14:06:00,137.467888731
2020-02-03 14:07:00,137.45812608
2020-02-03 14:08:00,137.46066436926
2020-02-03 14:09:00,137.46066436926
2020-02-03 14:10:00,137.467888731
2020-02-03 14:11:00,137.477651382
2020-02-03 14:12:00,137.5020580095
2020-02-03 14:13:00,137.55575259
2020-02-03 14:14:00,137.56512473496
2020-02-03 14:15:00,137.643616449
2020-02-03 14:16:00,137.65074318423
2020-02-03 14:17:00,137.672904402
2020-02-03 14:18:00,137.633853798
2020-02-03 14:19:00,137.663141751
2020-02-03 14:20:00,137.663141751
2020-02-03 14:21:00,137.770530912
2020-02-03 14:22:00,137.770530912
2020-02-03 14:23:00,137.7461242845
2020-02-03 14:24:00,137.760768261
2020-02-03 14:25:00,137.760768261
2020-02-03 14:26:00,137.81690350425
2020-02-03 14:27:00,137.809581516
2020-02-03 14:28:00,137.76028012845
2020-02-03 14:29:00,137.692429704
2020-02-03 14:30:00,137.75100561
2020-02-03 14:31:00,137.7265989825
2020-02-03 14:32:00,137.663141751
2020-02-03 14:33:00,137.604565845
2020-02-03 14:34:00,137.604565845
2020-02-03 14:35:00,137.55575259
2020-02-03 14:36:00,137.585040543
2020-02-03 14:37:00,137.575277892
2020-02-03 14:38:00,137.575277892
2020-02-03 14:39:00,137.624091147
2020-02-03 14:40:00,137.614328496
2020-02-03 14:41:00,137.6533791
2020-02-03 14:42:00,137.6875483785
2020-02-03 14:43:00,137.75100561
2020-02-03 14:44:00,137.780293563
2020-02-03 14:45:00,137.799818865
2020-02-03 14:46:00,137.829106818
2020-02-03 14:47:00,137.84863212
2020-02-03 14:48:00,137.84863212
2020-02-03 14:49:00,137.897445375
2020-02-03 14:50:00,137.9511399555
2020-02-03 14:51:00,137.985309234
2020-02-03 14:52:00,137.975546583
2020-02-03 14:53:00,137.9999532105
2020-02-03 14:54:00,137.995071885
2020-02-03 14:55:00,137.965783932
2020-02-03 14:56:00,137.995071885
2020-02-03 14:57:00,137.9609026065
2020-02-03 14:58:00,137.858394771
2020-02-03 14:59:00,137.819344167
2020-02-03 15:00:00,137.770530912
2020-02-03 15:01:00,137.799818865
2020-02-03 15:02:00,137.829106818
2020-02-03 15:03:00,137.868157422
2020-02-03 15:04:00,137.858394771
2020-02-03 15:05:00,137.907208026
2020-02-03 15:06:00,137.9218520025
2020-02-03 15:07:00,137.926733328
2020-02-03 15:08:00,138.014597187
2020-02-03 15:09:00,137.9609026065
2020-02-03 15:10:00,137.9804279085
2020-02-03 15:11:00,137.995071885
2020-02-03 15:12:00,137.94625863
2020-02-03 15:13:00,137.926733328
2020-02-03 15:14:00,137.90056942332
2020-02-03 15:15:00,137.926733328
2020-02-03 15:16:00,137.916970677
2020-02-03 15:17:00,137.838869469
2020-02-03 15:18:00,137.819344167
2020-02-03 15:19:00,137.8437507945
2020-02-03 15:20:00,137.877920073
2020-02-03 15:21:00,137.868157422
2020-02-03 15:22:00,137.868157422
2020-02-03 15:23:00,137.809581516
2020-02-03 15:24:00,137.809581516
2020-02-03 15:25:00,137.838869469
2020-02-03 15:26:00,137.770530912
2020-02-03 15:27:00,137.770530912
2020-02-03 15:28:00,137.81817264888
2020-02-03 15:29:00,137.829106818
2020-02-03 15:30:00,137.84863212
2020-02-03 15:31:00,137.829106818
2020-02-03 15:32:00,137.84863212
2020-02-03 15:33:00,137.926733328
2020-02-03 15:34:00,137.926733328
2020-02-03 15:35:00,137.9023267005
2020-02-03 15:36:00,137.84863212
2020-02-03 15:37:00,137.8437507945
2020-02-03 15:38:00,137.8730387475
2020-02-03 15:39:00,137.790056214
2020-02-03 15:40:00,137.88817085655
2020-02-03 15:41:00,137.838869469
2020-02-03 15:42:00,137.790056214
2020-02-03 15:43:00,137.8339881435
2020-02-03 15:44:00,137.7754122375
2020-02-03 15:45:00,137.75100561
2020-02-03 15:46:00,137.731480308
2020-02-03 15:47:00,137.71351703016
2020-02-03 15:48:00,137.702192355
2020-02-03 15:49:00,137.663141751
2020-02-03 15:50:00,137.604565845
2020-02-03 15:51:00,137.604565845
2020-02-03 15:52:00,137.5606339155
2020-02-03 15:53:00,137.585040543
2020-02-03 15:54:00,137.55575259
2020-02-03 15:55:00,137.6192098215
2020-02-03 15:56:00,137.702192355
2020-02-03 15:57:00,137.692429704
2020-02-03 15:58:00,137.7363616335
2020-02-03 15:59:00,137.741242959
2020-02-03 16:00:00,137.633853798
2020-02-04 09:31:00,138.92252373
2020-02-04 09:32:00,138.863947824
2020-02-04 09:33:00,138.512492388
2020-02-04 09:34:00,138.5661869685
2020-02-04 09:35:00,138.7907279415
2020-02-04 09:36:00,138.82489722
2020-02-04 09:37:00,138.7907279415
2020-02-04 09:38:00,138.805371918
2020-02-04 09:39:00,138.82489722
2020-02-04 09:40:00,138.678457455
2020-02-04 09:41:00,138.57965942688
2020-02-04 09:42:00,138.551542992
2020-02-04 09:43:00,138.668694804
2020-02-04 09:44:00,138.551542992
2020-02-04 09:45:00,138.492967086
2020-02-04 09:46:00,138.580830945
2020-02-04 09:47:00,138.76846909722
2020-02-04 09:48:00,138.72727071
2020-02-04 09:49:00,138.8883544515
2020-02-04 09:50:00,139.02015024
2020-02-04 09:51:00,138.932286381
2020-02-04 09:52:00,138.883473126
2020-02-04 09:53:00,138.883473126
2020-02-04 09:54:00,138.902998428
2020-02-04 09:55:00,138.9078797535
2020-02-04 09:56:00,138.902998428
2020-02-04 09:57:00,138.961574334
2020-02-04 09:58:00,138.9371677065
2020-02-04 09:59:00,138.92252373
2020-02-04 10:00:00,138.942049032
2020-02-04 10:01:00,139.254453864
2020-02-04 10:02:00,139.2105219345
2020-02-04 10:03:00,139.21540326
2020-02-04 10:04:00,139.127539401
2020-02-04 10:05:00,139.11777675
2020-02-04 10:06:00,139.078726146
2020-02-04 10:07:00,139.0933701225
2020-02-04 10:08:00,139.176352656
2020-02-04 10:09:00,139.147064703
2020-02-04 10:10:00,139.166590005
2020-02-04 10:11:00,138.942049032
2020-02-04 10:12:00,138.942049032
2020-02-04 10:13:00,138.873710475
2020-02-04 10:14:00,138.737033361
2020-02-04 10:15:00,138.6540508275
2020-02-04 10:16:00,138.746796012
2020-02-04 10:17:00,138.6833387805
2020-02-04 10:18:00,138.717508059
2020-02-04 10:19:00,138.766321314
2020-02-04 10:20:00,138.805371918
2020-02-04 10:21:00,138.893235777
2020-02-04 10:22:00,138.893235777
2020-02-04 10:23:00,138.815134569
2020-02-04 10:24:00,138.7838940858
2020-02-04 10:25:00,138.805371918
2020-02-04 10:26:00,138.766321314
2020-02-04 10:27:00,138.785846616
2020-02-04 10:28:00,138.9176424045
2020-02-04 10:29:00,138.932286381
2020-02-04 10:30:00,139.0543195185
2020-02-04 10:31:00,139.02083362557
2020-02-04 10:32:00,138.9762183105
2020-02-04 10:33:00,138.854185173
2020-02-04 10:34:00,138.854185173
2020-02-04 10:35:00,138.834659871
2020-02-04 10:36:00,139.000624938
2020-02-04 10:37:00,139.098251448
2020-02-04 10:38:00,139.166590005
2020-02-04 10:39:00,139.2105219345
2020-02-04 10:40:00,139.195877958
2020-02-04 10:41:00,139.264216515
2020-02-04 10:42:00,139.33763165052
2020-02-04 10:43:00,139.31302977
2020-02-04 10:44:00,139.33030966227
2020-02-04 10:45:00,139.439944233
2020-02-04 10:46:00,139.430181582
2020-02-04 10:47:00,139.439944233
2020-02-04 10:48:00,139.400893629
2020-02-04 10:49:00,139.430181582
2020-02-04 10:50:00,139.50828279
2020-02-04 10:51:00,139.537570743
2020-02-04 10:52:00,139.644959904
2020-02-04 10:53:00,139.70353581
2020-02-04 10:54:00,139.684010508
2020-02-04 10:55:00,139.684010508
2020-02-04 10:56:00,139.742586414
2020-02-04 10:57:00,139.635197253
2020-02-04 10:58:00,139.537570743
2020-02-04 10:59:00,139.488757488
2020-02-04 11:00:00,139.498520139
2020-02-04 11:01:00,139.5912653235
2020-02-04 11:02:00,139.5424520685
2020-02-04 11:03:00,139.50828279
2020-02-04 11:04:00,139.478994837
2020-02-04 11:05:00,139.50828279
2020-02-04 11:06:00,139.55690079198
2020-02-04 11:07:00,139.527808092
2020-02-04 11:08:00,139.557096045
2020-02-04 11:09:00,139.498520139
2020-02-04 11:10:00,139.478994837
2020-02-04 11:11:00,139.654722555
2020-02-04 11:12:00,139.635197253
2020-02-04 11:13:00,139.684010508
2020-02-04 11:14:00,139.67092855566
2020-02-04 11:15:00,139.654722555
2020-02-04 11:16:00,139.654722555
2020-02-04 11:17:00,139.6059093
2020-02-04 11:18:00,139.674247857
2020-02-04 11:19:00,139.723061112
2020-02-04 11:20:00,139.752349065
2020-02-04 11:21:00,139.752349065
2020-02-04 11:22:00,139.713298461
2020-02-04 11:23:00,139.664485206
2020-02-04 11:24:00,139.6059093
2020-02-04 11:25:00,139.527808092
2020-02-04 11:26:00,139.488757488
2020-02-04 11:27:00,139.361843025
2020-02-04 11:28:00,139.45634548668
2020-02-04 11:29:00,139.449706884
2020-02-04 11:30:00,139.478994837
2020-02-04 11:31:00,139.332555072
2020-02-04 11:32:00,139.371605676
2020-02-04 11:33:00,139.41065628
2020-02-04 11:34:00,139.41065628
2020-02-04 11:35:00,139.400893629
2020-02-04 11:36:00,139.4838761625
2020-02-04 11:37:00,139.55953670775
2020-02-04 11:38:00,139.537570743
2020-02-04 11:39:00,139.498520139
2020-02-04 11:40:00,139.5131641155
2020-02-04 11:41:00,139.478994837
2020-02-04 11:42:00,139.644959904
2020-02-04 11:43:00,139.5717400215
2020-02-04 11:44:00,139.537570743
2020-02-04 11:45:00,139.50828279
2020-02-04 11:46:00,139.547333394
2020-02-04 11:47:00,139.644959904
2020-02-04 11:48:00,139.527808092
2020-02-04 11:49:00,139.5834552027
2020-02-04 11:50:00,139.4663033907
2020-02-04 11:51:00,139.361843025
2020-02-04 11:52:00,139.361843025
2020-02-04 11:53:00,139.3471990485
2020-02-04 11:54:00,139.352080374
2020-02-04 11:55:00,139.273979166
2020-02-04 11:56:00,139.2300472365
2020-02-04 11:57:00,139.098251448
2020-02-04 11:58:00,139.186115307
2020-02-04 11:59:00,139.264216515
2020-02-04 12:00:00,139.342317723
2020-02-04 12:01:00,139.430181582
2020-02-04 12:02:00,139.439944233
2020-02-04 12:03:00,139.3862496525
2020-02-04 12:04:00,139.41065628
2020-02-04 12:05:00,139.3764870015
2020-02-04 12:06:00,139.371605676
2020-02-04 12:07:00,139.42295722026
2020-02-04 12:08:00,139.4253002565
2020-02-04 12:09:00,139.342317723
2020-02-04 12:10:00,139.391130978
2020-02-04 12:11:00,139.4741135115
2020-02-04 12:12:00,139.420418931
2020-02-04 12:13:00,139.459469535
2020-02-04 12:14:00,139.41065628
2020-02-04 12:15:00,139.3960123035
2020-02-04 12:16:00,139.400893629
2020-02-04 12:17:00,139.39825771323
2020-02-04 12:18:00,139.371605676
2020-02-04 12:19:00,139.381368327
2020-02-04 12:20:00,139.3179110955
2020-02-04 12:21:00,139.254453864
2020-02-04 12:22:00,139.234928562
2020-02-04 12:23:00,139.293504468
2020-02-04 12:24:00,139.283741817
2020-02-04 12:25:00,139.283741817
2020-02-04 12:26:00,139.205640609
2020-02-04 12:27:00,139.186115307
2020-02-04 12:28:00,139.147064703
2020-02-04 12:29:00,139.0933701225
2020-02-04 12:30:00,139.1519460285
2020-02-04 12:31:00,139.186115307
2020-02-04 12:32:00,139.166590005
2020-02-04 12:33:00,139.1812339815
2020-02-04 12:34:00,139.195877958
2020-02-04 12:35:00,139.156827354
2020-02-04 12:36:00,139.16063478789
2020-02-04 12:37:00,139.195877958
2020-02-04 12:38:00,139.2105219345
2020-02-04 12:39:00,139.2202845855
2020-02-04 12:40:00,139.254453864
2020-02-04 12:41:00,139.303267119
2020-02-04 12:42:00,139.3276737465
2020-02-04 12:43:00,139.3179110955
2020-02-04 12:44:00,139.273979166
2020-02-04 12:45:00,139.293504468
2020-02-04 12:46:00,139.332555072
2020-02-04 12:47:00,139.283741817
2020-02-04 12:48:00,139.27349103345
2020-02-04 12:49:00,139.273979166
2020-02-04 12:50:00,139.2593351895
2020-02-04 12:51:00,139.2700741056
2020-02-04 12:52:00,139.2983857935
2020-02-04 12:53:00,139.303267119
2020-02-04 12:54:00,139.2690978405
2020-02-04 12:55:00,139.342317723
2020-02-04 12:56:00,139.400893629
2020-02-04 12:57:00,139.459469535
2020-02-04 12:58:00,139.52468404368
2020-02-04 12:59:00,139.5229267665
2020-02-04 13:00:00,139.50828279
2020-02-04 13:01:00,139.547333394
2020-02-04 13:02:00,139.596146649
2020-02-04 13:03:00,139.5815026725
2020-02-04 13:04:00,139.654722555
2020-02-04 13:05:00,139.7211085818
2020-02-04 13:06:00,139.693773159
2020-02-04 13:07:00,139.70353581
2020-02-04 13:08:00,139.664485206
2020-02-04 13:09:00,139.674247857
2020-02-04 13:10:00,139.625434602
2020-02-04 13:11:00,139.596146649
2020-02-04 13:12:00,139.6059093
2020-02-04 13:13:00,139.6059093
2020-02-04 13:14:00,139.644959904
2020-02-04 13:15:00,139.566858696
2020-02-04 13:16:00,139.576621347
2020-02-04 13:17:00,139.527808092
2020-02-04 13:18:00,139.527808092
2020-02-04 13:19:00,139.527808092
2020-02-04 13:20:00,139.4545882095
2020-02-04 13:21:00,139.498520139
2020-02-04 13:22:00,139.449706884
2020-02-04 13:23:00,139.459469535
2020-02-04 13:24:00,139.478994837
2020-02-04 13:25:00,139.5434283336
2020-02-04 13:26:00,139.4955913437
2020-02-04 13:27:00,139.478994837
2020-02-04 13:28:00,139.5424520685
2020-02-04 13:29:00,139.547333394
2020-02-04 13:30:00,139.518045441
2020-02-04 13:31:00,139.518045441
2020-02-04 13:32:00,139.498520139
2020-02-04 13:33:00,139.488757488
2020-02-04 13:34:00,139.4545882095
2020-02-04 13:35:00,139.4741135115
2020-02-04 13:36:00,139.498520139
2020-02-04 13:37:00,139.586383998
2020-02-04 13:38:00,139.5844314678
2020-02-04 13:39:00,139.576621347
2020-02-04 13:40:00,139.576621347
2020-02-04 13:41:00,139.6703427966
2020-02-04 13:42:00,139.547333394
2020-02-04 13:43:00,139.60952148087
2020-02-04 13:44:00,139.557096045
2020-02-04 13:45:00,139.586383998
2020-02-04 13:46:00,139.6059093
2020-02-04 13:47:00,139.586383998
2020-02-04 13:48:00,139.6186007463
2020-02-04 13:49:00,139.635197253
2020-02-04 13:50:00,139.6303159275
2020-02-04 13:51:00,139.644959904
2020-02-04 13:52:00,139.576621347
2020-02-04 13:53:00,139.586383998
2020-02-04 13:54:00,139.615671951
2020-02-04 13:55:00,139.537570743
2020-02-04 13:56:00,139.498520139
2020-02-04 13:57:00,139.5131641155
2020-02-04 13:58:00,139.557096045
2020-02-04 13:59:00,139.5444045987
2020-02-04 14:00:00,139.557096045
2020-02-04 14:01:00,139.5326894175
2020-02-04 14:02:00,139.5815026725
2020-02-04 14:03:00,139.5815026725
2020-02-04 14:04:00,139.6010279745
2020-02-04 14:05:00,139.6059093
2020-02-04 14:06:00,139.6059093
2020-02-04 14:07:00,139.6107906255
2020-02-04 14:08:00,139.6303159275
2020-02-04 14:09:00,139.6693665315
2020-02-04 14:10:00,139.684010508
2020-02-04 14:11:00,139.713298461
2020-02-04 14:12:00,139.72315873851
2020-02-04 14:13:00,139.713298461
2020-02-04 14:14:00,139.820687622
2020-02-04 14:15:00,139.840212924
2020-02-04 14:16:00,139.859738226
2020-02-04 14:17:00,139.908551481
2020-02-04 14:18:00,139.879263528
2020-02-04 14:19:00,139.87975166055
2020-02-04 14:20:00,139.820687622
2020-02-04 14:21:00,139.849975575
2020-02-04 14:22:00,139.889026179
2020-02-04 14:23:00,139.908551481
2020-02-04 14:24:00,139.8548569005
2020-02-04 14:25:00,139.9134328065
2020-02-04 14:26:00,139.937839434
2020-02-04 14:27:00,139.928076783
2020-02-04 14:28:00,139.89878883
2020-02-04 14:29:00,139.859738226
2020-02-04 14:30:00,139.8841448535
2020-02-04 14:31:00,139.8743822025
2020-02-04 14:32:00,139.947602085
2020-02-04 14:33:00,139.99641534
2020-02-04 14:34:00,139.9915340145
2020-02-04 14:35:00,139.97405886921
2020-02-04 14:36:00,139.976890038
2020-02-04 14:37:00,139.947602085
2020-02-04 14:38:00,139.879263528
2020-02-04 14:39:00,139.849975575
2020-02-04 14:40:00,139.849975575
2020-02-04 14:41:00,139.8548569005
2020-02-04 14:42:00,139.889026179
2020-02-04 14:43:00,139.859738226
2020-02-04 14:44:00,139.908551481
2020-02-04 14:45:00,139.91597109576
2020-02-04 14:46:00,139.947602085
2020-02-04 14:47:00,139.928076783
2020-02-04 14:48:00,139.9427207595
2020-02-04 14:49:00,139.9915340145
2020-02-04 14:50:00,140.025703293
2020-02-04 14:51:00,139.99641534
2020-02-04 14:52:00,139.9817713635
2020-02-04 14:53:00,139.947602085
2020-02-04 14:54:00,139.947602085
2020-02-04 14:55:00,139.9231954575
2020-02-04 14:56:00,139.918314132
2020-02-04 14:57:00,139.869500877
2020-02-04 14:58:00,139.889026179
2020-02-04 14:59:00,139.928076783
2020-02-04 15:00:00,139.89878883
2020-02-04 15:01:00,139.89878883
2020-02-04 15:02:00,139.976890038
2020-02-04 15:03:00,139.947602085
2020-02-04 15:04:00,139.9134328065
2020-02-04 15:05:00,139.8841448535
2020-02-04 15:06:00,139.9036701555
2020-02-04 15:07:00,139.967127387
2020-02-04 15:08:00,140.0110593165
2020-02-04 15:09:00,140.035465944
2020-02-04 15:10:00,140.0012966655
2020-02-04 15:11:00,140.006177991
2020-02-04 15:12:00,140.103804501
2020-02-04 15:13:00,140.133092454
2020-02-04 15:14:00,140.1672617325
2020-02-04 15:15:00,140.181905709
2020-02-04 15:16:00,140.201431011
2020-02-04 15:17:00,140.152617756
2020-02-04 15:18:00,140.1867870345
2020-02-04 15:19:00,140.260006917
2020-02-04 15:20:00,140.2551255915
2020-02-04 15:21:00,140.269769568
2020-02-04 15:22:00,140.2648882425
2020-02-04 15:23:00,140.28929487
2020-02-04 15:24:00,140.338108125
2020-02-04 15:25:00,140.347870776
2020-02-04 15:26:00,140.328345474
2020-02-04 15:27:00,140.308820172
2020-02-04 15:28:00,140.4210906585
2020-02-04 15:29:00,140.367396078
2020-02-04 15:30:00,140.494310541
2020-02-04 15:31:00,140.523598494
2020-02-04 15:32:00,140.630987655
2020-02-04 15:33:00,140.562649098
2020-02-04 15:34:00,140.435734635
2020-02-04 15:35:00,140.504073192
2020-02-04 15:36:00,140.494310541
2020-02-04 15:37:00,140.523598494
2020-02-04 15:38:00,140.611462353
2020-02-04 15:39:00,140.406446682
2020-02-04 15:40:00,140.4308533095
2020-02-04 15:41:00,140.416209333
2020-02-04 15:42:00,140.416209333
2020-02-04 15:43:00,140.4308533095
2020-02-04 15:44:00,140.425971984
2020-02-04 15:45:00,140.474785239
2020-02-04 15:46:00,140.435734635
2020-02-04 15:47:00,140.4308533095
2020-02-04 15:48:00,140.455259937
2020-02-04 15:49:00,140.38692138
2020-02-04 15:50:00,140.4210906585
2020-02-04 15:51:00,140.465022588
2020-02-04 15:52:00,140.3918027055
2020-02-04 15:53:00,140.357633427
2020-02-04 15:54:00,140.328345474
2020-02-04 15:55:00,140.220956313
2020-02-04 15:56:00,140.123329803
2020-02-04 15:57:00,140.181905709
2020-02-04 15:58:00,139.9817713635
2020-02-04 15:59:00,140.054991246
2020-02-04 16:00:00,140.035465944
2020-02-05 09:31:00,141.431525037
2020-02-05 09:32:00,141.431525037
2020-02-05 09:33:00,141.099594903
2020-02-05 09:34:00,141.7683364965
2020-02-05 09:35:00,141.704879265
2020-02-05 09:36:00,141.861081681
2020-02-05 09:37:00,141.939182889
2020-02-05 09:38:00,142.056334701
2020-02-05 09:39:00,142.12799255934
2020-02-05 09:40:00,142.27843501125
2020-02-05 09:41:00,142.0514533755
2020-02-05 09:42:00,141.8952509595
2020-02-05 09:43:00,141.704879265
2020-02-05 09:44:00,142.212537117
2020-02-05 09:45:00,142.358976882
2020-02-05 09:46:00,142.407790137
2020-02-05 09:47:00,142.29874132533
2020-02-05 09:48:00,142.2076557915
2020-02-05 09:49:00,142.417552788
2020-02-05 09:50:00,142.378502184
2020-02-05 09:51:00,142.349214231
2020-02-05 09:52:00,142.368739533
2020-02-05 09:53:00,142.33945158
2020-02-05 09:54:00,142.41725990847
2020-02-05 09:55:00,142.388264835
2020-02-05 09:56:00,142.427315439
2020-02-05 09:57:00,142.358976882
2020-02-05 09:58:00,142.358976882
2020-02-05 09:59:00,142.3833835095
2020-02-05 10:00:00,142.232062419
2020-02-05 10:01:00,142.4224341135
2020-02-05 10:02:00,142.43707809
2020-02-05 10:03:00,142.349214231
2020-02-05 10:04:00,142.573755204
2020-02-05 10:05:00,142.544467251
2020-02-05 10:06:00,142.5786365295
2020-02-05 10:07:00,142.690907016
2020-02-05 10:08:00,142.690907016
2020-02-05 10:09:00,142.710432318
2020-02-05 10:10:00,142.651856412
2020-02-05 10:11:00,142.485891345
2020-02-05 10:12:00,142.63233111
2020-02-05 10:13:00,142.563992553
2020-02-05 10:14:00,142.495653996
2020-02-05 10:15:00,142.456603392
2020-02-05 10:16:00,142.3345702545
2020-02-05 10:17:00,142.4126714625
2020-02-05 10:18:00,142.466366043
2020-02-05 10:19:00,142.515179298
2020-02-05 10:20:00,142.563992553
2020-02-05 10:21:00,142.6079244825
2020-02-05 10:22:00,142.583517855
2020-02-05 10:23:00,142.456603392
2020-02-05 10:24:00,142.388264835
2020-02-05 10:25:00,142.2955196505
2020-02-05 10:26:00,142.251587721
2020-02-05 10:27:00,142.027046748
2020-02-05 10:28:00,141.978233493
2020-02-05 10:29:00,142.0221654225
2020-02-05 10:30:00,142.114910607
2020-02-05 10:31:00,142.085622654
2020-02-05 10:32:00,142.1393172345
2020-02-05 10:33:00,142.1588425365
2020-02-05 10:34:00,142.212537117
2020-02-05 10:35:00,142.251587721
2020-02-05 10:36:00,142.280875674
2020-02-05 10:37:00,142.24182507
2020-02-05 10:38:00,142.163723862
2020-02-05 10:39:00,142.1295545835
2020-02-05 10:40:00,142.2174184425
2020-02-05 10:41:00,142.222299768
2020-02-05 10:42:00,142.3736208585
2020-02-05 10:43:00,142.417552788
2020-02-05 10:44:00,142.378502184
2020-02-05 10:45:00,142.427315439
2020-02-05 10:46:00,142.485891345
2020-02-05 10:47:00,142.485891345
2020-02-05 10:48:00,142.583517855
2020-02-05 10:49:00,142.622568459
2020-02-05 10:50:00,142.6762630395
2020-02-05 10:51:00,142.7446015965
2020-02-05 10:52:00,142.798296177
2020-02-05 10:53:00,142.749482922
2020-02-05 10:54:00,142.66405972575
2020-02-05 10:55:00,142.671381714
2020-02-05 10:56:00,142.700669667
2020-02-05 10:57:00,142.778770875
2020-02-05 10:58:00,142.847109432
2020-02-05 10:59:00,142.739720271
2020-02-05 11:00:00,142.7641268985
2020-02-05 11:01:00,142.700669667
2020-02-05 11:02:00,142.778770875
2020-02-05 11:03:00,142.7641268985
2020-02-05 11:04:00,142.7446015965
2020-02-05 11:05:00,142.72995762
2020-02-05 11:06:00,142.739720271
2020-02-05 11:07:00,142.720194969
2020-02-05 11:08:00,142.710432318
2020-02-05 11:09:00,142.769008224
2020-02-05 11:10:00,142.7153136435
2020-02-05 11:11:00,142.749482922
2020-02-05 11:12:00,142.778770875
2020-02-05 11:13:00,142.76168623575
2020-02-05 11:14:00,142.71999971598
2020-02-05 11:15:00,142.72995762
2020-02-05 11:16:00,142.739720271
2020-02-05 11:17:00,142.7446015965
2020-02-05 11:18:00,142.6860256905
2020-02-05 11:19:00,142.7153136435
2020-02-05 11:20:00,142.69793612472
2020-02-05 11:21:00,142.76061234414
2020-02-05 11:22:00,142.8812787105
2020-02-05 11:23:00,142.944735942
2020-02-05 11:24:00,142.9105666635
2020-02-05 11:25:00,142.944735942
2020-02-05 11:26:00,142.876397385
2020-02-05 11:27:00,142.92521064
2020-02-05 11:28:00,142.876397385
2020-02-05 11:29:00,142.92521064
2020-02-05 11:30:00,142.964261244
2020-02-05 11:31:00,142.9496172675
2020-02-05 11:32:00,142.934973291
2020-02-05 11:33:00,143.02283715
2020-02-05 11:34:00,143.003311848
2020-02-05 11:35:00,142.993549197
2020-02-05 11:36:00,142.96191820776
2020-02-05 11:37:00,142.944735942
2020-02-05 11:38:00,142.974023895
2020-02-05 11:39:00,142.9203293145
2020-02-05 11:40:00,142.876397385
2020-02-05 11:41:00,142.798296177
2020-02-05 11:42:00,142.778770875
2020-02-05 11:43:00,142.808058828
2020-02-05 11:44:00,142.739720271
2020-02-05 11:45:00,142.769008224
2020-02-05 11:46:00,142.7641268985
2020-02-05 11:47:00,142.7641268985
2020-02-05 11:48:00,142.847109432
2020-02-05 11:49:00,142.905685338
2020-02-05 11:50:00,142.876397385
2020-02-05 11:51:00,142.92755367624
2020-02-05 11:52:00,142.93292313429
2020-02-05 11:53:00,142.944735942
2020-02-05 11:54:00,142.993549197
2020-02-05 11:55:00,142.993549197
2020-02-05 11:56:00,143.100938358
2020-02-05 11:57:00,143.0706741399
2020-02-05 11:58:00,143.12046366
2020-02-05 11:59:00,143.061887754
2020-02-05 12:00:00,143.0765317305
2020-02-05 12:01:00,143.1253449855
2020-02-05 12:02:00,143.110701009
2020-02-05 12:03:00,143.1351076365
2020-02-05 12:04:00,143.139988962
2020-02-05 12:05:00,143.1253449855
2020-02-05 12:06:00,143.18177310828
2020-02-05 12:07:00,143.130226311
2020-02-05 12:08:00,143.1448702875
2020-02-05 12:09:00,143.1448702875
2020-02-05 12:10:00,143.179039566
2020-02-05 12:11:00,143.179039566
2020-02-05 12:12:00,143.149751613
2020-02-05 12:13:00,143.1839208915
2020-02-05 12:14:00,143.21809017
2020-02-05 12:15:00,143.188802217
2020-02-05 12:16:00,143.276666076
2020-02-05 12:17:00,143.266903425
2020-02-05 12:18:00,143.139988962
2020-02-05 12:19:00,143.110701009
2020-02-05 12:20:00,143.100938358
2020-02-05 12:21:00,143.032599801
2020-02-05 12:22:00,142.964261244
2020-02-05 12:23:00,142.944735942
2020-02-05 12:24:00,142.93477803798
2020-02-05 12:25:00,142.944735942
2020-02-05 12:26:00,142.974023895
2020-02-05 12:27:00,142.9789052205
2020-02-05 12:28:00,142.983786546
2020-02-05 12:29:00,142.9886678715
2020-02-05 12:30:00,143.02283715
2020-02-05 12:31:00,143.003311848
2020-02-05 12:32:00,143.042362452
2020-02-05 12:33:00,142.964261244
2020-02-05 12:34:00,143.061887754
2020-02-05 12:35:00,143.0765317305
2020-02-05 12:36:00,143.01746769195
2020-02-05 12:37:00,142.974023895
2020-02-05 12:38:00,142.983786546
2020-02-05 12:39:00,142.9984305225
2020-02-05 12:40:00,143.02283715
2020-02-05 12:41:00,143.071650405
2020-02-05 12:42:00,143.032599801
2020-02-05 12:43:00,143.061887754
2020-02-05 12:44:00,143.061887754
2020-02-05 12:45:00,143.032599801
2020-02-05 12:46:00,143.032599801
2020-02-05 12:47:00,142.993549197
2020-02-05 12:48:00,143.032599801
2020-02-05 12:49:00,143.0277184755
2020-02-05 12:50:00,143.0374811265
2020-02-05 12:51:00,143.071650405
2020-02-05 12:52:00,143.100938358
2020-02-05 12:53:00,143.061887754
2020-02-05 12:54:00,143.042362452
2020-02-05 12:55:00,143.013074499
2020-02-05 12:56:00,142.94258815878
2020-02-05 12:57:00,142.92521064
2020-02-05 12:58:00,142.886160036
2020-02-05 12:59:00,142.817821479
2020-02-05 13:00:00,142.847109432
2020-02-05 13:01:00,142.876397385
2020-02-05 13:02:00,142.87395672225
2020-02-05 13:03:00,142.866634734
2020-02-05 13:04:00,142.847109432
2020-02-05 13:05:00,142.9008040125
2020-02-05 13:06:00,142.9300919655
2020-02-05 13:07:00,142.915447989
2020-02-05 13:08:00,142.9203293145
2020-02-05 13:09:00,142.895922687
2020-02-05 13:10:00,142.895922687
2020-02-05 13:11:00,142.856872083
2020-02-05 13:12:00,142.847109432
2020-02-05 13:13:00,142.847109432
2020-02-05 13:14:00,142.876397385
2020-02-05 13:15:00,142.905685338
2020-02-05 13:16:00,142.87649501151
2020-02-05 13:17:00,142.8422281065
2020-02-05 13:18:00,142.788533526
2020-02-05 13:19:00,142.798296177
2020-02-05 13:20:00,142.788533526
2020-02-05 13:21:00,142.808058828
2020-02-05 13:22:00,142.808058828
2020-02-05 13:23:00,142.7836522005
2020-02-05 13:24:00,142.798296177
2020-02-05 13:25:00,142.788533526
2020-02-05 13:26:00,142.82758413
2020-02-05 13:27:00,143.003311848
2020-02-05 13:28:00,143.032599801
2020-02-05 13:29:00,143.042362452
2020-02-05 13:30:00,143.02283715
2020-02-05 13:31:00,143.071650405
2020-02-05 13:32:00,143.139988962
2020-02-05 13:33:00,143.149751613
2020-02-05 13:34:00,143.179039566
2020-02-05 13:35:00,143.12046366
2020-02-05 13:36:00,143.198564868
2020-02-05 13:37:00,143.1741582405
2020-02-05 13:38:00,143.12046366
2020-02-05 13:39:00,143.061887754
2020-02-05 13:40:00,143.091175707
2020-02-05 13:41:00,143.159514264
2020-02-05 13:42:00,143.1546329385
2020-02-05 13:43:00,143.188802217
2020-02-05 13:44:00,143.169276915
2020-02-05 13:45:00,143.159514264
2020-02-05 13:46:00,143.198564868
2020-02-05 13:47:00,143.149751613
2020-02-05 13:48:00,143.198564868
2020-02-05 13:49:00,143.20100553075
2020-02-05 13:50:00,143.149751613
2020-02-05 13:51:00,143.2327341465
2020-02-05 13:52:00,143.2229714955
2020-02-05 13:53:00,143.2327341465
2020-02-05 13:54:00,143.247378123
2020-02-05 13:55:00,143.266903425
2020-02-05 13:56:00,143.296191378
2020-02-05 13:57:00,143.31571668
2020-02-05 13:58:00,143.335241982
2020-02-05 13:59:00,143.31571668
2020-02-05 14:00:00,143.305954029
2020-02-05 14:01:00,143.3401233075
2020-02-05 14:02:00,143.31571668
2020-02-05 14:03:00,143.3205980055
2020-02-05 14:04:00,143.31571668
2020-02-05 14:05:00,143.27627556996
2020-02-05 14:06:00,143.266903425
2020-02-05 14:07:00,143.266903425
2020-02-05 14:08:00,143.237615472
2020-02-05 14:09:00,143.257140774
2020-02-05 14:10:00,143.296191378
2020-02-05 14:11:00,143.31571668
2020-02-05 14:12:00,143.31571668
2020-02-05 14:13:00,143.3108353545
2020-02-05 14:14:00,143.335241982
2020-02-05 14:15:00,143.3401233075
2020-02-05 14:16:00,143.393817888
2020-02-05 14:17:00,143.423105841
2020-02-05 14:18:00,143.462156445
2020-02-05 14:19:00,143.559782955
2020-02-05 14:20:00,143.598833559
2020-02-05 14:21:00,143.540257653
2020-02-05 14:22:00,143.598833559
2020-02-05 14:23:00,143.637884163
2020-02-05 14:24:00,143.618358861
2020-02-05 14:25:00,143.618358861
2020-02-05 14:26:00,143.657409465
2020-02-05 14:27:00,143.657409465
2020-02-05 14:28:00,143.6915787435
2020-02-05 14:29:00,143.618358861
2020-02-05 14:30:00,143.657409465
2020-02-05 14:31:00,143.618358861
2020-02-05 14:32:00,143.579308257
2020-02-05 14:33:00,143.5451389785
2020-02-05 14:34:00,143.452393794
2020-02-05 14:35:00,143.51370324228
2020-02-05 14:36:00,143.540257653
2020-02-05 14:37:00,143.520732351
2020-02-05 14:38:00,143.4865630725
2020-02-05 14:39:00,143.5060883745
2020-02-05 14:40:00,143.501207049
2020-02-05 14:41:00,143.530495002
2020-02-05 14:42:00,143.5109697
2020-02-05 14:43:00,143.5109697
2020-02-05 14:44:00,143.520732351
2020-02-05 14:45:00,143.501207049
2020-02-05 14:46:00,143.4865630725
2020-02-05 14:47:00,143.481681747
2020-02-05 14:48:00,143.41334319
2020-02-05 14:49:00,143.41334319
2020-02-05 14:50:00,143.41334319
2020-02-05 14:51:00,143.520732351
2020-02-05 14:52:00,143.550020304
2020-02-05 14:53:00,143.579308257
2020-02-05 14:54:00,143.6037148845
2020-02-05 14:55:00,143.598833559
2020-02-05 14:56:00,143.569545606
2020-02-05 14:57:00,143.55246096675
2020-02-05 14:58:00,143.569545606
2020-02-05 14:59:00,143.628121512
2020-02-05 15:00:00,143.5841895825
2020-02-05 15:01:00,143.5451389785
2020-02-05 15:02:00,143.657409465
2020-02-05 15:03:00,143.6330028375
2020-02-05 15:04:00,143.579308257
2020-02-05 15:05:00,143.60859621
2020-02-05 15:06:00,143.598833559
2020-02-05 15:07:00,143.579308257
2020-02-05 15:08:00,143.598833559
2020-02-05 15:09:00,143.550020304
2020-02-05 15:10:00,143.5549016295
2020-02-05 15:11:00,143.530495002
2020-02-05 15:12:00,143.5109697
2020-02-05 15:13:00,143.501207049
2020-02-05 15:14:00,143.46459710775
2020-02-05 15:15:00,143.491444398
2020-02-05 15:16:00,143.491444398
2020-02-05 15:17:00,143.540257653
2020-02-05 15:18:00,143.589070908
2020-02-05 15:19:00,143.5939522335
2020-02-05 15:20:00,143.62636423482
2020-02-05 15:21:00,143.60859621
2020-02-05 15:22:00,143.618358861
2020-02-05 15:23:00,143.637884163
2020-02-05 15:24:00,143.6330028375
2020-02-05 15:25:00,143.60859621
2020-02-05 15:26:00,143.589070908
2020-02-05 15:27:00,143.63925093414
2020-02-05 15:28:00,143.647646814
2020-02-05 15:29:00,143.5939522335
2020-02-05 15:30:00,143.4963257235
2020-02-05 15:31:00,143.501207049
2020-02-05 15:32:00,143.4279871665
2020-02-05 15:33:00,143.471919096
2020-02-05 15:34:00,143.530495002
2020-02-05 15:35:00,143.5060883745
2020-02-05 15:36:00,143.442631143
2020-02-05 15:37:00,143.530495002
2020-02-05 15:38:00,143.5451389785
2020-02-05 15:39:00,143.5109697
2020-02-05 15:40:00,143.4865630725
2020-02-05 15:41:00,143.5549016295
2020-02-05 15:42:00,143.6232401865
2020-02-05 15:43:00,143.5841895825
2020-02-05 15:44:00,143.589070908
2020-02-05 15:45:00,143.598833559
2020-02-05 15:46:00,143.559782955
2020-02-05 15:47:00,143.589070908
2020-02-05 15:48:00,143.530495002
2020-02-05 15:49:00,143.530495002
2020-02-05 15:50:00,143.540257653
2020-02-05 15:51:00,143.5841895825
2020-02-05 15:52:00,143.6330028375
2020-02-05 15:53:00,143.6134775355
2020-02-05 15:54:00,143.647646814
2020-02-05 15:55:00,143.7013413945
2020-02-05 15:56:00,143.774561277
2020-02-05 15:57:00,143.725748022
2020-02-05 15:58:00,143.7111040455
2020-02-05 15:59:00,143.715985371
2020-02-05 16:00:00,143.852662485
2020-02-06 09:31:00,144.067440807
2020-02-06 09:32:00,144.077203458
2020-02-06 09:33:00,143.755035975
2020-02-06 09:34:00,143.5578304248
2020-02-06 09:35:00,143.70622272
2020-02-06 09:36:00,143.852662485
2020-02-06 09:37:00,143.6232401865
2020-02-06 09:38:00,143.520732351
2020-02-06 09:39:00,143.569545606
2020-02-06 09:40:00,143.589070908
2020-02-06 09:41:00,143.3899128276
2020-02-06 09:42:00,143.462156445
2020-02-06 09:43:00,143.745273324
2020-02-06 09:44:00,143.7599173005
2020-02-06 09:45:00,143.862425136
2020-02-06 09:46:00,144.077203458
2020-02-06 09:47:00,144.057678156
2020-02-06 09:48:00,144.057678156
2020-02-06 09:49:00,144.008864901
2020-02-06 09:50:00,143.911238391
2020-02-06 09:51:00,143.9356450185
2020-02-06 09:52:00,143.794086579
2020-02-06 09:53:00,143.755035975
2020-02-06 09:54:00,143.784323928
2020-02-06 09:55:00,143.667172116
2020-02-06 09:56:00,143.569545606
2020-02-06 09:57:00,143.5841895825
2020-02-06 09:58:00,143.54767726776
2020-02-06 09:59:00,143.628121512
2020-02-06 10:00:00,143.842899834
2020-02-06 10:01:00,143.559782955
2020-02-06 10:02:00,143.579308257
2020-02-06 10:03:00,143.589070908
2020-02-06 10:04:00,143.589070908
2020-02-06 10:05:00,143.7013413945
2020-02-06 10:06:00,143.881950438
2020-02-06 10:07:00,143.960051646
2020-02-06 10:08:00,143.960051646
2020-02-06 10:09:00,144.057678156
2020-02-06 10:10:00,144.165067317
2020-02-06 10:11:00,144.038152854
2020-02-06 10:12:00,144.213880572
2020-02-06 10:13:00,144.1699486425
2020-02-06 10:14:00,144.145542015
2020-02-06 10:15:00,144.145542015
2020-02-06 10:16:00,144.116254062
2020-02-06 10:17:00,144.0137462265
2020-02-06 10:18:00,143.940526344
2020-02-06 10:19:00,143.979576948
2020-02-06 10:20:00,144.028390203
2020-02-06 10:21:00,143.9844582735
2020-02-06 10:22:00,143.9161197165
2020-02-06 10:23:00,143.9356450185
2020-02-06 10:24:00,143.813611881
2020-02-06 10:25:00,143.891713089
2020-02-06 10:26:00,143.8868317635
2020-02-06 10:27:00,143.930763693
2020-02-06 10:28:00,143.9844582735
2020-02-06 10:29:00,143.862425136
2020-02-06 10:30:00,143.90147574
2020-02-06 10:31:00,143.891713089
2020-02-06 10:32:00,143.872187787
2020-02-06 10:33:00,143.813611881
2020-02-06 10:34:00,143.755035975
2020-02-06 10:35:00,143.764798626
2020-02-06 10:36:00,143.725748022
2020-02-06 10:37:00,143.72701716663
2020-02-06 10:38:00,143.6525281395
2020-02-06 10:39:00,143.589070908
2020-02-06 10:40:00,143.686697418
2020-02-06 10:41:00,143.745273324
2020-02-06 10:42:00,143.891713089
2020-02-06 10:43:00,143.83684699038
2020-02-06 10:44:00,143.842899834
2020-02-06 10:45:00,143.833137183
2020-02-06 10:46:00,143.891713089
2020-02-06 10:47:00,143.940526344
2020-02-06 10:48:00,143.940526344
2020-02-06 10:49:00,143.8868317635
2020-02-06 10:50:00,143.813611881
2020-02-06 10:51:00,143.7696799515
2020-02-06 10:52:00,143.745273324
2020-02-06 10:53:00,143.69050485189
2020-02-06 10:54:00,143.637884163
2020-02-06 10:55:00,143.6134775355
2020-02-06 10:56:00,143.647646814
2020-02-06 10:57:00,143.667172116
2020-02-06 10:58:00,143.696460069
2020-02-06 10:59:00,143.755035975
2020-02-06 11:00:00,143.6915787435
2020-02-06 11:01:00,143.676934767
2020-02-06 11:02:00,143.618358861
2020-02-06 11:03:00,143.6525281395
2020-02-06 11:04:00,143.7013413945
2020-02-06 11:05:00,143.774561277
2020-02-06 11:06:00,143.794086579
2020-02-06 11:07:00,143.774561277
2020-02-06 11:08:00,143.7208666965
2020-02-06 11:09:00,143.676934767
2020-02-06 11:10:00,143.65877623614
2020-02-06 11:11:00,143.794086579
2020-02-06 11:12:00,143.9063570655
2020-02-06 11:13:00,143.90147574
2020-02-06 11:14:00,143.911238391
2020-02-06 11:15:00,143.921001042
2020-02-06 11:16:00,143.90147574
2020-02-06 11:17:00,143.90860247523
2020-02-06 11:18:00,143.891713089
2020-02-06 11:19:00,143.90147574
2020-02-06 11:20:00,143.989339599
2020-02-06 11:21:00,143.950288995
2020-02-06 11:22:00,143.950288995
2020-02-06 11:23:00,144.0332715285
2020-02-06 11:24:00,144.057678156
2020-02-06 11:25:00,144.126016713
2020-02-06 11:26:00,144.1250404479
2020-02-06 11:27:00,144.116254062
2020-02-06 11:28:00,144.086966109
2020-02-06 11:29:00,144.057678156
2020-02-06 11:30:00,144.086966109
2020-02-06 11:31:00,144.047915505
2020-02-06 11:32:00,143.979576948
2020-02-06 11:33:00,143.99910225
2020-02-06 11:34:00,144.038152854
2020-02-06 11:35:00,144.1308980385
2020-02-06 11:36:00,144.126016713
2020-02-06 11:37:00,144.145542015
2020-02-06 11:38:00,144.19435527
2020-02-06 11:39:00,144.213880572
2020-02-06 11:40:00,144.223643223
2020-02-06 11:41:00,144.243168525
2020-02-06 11:42:00,144.243168525
2020-02-06 11:43:00,144.145542015
2020-02-06 11:44:00,144.09672876
2020-02-06 11:45:00,144.077203458
2020-02-06 11:46:00,144.1074676761
2020-02-06 11:47:00,144.116254062
2020-02-06 11:48:00,144.204117921
2020-02-06 11:49:00,144.233405874
2020-02-06 11:50:00,144.2089992465
2020-02-06 11:51:00,144.252931176
2020-02-06 11:52:00,144.213880572
2020-02-06 11:53:00,144.116254062
2020-02-06 11:54:00,144.077203458
2020-02-06 11:55:00,144.077203458
2020-02-06 11:56:00,144.09672876
2020-02-06 11:57:00,144.126016713
2020-02-06 11:58:00,144.086966109
2020-02-06 11:59:00,143.989339599
2020-02-06 12:00:00,143.940526344
2020-02-06 12:01:00,143.842899834
2020-02-06 12:02:00,143.862425136
2020-02-06 12:03:00,143.930763693
2020-02-06 12:04:00,143.9258823675
2020-02-06 12:05:00,143.921001042
2020-02-06 12:06:00,143.90147574
2020-02-06 12:07:00,143.88849141417
2020-02-06 12:08:00,143.90147574
2020-02-06 12:09:00,143.911238391
2020-02-06 12:10:00,143.891713089
2020-02-06 12:11:00,143.833137183
2020-02-06 12:12:00,143.833137183
2020-02-06 12:13:00,143.745273324
2020-02-06 12:14:00,143.686697418
2020-02-06 12:15:00,143.618358861
2020-02-06 12:16:00,143.6622907905
2020-02-06 12:17:00,143.667172116
2020-02-06 12:18:00,143.676934767
2020-02-06 12:19:00,143.696460069
2020-02-06 12:20:00,143.735510673
2020-02-06 12:21:00,143.735510673
2020-02-06 12:22:00,143.715985371
2020-02-06 12:23:00,143.7286768173
2020-02-06 12:24:00,143.71276369617
2020-02-06 12:25:00,143.735510673
2020-02-06 12:26:00,143.764798626
2020-02-06 12:27:00,143.686697418
2020-02-06 12:28:00,143.696460069
2020-02-06 12:29:00,143.70622272
2020-02-06 12:30:00,143.774561277
2020-02-06 12:31:00,143.725748022
2020-02-06 12:32:00,143.628121512
2020-02-06 12:33:00,143.589070908
2020-02-06 12:34:00,143.598833559
2020-02-06 12:35:00,143.60859621
2020-02-06 12:36:00,143.6134775355
2020-02-06 12:37:00,143.589070908
2020-02-06 12:38:00,143.6232401865
2020-02-06 12:39:00,143.589070908
2020-02-06 12:40:00,143.530495002
2020-02-06 12:41:00,143.569545606
2020-02-06 12:42:00,143.60859621
2020-02-06 12:43:00,143.667172116
2020-02-06 12:44:00,143.6720534415
2020-02-06 12:45:00,143.657409465
2020-02-06 12:46:00,143.667172116
2020-02-06 12:47:00,143.637884163
2020-02-06 12:48:00,143.6330028375
2020-02-06 12:49:00,143.647646814
2020-02-06 12:50:00,143.667172116
2020-02-06 12:51:00,143.598833559
2020-02-06 12:52:00,143.598833559
2020-02-06 12:53:00,143.60859621
2020-02-06 12:54:00,143.63085505428
2020-02-06 12:55:00,143.637884163
2020-02-06 12:56:00,143.60859621
2020-02-06 12:57:00,143.569545606
2020-02-06 12:58:00,143.598833559
2020-02-06 12:59:00,143.559782955
2020-02-06 13:00:00,143.559782955
2020-02-06 13:01:00,143.559782955
2020-02-06 13:02:00,143.637884163
2020-02-06 13:03:00,143.657409465
2020-02-06 13:04:00,143.598833559
2020-02-06 13:05:00,143.60859621
2020-02-06 13:06:00,143.657409465
2020-02-06 13:07:00,143.647646814
2020-02-06 13:08:00,143.628121512
2020-02-06 13:09:00,143.5900471731
2020-02-06 13:10:00,143.6427654885
2020-02-06 13:11:00,143.559782955
2020-02-06 13:12:00,143.559782955
2020-02-06 13:13:00,143.559782955
2020-02-06 13:14:00,143.5060883745
2020-02-06 13:15:00,143.5256136765
2020-02-06 13:16:00,143.5256136765
2020-02-06 13:17:00,143.481681747
2020-02-06 13:18:00,143.530495002
2020-02-06 13:19:00,143.569545606
2020-02-06 13:20:00,143.491444398
2020-02-06 13:21:00,143.481681747
2020-02-06 13:22:00,143.384055237
2020-02-06 13:23:00,143.423105841
2020-02-06 13:24:00,143.423105841
2020-02-06 13:25:00,143.4475124685
2020-02-06 13:26:00,143.4572751195
2020-02-06 13:27:00,143.442631143
2020-02-06 13:28:00,143.4963257235
2020-02-06 13:29:00,143.501207049
2020-02-06 13:30:00,143.501207049
2020-02-06 13:31:00,143.540257653
2020-02-06 13:32:00,143.48773459062
2020-02-06 13:33:00,143.5744269315
2020-02-06 13:34:00,143.520732351
2020-02-06 13:35:00,143.501207049
2020-02-06 13:36:00,143.520732351
2020-02-06 13:37:00,143.530495002
2020-02-06 13:38:00,143.423105841
2020-02-06 13:39:00,143.442631143
2020-02-06 13:40:00,143.423105841
2020-02-06 13:41:00,143.374292586
2020-02-06 13:42:00,143.335241982
2020-02-06 13:43:00,143.364529935
2020-02-06 13:44:00,143.41334319
2020-02-06 13:45:00,143.354767284
2020-02-06 13:46:00,143.354767284
2020-02-06 13:47:00,143.41334319
2020-02-06 13:48:00,143.442631143
2020-02-06 13:49:00,143.4768004215
2020-02-06 13:50:00,143.423105841
2020-02-06 13:51:00,143.501207049
2020-02-06 13:52:00,143.5353763275
2020-02-06 13:53:00,143.530495002
2020-02-06 13:54:00,143.520732351
2020-02-06 13:55:00,143.569545606
2020-02-06 13:56:00,143.530495002
2020-02-06 13:57:00,143.540257653
2020-02-06 13:58:00,143.530495002
2020-02-06 13:59:00,143.530495002
2020-02-06 14:00:00,143.550020304
2020-02-06 14:01:00,143.550020304
2020-02-06 14:02:00,143.589070908
2020-02-06 14:03:00,143.6330028375
2020-02-06 14:04:00,143.647646814
2020-02-06 14:05:00,143.725748022
2020-02-06 14:06:00,143.80384923
2020-02-06 14:07:00,143.8868317635
2020-02-06 14:08:00,143.90147574
2020-02-06 14:09:00,143.989339599
2020-02-06 14:10:00,144.047915505
2020-02-06 14:11:00,143.99910225
2020-02-06 14:12:00,143.969814297
2020-02-06 14:13:00,143.99910225
2020-02-06 14:14:00,144.028390203
2020-02-06 14:15:00,144.047915505
2020-02-06 14:16:00,144.077203458
2020-02-06 14:17:00,144.077203458
2020-02-06 14:18:00,143.989339599
2020-02-06 14:19:00,143.989339599
2020-02-06 14:20:00,143.921001042
2020-02-06 14:21:00,143.911238391
2020-02-06 14:22:00,143.891713089
2020-02-06 14:23:00,143.921001042
2020-02-06 14:24:00,143.921001042
2020-02-06 14:25:00,143.833137183
2020-02-06 14:26:00,143.764798626
2020-02-06 14:27:00,143.755035975
2020-02-06 14:28:00,143.7599173005
2020-02-06 14:29:00,143.725748022
2020-02-06 14:30:00,143.755035975
2020-02-06 14:31:00,143.784323928
2020-02-06 14:32:00,143.784323928
2020-02-06 14:33:00,143.735510673
2020-02-06 14:34:00,143.686697418
2020-02-06 14:35:00,143.715985371
2020-02-06 14:36:00,143.6622907905
2020-02-06 14:37:00,143.657409465
2020-02-06 14:38:00,143.696460069
2020-02-06 14:39:00,143.686697418
2020-02-06 14:40:00,143.676934767
2020-02-06 14:41:00,143.667172116
2020-02-06 14:42:00,143.6427654885
2020-02-06 14:43:00,143.647646814
2020-02-06 14:44:00,143.559782955
2020-02-06 14:45:00,143.5060883745
2020-02-06 14:46:00,143.520732351
2020-02-06 14:47:00,143.540257653
2020-02-06 14:48:00,143.530495002
2020-02-06 14:49:00,143.5939522335
2020-02-06 14:50:00,143.559782955
2020-02-06 14:51:00,143.550020304
2020-02-06 14:52:00,143.569545606
2020-02-06 14:53:00,143.60303149893
2020-02-06 14:54:00,143.579308257
2020-02-06 14:55:00,143.5744269315
2020-02-06 14:56:00,143.579308257
2020-02-06 14:57:00,143.579308257
2020-02-06 14:58:00,143.569545606
2020-02-06 14:59:00,143.530495002
2020-02-06 15:00:00,143.5109697
2020-02-06 15:01:00,143.55831855735
2020-02-06 15:02:00,143.647646814
2020-02-06 15:03:00,143.618358861
2020-02-06 15:04:00,143.598833559
2020-02-06 15:05:00,143.618358861
2020-02-06 15:06:00,143.6330028375
2020-02-06 15:07:00,143.637884163
2020-02-06 15:08:00,143.6720534415
2020-02-06 15:09:00,143.69138349048
2020-02-06 15:10:00,143.70622272
2020-02-06 15:11:00,143.637884163
2020-02-06 15:12:00,143.637884163
2020-02-06 15:13:00,143.657409465
2020-02-06 15:14:00,143.60859621
2020-02-06 15:15:00,143.6427654885
2020-02-06 15:16:00,143.598833559
2020-02-06 15:17:00,143.60859621
2020-02-06 15:18:00,143.618358861
2020-02-06 15:19:00,143.5744269315
2020-02-06 15:20:00,143.5646642805
2020-02-06 15:21:00,143.520732351
2020-02-06 15:22:00,143.501207049
2020-02-06 15:23:00,143.520732351
2020-02-06 15:24:00,143.540257653
2020-02-06 15:25:00,143.540257653
2020-02-06 15:26:00,143.530495002
2020-02-06 15:27:00,143.559782955
2020-02-06 15:28:00,143.56114972614
2020-02-06 15:29:00,143.53625496609
2020-02-06 15:30:00,143.5353763275
2020-02-06 15:31:00,143.4855868074
2020-02-06 15:32:00,143.569545606
2020-02-06 15:33:00,143.6427654885
2020-02-06 15:34:00,143.657409465
2020-02-06 15:35:00,143.637884163
2020-02-06 15:36:00,143.6427654885
2020-02-06 15:37:00,143.579308257
2020-02-06 15:38:00,143.6330028375
2020-02-06 15:39:00,143.647646814
2020-02-06 15:40:00,143.647646814
2020-02-06 15:41:00,143.667172116
2020-02-06 15:42:00,143.715985371
2020-02-06 15:43:00,143.725748022
2020-02-06 15:44:00,143.70622272
2020-02-06 15:45:00,143.686697418
2020-02-06 15:46:00,143.715985371
2020-02-06 15:47:00,143.676934767
2020-02-06 15:48:00,143.637884163
2020-02-06 15:49:00,143.60859621
2020-02-06 15:50:00,143.647646814
2020-02-06 15:51:00,143.5646642805
2020-02-06 15:52:00,143.530495002
2020-02-06 15:53:00,143.5646642805
2020-02-06 15:54:00,143.6037148845
2020-02-06 15:55:00,143.6818160925
2020-02-06 15:56:00,143.7111040455
2020-02-06 15:57:00,143.6818160925
2020-02-06 15:58:00,143.6818160925
2020-02-06 15:59:00,143.696460069
2020-02-06 16:00:00,143.764798626
2020-02-07 09:31:00,144.057678156
2020-02-07 09:32:00,143.1155823345
2020-02-07 09:33:00,143.198564868
2020-02-07 09:34:00,142.9984305225
2020-02-07 09:35:00,142.905685338
2020-02-07 09:36:00,143.0443149822
2020-02-07 09:37:00,143.237615472
2020-02-07 09:38:00,143.237615472
2020-02-07 09:39:00,143.41441708161
2020-02-07 09:40:00,143.100938358
2020-02-07 09:41:00,143.02713271644
2020-02-07 09:42:00,143.2620220995
2020-02-07 09:43:00,143.149751613
2020-02-07 09:44:00,143.345004633
2020-02-07 09:45:00,143.423105841
2020-02-07 09:46:00,143.423105841
2020-02-07 09:47:00,143.3596486095
2020-02-07 09:48:00,143.481681747
2020-02-07 09:49:00,143.481681747
2020-02-07 09:50:00,143.481681747
2020-02-07 09:51:00,143.462156445
2020-02-07 09:52:00,143.423105841
2020-02-07 09:53:00,143.423105841
2020-02-07 09:54:00,143.481681747
2020-02-07 09:55:00,143.423105841
2020-02-07 09:56:00,143.2132088445
2020-02-07 09:57:00,143.1458465526
2020-02-07 09:58:00,143.081413056
2020-02-07 09:59:00,143.130226311
2020-02-07 10:00:00,143.013074499
2020-02-07 10:01:00,143.071650405
2020-02-07 10:02:00,142.964261244
2020-02-07 10:03:00,142.82758413
2020-02-07 10:04:00,142.9203293145
2020-02-07 10:05:00,142.92521064
2020-02-07 10:06:00,142.934973291
2020-02-07 10:07:00,143.02283715
2020-02-07 10:08:00,143.013074499
2020-02-07 10:09:00,143.081413056
2020-02-07 10:10:00,143.052125103
2020-02-07 10:11:00,143.04587700636
2020-02-07 10:12:00,143.081413056
2020-02-07 10:13:00,143.081413056
2020-02-07 10:14:00,143.0765317305
2020-02-07 10:15:00,143.081413056
2020-02-07 10:16:00,143.042362452
2020-02-07 10:17:00,143.052125103
2020-02-07 10:18:00,143.042362452
2020-02-07 10:19:00,143.100938358
2020-02-07 10:20:00,143.100938358
2020-02-07 10:21:00,143.139988962
2020-02-07 10:22:00,143.179039566
2020-02-07 10:23:00,143.130226311
2020-02-07 10:24:00,143.139988962
2020-02-07 10:25:00,143.139988962
2020-02-07 10:26:00,143.139988962
2020-02-07 10:27:00,143.139988962
2020-02-07 10:28:00,143.130226311
2020-02-07 10:29:00,143.159514264
2020-02-07 10:30:00,143.130226311
2020-02-07 10:31:00,143.071650405
2020-02-07 10:32:00,143.149751613
2020-02-07 10:33:00,143.12046366
2020-02-07 10:34:00,143.091175707
2020-02-07 10:35:00,143.032599801
2020-02-07 10:36:00,143.032599801
2020-02-07 10:37:00,143.071650405
2020-02-07 10:38:00,143.081413056
2020-02-07 10:39:00,143.100938358
2020-02-07 10:40:00,143.0472437775
2020-02-07 10:41:00,143.042362452
2020-02-07 10:42:00,143.032599801
2020-02-07 10:43:00,143.052125103
2020-02-07 10:44:00,143.0667690795
2020-02-07 10:45:00,143.110701009
2020-02-07 10:46:00,143.110701009
2020-02-07 10:47:00,143.110701009
2020-02-07 10:48:00,143.12046366
2020-02-07 10:49:00,143.110701009
2020-02-07 10:50:00,143.169276915
2020-02-07 10:51:00,143.179039566
2020-02-07 10:52:00,143.1839208915
2020-02-07 10:53:00,143.110701009
2020-02-07 10:54:00,143.091175707
2020-02-07 10:55:00,143.052125103
2020-02-07 10:56:00,143.04177669294
2020-02-07 10:57:00,143.02810898154
2020-02-07 10:58:00,143.052125103
2020-02-07 10:59:00,143.042362452
2020-02-07 11:00:00,142.983786546
2020-02-07 11:01:00,142.974023895
2020-02-07 11:02:00,142.915447989
2020-02-07 11:03:00,142.905685338
2020-02-07 11:04:00,142.895922687
2020-02-07 11:05:00,142.92521064
2020-02-07 11:06:00,142.964261244
2020-02-07 11:07:00,142.964261244
2020-02-07 11:08:00,143.05153934394
2020-02-07 11:09:00,143.013074499
2020-02-07 11:10:00,142.954498593
2020-02-07 11:11:00,142.954498593
2020-02-07 11:12:00,142.905685338
2020-02-07 11:13:00,142.9105666635
2020-02-07 11:14:00,142.993549197
2020-02-07 11:15:00,143.0179558245
2020-02-07 11:16:00,143.02283715
2020-02-07 11:17:00,142.954498593
2020-02-07 11:18:00,142.905685338
2020-02-07 11:19:00,142.944735942
2020-02-07 11:20:00,142.993549197
2020-02-07 11:21:00,143.00389760706
2020-02-07 11:22:00,142.964261244
2020-02-07 11:23:00,142.964261244
2020-02-07 11:24:00,143.003311848
2020-02-07 11:25:00,143.061887754
2020-02-07 11:26:00,143.02283715
2020-02-07 11:27:00,142.9496172675
2020-02-07 11:28:00,142.964261244
2020-02-07 11:29:00,142.9105666635
2020-02-07 11:30:00,142.934973291
2020-02-07 11:31:00,142.92521064
2020-02-07 11:32:00,142.974023895
2020-02-07 11:33:00,142.934973291
2020-02-07 11:34:00,142.9008040125
2020-02-07 11:35:00,142.895922687
2020-02-07 11:36:00,142.876397385
2020-02-07 11:37:00,142.856872083
2020-02-07 11:38:00,142.847109432
2020-02-07 11:39:00,142.9398546165
2020-02-07 11:40:00,142.847109432
2020-02-07 11:41:00,142.9008040125
2020-02-07 11:42:00,142.856872083
2020-02-07 11:43:00,142.876397385
2020-02-07 11:44:00,142.8227028045
2020-02-07 11:45:00,142.808058828
2020-02-07 11:46:00,142.739720271
2020-02-07 11:47:00,142.72995762
2020-02-07 11:48:00,142.622568459
2020-02-07 11:49:00,142.651856412
2020-02-07 11:50:00,142.671381714
2020-02-07 11:51:00,142.700669667
2020-02-07 11:52:00,142.67147934051
2020-02-07 11:53:00,142.671381714
2020-02-07 11:54:00,142.690907016
2020-02-07 11:55:00,142.671381714
2020-02-07 11:56:00,142.63233111
2020-02-07 11:57:00,142.6079244825
2020-02-07 11:58:00,142.63233111
2020-02-07 11:59:00,142.69032125694
2020-02-07 12:00:00,142.6762630395
2020-02-07 12:01:00,142.63233111
2020-02-07 12:02:00,142.5883991805
2020-02-07 12:03:00,142.593280506
2020-02-07 12:04:00,142.583517855
2020-02-07 12:05:00,142.515179298
2020-02-07 12:06:00,142.515179298
2020-02-07 12:07:00,142.515179298
2020-02-07 12:08:00,142.5200606235
2020-02-07 12:09:00,142.524941949
2020-02-07 12:10:00,142.495653996
2020-02-07 12:11:00,142.43707809
2020-02-07 12:12:00,142.48930827285
2020-02-07 12:13:00,142.524941949
2020-02-07 12:14:00,142.505416647
2020-02-07 12:15:00,142.5347046
2020-02-07 12:16:00,142.612805808
2020-02-07 12:17:00,142.573755204
2020-02-07 12:18:00,142.5786365295
2020-02-07 12:19:00,142.603043157
2020-02-07 12:20:00,142.554229902
2020-02-07 12:21:00,142.515179298
2020-02-07 12:22:00,142.544467251
2020-02-07 12:23:00,142.5395859255
2020-02-07 12:24:00,142.583517855
2020-02-07 12:25:00,142.681144365
2020-02-07 12:26:00,142.612805808
2020-02-07 12:27:00,142.593280506
2020-02-07 12:28:00,142.573755204
2020-02-07 12:29:00,142.593280506
2020-02-07 12:30:00,142.681144365
2020-02-07 12:31:00,142.690907016
2020-02-07 12:32:00,142.720194969
2020-02-07 12:33:00,142.661619063
2020-02-07 12:34:00,142.651856412
2020-02-07 12:35:00,142.603043157
2020-02-07 12:36:00,142.622568459
2020-02-07 12:37:00,142.661619063
2020-02-07 12:38:00,142.651856412
2020-02-07 12:39:00,142.63233111
2020-02-07 12:40:00,142.583517855
2020-02-07 12:41:00,142.642093761
2020-02-07 12:42:00,142.6762630395
2020-02-07 12:43:00,142.69139514855
2020-02-07 12:44:00,142.651856412
2020-02-07 12:45:00,142.66962443682
2020-02-07 12:46:00,142.6665003885
2020-02-07 12:47:00,142.651856412
2020-02-07 12:48:00,142.75163070522
2020-02-07 12:49:00,142.749482922
2020-02-07 12:50:00,142.769008224
2020-02-07 12:51:00,142.778770875
2020-02-07 12:52:00,142.808058828
2020-02-07 12:53:00,142.91417884437
2020-02-07 12:54:00,142.964261244
2020-02-07 12:55:00,142.944735942
2020-02-07 12:56:00,142.964261244
2020-02-07 12:57:00,142.94844574938
2020-02-07 12:58:00,142.905685338
2020-02-07 12:59:00,142.944735942
2020-02-07 13:00:00,142.96074668964
2020-02-07 13:01:00,142.9593799185
2020-02-07 13:02:00,143.003311848
2020-02-07 13:03:00,143.003311848
2020-02-07 13:04:00,143.0277184755
2020-02-07 13:05:00,143.032599801
2020-02-07 13:06:00,143.0081931735
2020-02-07 13:07:00,142.993549197
2020-02-07 13:08:00,142.983786546
2020-02-07 13:09:00,143.06344977816
2020-02-07 13:10:00,143.042362452
2020-02-07 13:11:00,143.0277184755
2020-02-07 13:12:00,143.02283715
2020-02-07 13:13:00,143.042362452
2020-02-07 13:14:00,143.032599801
2020-02-07 13:15:00,142.964261244
2020-02-07 13:16:00,142.944735942
2020-02-07 13:17:00,143.013074499
2020-02-07 13:18:00,143.003311848
2020-02-07 13:19:00,142.954498593
2020-02-07 13:20:00,142.9789052205
2020-02-07 13:21:00,142.954498593
2020-02-07 13:22:00,142.974023895
2020-02-07 13:23:00,142.974023895
2020-02-07 13:24:00,142.934973291
2020-02-07 13:25:00,142.905685338
2020-02-07 13:26:00,142.905685338
2020-02-07 13:27:00,142.905685338
2020-02-07 13:28:00,142.944735942
2020-02-07 13:29:00,142.934973291
2020-02-07 13:30:00,142.96172295474
2020-02-07 13:31:00,142.92521064
2020-02-07 13:32:00,142.905685338
2020-02-07 13:33:00,142.82758413
2020-02-07 13:34:00,142.847109432
2020-02-07 13:35:00,142.720194969
2020-02-07 13:36:00,142.769008224
2020-02-07 13:37:00,142.72995762
2020-02-07 13:38:00,142.6762630395
2020-02-07 13:39:00,142.6567377375
2020-02-07 13:40:00,142.6079244825
2020-02-07 13:41:00,142.5688738785
2020-02-07 13:42:00,142.583517855
2020-02-07 13:43:00,142.642093761
2020-02-07 13:44:00,142.593280506
2020-02-07 13:45:00,142.573755204
2020-02-07 13:46:00,142.466366043
2020-02-07 13:47:00,142.446840741
2020-02-07 13:48:00,142.378502184
2020-02-07 13:49:00,142.398027486
2020-02-07 13:50:00,142.378502184
2020-02-07 13:51:00,142.43707809
2020-02-07 13:52:00,142.398027486
2020-02-07 13:53:00,142.398027486
2020-02-07 13:54:00,142.3443329055
2020-02-07 13:55:00,142.3931461605
2020-02-07 13:56:00,142.407790137
2020-02-07 13:57:00,142.368739533
2020-02-07 13:58:00,142.300400976
2020-02-07 13:59:00,142.310163627
2020-02-07 14:00:00,142.24192269651
2020-02-07 14:01:00,142.14419856
2020-02-07 14:02:00,142.0807413285
2020-02-07 14:03:00,142.085622654
2020-02-07 14:04:00,142.105147956
2020-02-07 14:05:00,142.04657205
2020-02-07 14:06:00,142.1100292815
2020-02-07 14:07:00,142.124673258
2020-02-07 14:08:00,142.173486513
2020-02-07 14:09:00,142.114910607
2020-02-07 14:10:00,142.124673258
2020-02-07 14:11:00,142.1002666305
2020-02-07 14:12:00,142.0416907245
2020-02-07 14:13:00,142.09489717245
2020-02-07 14:14:00,141.968470842
2020-02-07 14:15:00,142.007521446
2020-02-07 14:16:00,141.9733521675
2020-02-07 14:17:00,142.007521446
2020-02-07 14:18:00,142.056334701
2020-02-07 14:19:00,142.202774466
2020-02-07 14:20:00,142.14419856
2020-02-07 14:21:00,142.21439202069
2020-02-07 14:22:00,142.212537117
2020-02-07 14:23:00,142.222299768
2020-02-07 14:24:00,142.280875674
2020-02-07 14:25:00,142.2564690465
2020-02-07 14:26:00,142.261350372
2020-02-07 14:27:00,142.3345702545
2020-02-07 14:28:00,142.398027486
2020-02-07 14:29:00,142.388264835
2020-02-07 14:30:00,142.36151517126
2020-02-07 14:31:00,142.43707809
2020-02-07 14:32:00,142.43707809
2020-02-07 14:33:00,142.4029088115
2020-02-07 14:34:00,142.4224341135
2020-02-07 14:35:00,142.456603392
2020-02-07 14:36:00,142.456603392
2020-02-07 14:37:00,142.427315439
2020-02-07 14:38:00,142.43707809
2020-02-07 14:39:00,142.4419594155
2020-02-07 14:40:00,142.388264835
2020-02-07 14:41:00,142.33945158
2020-02-07 14:42:00,142.368739533
2020-02-07 14:43:00,142.388264835
2020-02-07 14:44:00,142.417552788
2020-02-07 14:45:00,142.495653996
2020-02-07 14:46:00,142.456603392
2020-02-07 14:47:00,142.485891345
2020-02-07 14:48:00,142.5102979725
2020-02-07 14:49:00,142.4712473685
2020-02-07 14:50:00,142.427315439
2020-02-07 14:51:00,142.515179298
2020-02-07 14:52:00,142.485891345
2020-02-07 14:53:00,142.5102979725
2020-02-07 14:54:00,142.476128694
2020-02-07 14:55:00,142.593280506
2020-02-07 14:56:00,142.583517855
2020-02-07 14:57:00,142.583517855
2020-02-07 14:58:00,142.612805808
2020-02-07 14:59:00,142.64287477308
2020-02-07 15:00:00,142.60440992814
2020-02-07 15:01:00,142.739720271
2020-02-07 15:02:00,142.710432318
2020-02-07 15:03:00,142.769008224
2020-02-07 15:04:00,142.798296177
2020-02-07 15:05:00,142.749482922
2020-02-07 15:06:00,142.778770875
2020-02-07 15:07:00,142.8422281065
2020-02-07 15:08:00,142.798296177
2020-02-07 15:09:00,142.788533526
2020-02-07 15:10:00,142.788533526
2020-02-07 15:11:00,142.72995762
2020-02-07 15:12:00,142.72995762
2020-02-07 15:13:00,142.759245573
2020-02-07 15:14:00,142.7836522005
2020-02-07 15:15:00,142.769008224
2020-02-07 15:16:00,142.788533526
2020-02-07 15:17:00,142.817821479
2020-02-07 15:18:00,142.847109432
2020-02-07 15:19:00,142.86155815548
2020-02-07 15:20:00,142.837346781
2020-02-07 15:21:00,142.847109432
2020-02-07 15:22:00,142.769008224
2020-02-07 15:23:00,142.7836522005
2020-02-07 15:24:00,142.798296177
2020-02-07 15:25:00,142.82758413
2020-02-07 15:26:00,142.82758413
2020-02-07 15:27:00,142.837346781
2020-02-07 15:28:00,142.886160036
2020-02-07 15:29:00,142.8519907575
2020-02-07 15:30:00,142.856872083
2020-02-07 15:31:00,142.8812787105
2020-02-07 15:32:00,142.905685338
2020-02-07 15:33:00,142.9398546165
2020-02-07 15:34:00,142.92521064
2020-02-07 15:35:00,142.993549197
2020-02-07 15:36:00,143.110701009
2020-02-07 15:37:00,143.061887754
2020-02-07 15:38:00,143.032599801
2020-02-07 15:39:00,143.061887754
2020-02-07 15:40:00,143.071650405
2020-02-07 15:41:00,143.100938358
2020-02-07 15:42:00,143.188802217
2020-02-07 15:43:00,143.169276915
2020-02-07 15:44:00,143.159514264
2020-02-07 15:45:00,143.1155823345
2020-02-07 15:46:00,143.149751613
2020-02-07 15:47:00,143.1936835425
2020-02-07 15:48:00,143.169276915
2020-02-07 15:49:00,143.159514264
2020-02-07 15:50:00,143.179039566
2020-02-07 15:51:00,143.208327519
2020-02-07 15:52:00,143.169276915
2020-02-07 15:53:00,143.100938358
2020-02-07 15:54:00,143.02283715
2020-02-07 15:55:00,142.895922687
2020-02-07 15:56:00,142.964261244
2020-02-07 15:57:00,142.9789052205
2020-02-07 15:58:00,143.12046366
2020-02-07 15:59:00,143.06003285031
2020-02-07 16:00:00,143.052125103
2020-02-10 09:31:00,138.981099636
2020-02-10 09:32:00,138.375815274
2020-02-10 09:33:00,138.0194785125
2020-02-10 09:34:00,138.385577925
2020-02-10 09:35:00,138.541780341
2020-02-10 09:36:00,138.444153831
2020-02-10 09:37:00,138.366052623
2020-02-10 09:38:00,138.082935744
2020-02-10 09:39:00,138.619881549
2020-02-10 09:40:00,139.186115307
2020-02-10 09:41:00,139.723061112
2020-02-10 09:42:00,139.254453864
2020-02-10 09:43:00,139.4448255585
2020-02-10 09:44:00,139.3276737465
2020-02-10 09:45:00,139.244691213
2020-02-10 09:46:00,139.352080374
2020-02-10 09:47:00,139.5034014645
2020-02-10 09:48:00,139.918314132
2020-02-10 09:49:00,139.947602085
2020-02-10 09:50:00,139.752349065
2020-02-10 09:51:00,139.518045441
2020-02-10 09:52:00,139.547333394
2020-02-10 09:53:00,139.381368327
2020-02-10 09:54:00,139.293504468
2020-02-10 09:55:00,139.088488797
2020-02-10 09:56:00,138.981099636
2020-02-10 09:57:00,138.98881213029
2020-02-10 09:58:00,138.9957436125
2020-02-10 09:59:00,139.322792421
2020-02-10 10:00:00,139.059200844
2020-02-10 10:01:00,139.205640609
2020-02-10 10:02:00,139.225165911
2020-02-10 10:03:00,139.42217620818
2020-02-10 10:04:00,139.059200844
2020-02-10 10:05:00,138.990862287
2020-02-10 10:06:00,139.29877629954
2020-02-10 10:07:00,139.273979166
2020-02-10 10:08:00,139.254453864
2020-02-10 10:09:00,139.195877958
2020-02-10 10:10:00,139.039675542
2020-02-10 10:11:00,138.805371918
2020-02-10 10:12:00,138.717508059
2020-02-10 10:13:00,138.571068294
2020-02-10 10:14:00,138.463679133
2020-02-10 10:15:00,138.688220106
2020-02-10 10:16:00,139.078726146
2020-02-10 10:17:00,138.942049032
2020-02-10 10:18:00,138.844422522
2020-02-10 10:19:00,139.0738448205
2020-02-10 10:20:00,139.176352656
2020-02-10 10:21:00,139.088488797
2020-02-10 10:22:00,139.264216515
2020-02-10 10:23:00,139.459469535
2020-02-10 10:24:00,139.293504468
2020-02-10 10:25:00,139.244691213
2020-02-10 10:26:00,139.254453864
2020-02-10 10:27:00,139.283741817
2020-02-10 10:28:00,139.31302977
2020-02-10 10:29:00,139.303267119
2020-02-10 10:30:00,139.459469535
2020-02-10 10:31:00,139.957364736
2020-02-10 10:32:00,139.957364736
2020-02-10 10:33:00,139.781637018
2020-02-10 10:34:00,139.7865183435
2020-02-10 10:35:00,139.937839434
2020-02-10 10:36:00,139.752349065
2020-02-10 10:37:00,139.7025595449
2020-02-10 10:38:00,139.859738226
2020-02-10 10:39:00,140.006177991
2020-02-10 10:40:00,140.074516548
2020-02-10 10:41:00,140.09404185
2020-02-10 10:42:00,140.0989231755
2020-02-10 10:43:00,140.084279199
2020-02-10 10:44:00,140.0501099205
2020-02-10 10:45:00,140.00588511147
2020-02-10 10:46:00,140.04698587218
2020-02-10 10:47:00,140.035465944
2020-02-10 10:48:00,140.09404185
2020-02-10 10:49:00,139.947602085
2020-02-10 10:50:00,139.986652689
2020-02-10 10:51:00,139.918314132
2020-02-10 10:52:00,139.918314132
2020-02-10 10:53:00,139.89878883
2020-02-10 10:54:00,139.89878883
2020-02-10 10:55:00,139.849975575
2020-02-10 10:56:00,139.820687622
2020-02-10 10:57:00,139.791399669
2020-02-10 10:58:00,139.762111716
2020-02-10 10:59:00,139.908551481
2020-02-10 11:00:00,139.840212924
2020-02-10 11:01:00,139.762111716
2020-02-10 11:02:00,139.752349065
2020-02-10 11:03:00,139.752349065
2020-02-10 11:04:00,139.752349065
2020-02-10 11:05:00,139.684010508
2020-02-10 11:06:00,139.6400785785
2020-02-10 11:07:00,139.6625326758
2020-02-10 11:08:00,139.70353581
2020-02-10 11:09:00,139.762111716
2020-02-10 11:10:00,139.791399669
2020-02-10 11:11:00,139.820687622
2020-02-10 11:12:00,139.810924971
2020-02-10 11:13:00,139.81004633241
2020-02-10 11:14:00,139.908551481
2020-02-10 11:15:00,139.99641534
2020-02-10 11:16:00,139.986652689
2020-02-10 11:17:00,139.957364736
2020-02-10 11:18:00,139.99641534
2020-02-10 11:19:00,139.908551481
2020-02-10 11:20:00,139.859738226
2020-02-10 11:21:00,139.869500877
2020-02-10 11:22:00,139.830450273
2020-02-10 11:23:00,139.87936115451
2020-02-10 11:24:00,139.889026179
2020-02-10 11:25:00,139.947602085
2020-02-10 11:26:00,139.869500877
2020-02-10 11:27:00,140.123329803
2020-02-10 11:28:00,140.152617756
2020-02-10 11:29:00,140.211193662
2020-02-10 11:30:00,140.26029979653
2020-02-10 11:31:00,140.230718964
2020-02-10 11:32:00,140.230718964
2020-02-10 11:33:00,140.074516548
2020-02-10 11:34:00,140.103804501
2020-02-10 11:35:00,140.09404185
2020-02-10 11:36:00,139.99641534
2020-02-10 11:37:00,140.035465944
2020-02-10 11:38:00,139.937839434
2020-02-10 11:39:00,139.89878883
2020-02-10 11:40:00,139.8548569005
2020-02-10 11:41:00,139.849975575
2020-02-10 11:42:00,140.015940642
2020-02-10 11:43:00,140.12840638152
2020-02-10 11:44:00,140.38692138
2020-02-10 11:45:00,140.29798362939
2020-02-10 11:46:00,140.318582823
2020-02-10 11:47:00,140.328345474
2020-02-10 11:48:00,140.318582823
2020-02-10 11:49:00,140.318582823
2020-02-10 11:50:00,140.338108125
2020-02-10 11:51:00,140.347870776
2020-02-10 11:52:00,140.318582823
2020-02-10 11:53:00,140.396684031
2020-02-10 11:54:00,140.338108125
2020-02-10 11:55:00,140.396684031
2020-02-10 11:56:00,140.416209333
2020-02-10 11:57:00,140.44168985211
2020-02-10 11:58:00,140.40664193502
2020-02-10 11:59:00,140.406446682
2020-02-10 12:00:00,140.357633427
2020-02-10 12:01:00,140.494310541
2020-02-10 12:02:00,140.445497286
2020-02-10 12:03:00,140.48454789
2020-02-10 12:04:00,140.5480051215
2020-02-10 12:05:00,140.55396033861
2020-02-10 12:06:00,140.6573468127
2020-02-10 12:07:00,140.7042075375
2020-02-10 12:08:00,140.8896979065
2020-02-10 12:09:00,141.031256346
2020-02-10 12:10:00,141.16793346
2020-02-10 12:11:00,141.16793346
2020-02-10 12:12:00,141.07030695
2020-02-10 12:13:00,141.07030695
2020-02-10 12:14:00,141.148408158
2020-02-10 12:15:00,141.15660878484
2020-02-10 12:16:00,141.236272017
2020-02-10 12:17:00,141.119120205
2020-02-10 12:18:00,141.109357554
2020-02-10 12:19:00,141.14284344693
2020-02-10 12:20:00,141.246034668
2020-02-10 12:21:00,141.36308885349
2020-02-10 12:22:00,141.34707810585
2020-02-10 12:23:00,141.3387798525
2020-02-10 12:24:00,141.333898527
2020-02-10 12:25:00,141.246034668
2020-02-10 12:26:00,141.294847923
2020-02-10 12:27:00,141.236272017
2020-02-10 12:28:00,141.2899665975
2020-02-10 12:29:00,141.36308885349
2020-02-10 12:30:00,141.353423829
2020-02-10 12:31:00,141.304610574
2020-02-10 12:32:00,141.333898527
2020-02-10 12:33:00,141.3290172015
2020-02-10 12:34:00,141.324135876
2020-02-10 12:35:00,141.275322621
2020-02-10 12:36:00,141.314373225
2020-02-10 12:37:00,141.304610574
2020-02-10 12:38:00,141.42283627761
2020-02-10 12:39:00,141.275322621
2020-02-10 12:40:00,141.206984064
2020-02-10 12:41:00,141.22192092003
2020-02-10 12:42:00,141.246034668
2020-02-10 12:43:00,141.285085272
2020-02-10 12:44:00,141.28176597066
2020-02-10 12:45:00,141.29230963374
2020-02-10 12:46:00,141.3583051545
2020-02-10 12:47:00,141.372949131
2020-02-10 12:48:00,141.353423829
2020-02-10 12:49:00,141.236272017
2020-02-10 12:50:00,141.119120205
2020-02-10 12:51:00,141.119120205
2020-02-10 12:52:00,141.119120205
2020-02-10 12:53:00,141.050781648
2020-02-10 12:54:00,141.109357554
2020-02-10 12:55:00,141.148408158
2020-02-10 12:56:00,141.109357554
2020-02-10 12:57:00,141.080069601
2020-02-10 12:58:00,140.933629836
2020-02-10 12:59:00,141.041018997
2020-02-10 13:00:00,141.080069601
2020-02-10 13:01:00,141.19683090696
2020-02-10 13:02:00,141.2313906915
2020-02-10 13:03:00,141.27668939214
2020-02-10 13:04:00,141.255797319
2020-02-10 13:05:00,141.314373225
2020-02-10 13:06:00,141.285085272
2020-02-10 13:07:00,141.246034668
2020-02-10 13:08:00,141.26555997
2020-02-10 13:09:00,141.16793346
2020-02-10 13:10:00,141.119120205
2020-02-10 13:11:00,141.1728147855
2020-02-10 13:12:00,141.275322621
2020-02-10 13:13:00,141.275322621
2020-02-10 13:14:00,141.372949131
2020-02-10 13:15:00,141.392474433
2020-02-10 13:16:00,141.431525037
2020-02-10 13:17:00,141.499863594
2020-02-10 13:18:00,141.499863594
2020-02-10 13:19:00,141.470575641
2020-02-10 13:20:00,141.441287688
2020-02-10 13:21:00,141.43757788062
2020-02-10 13:22:00,141.431525037
2020-02-10 13:23:00,141.529151547
2020-02-10 13:24:00,141.607252755
2020-02-10 13:25:00,141.4754569665
2020-02-10 13:26:00,141.57610989831
2020-02-10 13:27:00,141.5584395
2020-02-10 13:28:00,141.4949822685
2020-02-10 13:29:00,141.519388896
2020-02-10 13:30:00,141.55297241544
2020-02-10 13:31:00,141.617015406
2020-02-10 13:32:00,141.607252755
2020-02-10 13:33:00,141.636540708
2020-02-10 13:34:00,141.577964802
2020-02-10 13:35:00,141.568202151
2020-02-10 13:36:00,141.617015406
2020-02-10 13:37:00,141.646303359
2020-02-10 13:38:00,141.607252755
2020-02-10 13:39:00,141.597490104
2020-02-10 13:40:00,141.636540708
2020-02-10 13:41:00,141.646303359
2020-02-10 13:42:00,141.665828661
2020-02-10 13:43:00,141.636540708
2020-02-10 13:44:00,141.65606601
2020-02-10 13:45:00,141.617015406
2020-02-10 13:46:00,141.529151547
2020-02-10 13:47:00,141.4852196175
2020-02-10 13:48:00,141.509626245
2020-02-10 13:49:00,141.519388896
2020-02-10 13:50:00,141.470575641
2020-02-10 13:51:00,141.470575641
2020-02-10 13:52:00,141.5047449195
2020-02-10 13:53:00,141.5047449195
2020-02-10 13:54:00,141.490100943
2020-02-10 13:55:00,141.538914198
2020-02-10 13:56:00,141.5584395
2020-02-10 13:57:00,141.617015406
2020-02-10 13:58:00,141.597490104
2020-02-10 13:59:00,141.626778057
2020-02-10 14:00:00,141.626778057
2020-02-10 14:01:00,141.6316593825
2020-02-10 14:02:00,141.597490104
2020-02-10 14:03:00,141.5633208255
2020-02-10 14:04:00,141.5584395
2020-02-10 14:05:00,141.5584395
2020-02-10 14:06:00,141.519388896
2020-02-10 14:07:00,141.451050339
2020-02-10 14:08:00,141.480338292
2020-02-10 14:09:00,141.470575641
2020-02-10 14:10:00,141.46081299
2020-02-10 14:11:00,141.470575641
2020-02-10 14:12:00,141.470575641
2020-02-10 14:13:00,141.4656943155
2020-02-10 14:14:00,141.43142741049
2020-02-10 14:15:00,141.431525037
2020-02-10 14:16:00,141.46081299
2020-02-10 14:17:00,141.519388896
2020-02-10 14:18:00,141.568202151
2020-02-10 14:19:00,141.5535581745
2020-02-10 14:20:00,141.499863594
2020-02-10 14:21:00,141.480338292
2020-02-10 14:22:00,141.538914198
2020-02-10 14:23:00,141.55531545168
2020-02-10 14:24:00,141.5242702215
2020-02-10 14:25:00,141.509626245
2020-02-10 14:26:00,141.5437955235
2020-02-10 14:27:00,141.519388896
2020-02-10 14:28:00,141.519388896
2020-02-10 14:29:00,141.597490104
2020-02-10 14:30:00,141.568202151
2020-02-10 14:31:00,141.597490104
2020-02-10 14:32:00,141.577964802
2020-02-10 14:33:00,141.597490104
2020-02-10 14:34:00,141.597490104
2020-02-10 14:35:00,141.577964802
2020-02-10 14:36:00,141.587727453
2020-02-10 14:37:00,141.57279059697
2020-02-10 14:38:00,141.587727453
2020-02-10 14:39:00,141.577964802
2020-02-10 14:40:00,141.597490104
2020-02-10 14:41:00,141.577964802
2020-02-10 14:42:00,141.617015406
2020-02-10 14:43:00,141.685353963
2020-02-10 14:44:00,141.636540708
2020-02-10 14:45:00,141.597490104
2020-02-10 14:46:00,141.568202151
2020-02-10 14:47:00,141.626778057
2020-02-10 14:48:00,141.626778057
2020-02-10 14:49:00,141.587727453
2020-02-10 14:50:00,141.587727453
2020-02-10 14:51:00,141.607252755
2020-02-10 14:52:00,141.617015406
2020-02-10 14:53:00,141.617015406
2020-02-10 14:54:00,141.61682015298
2020-02-10 14:55:00,141.61711303251
2020-02-10 14:56:00,141.617015406
2020-02-10 14:57:00,141.636540708
2020-02-10 14:58:00,141.646303359
2020-02-10 14:59:00,141.61721065902
2020-02-10 15:00:00,141.636540708
2020-02-10 15:01:00,141.636540708
2020-02-10 15:02:00,141.607252755
2020-02-10 15:03:00,141.6804726375
2020-02-10 15:04:00,141.675591312
2020-02-10 15:05:00,141.636540708
2020-02-10 15:06:00,141.607252755
2020-02-10 15:07:00,141.587727453
2020-02-10 15:08:00,141.636540708
2020-02-10 15:09:00,141.6414220335
2020-02-10 15:10:00,141.587727453
2020-02-10 15:11:00,141.66934321536
2020-02-10 15:12:00,141.65606601
2020-02-10 15:13:00,141.714641916
2020-02-10 15:14:00,141.65606601
2020-02-10 15:15:00,141.6414220335
2020-02-10 15:16:00,141.636540708
2020-02-10 15:17:00,141.587727453
2020-02-10 15:18:00,141.60080940534
2020-02-10 15:19:00,141.597490104
2020-02-10 15:20:00,141.568202151
2020-02-10 15:21:00,141.568202151
2020-02-10 15:22:00,141.5584395
2020-02-10 15:23:00,141.5584395
2020-02-10 15:24:00,141.626778057
2020-02-10 15:25:00,141.577964802
2020-02-10 15:26:00,141.5340328725
2020-02-10 15:27:00,141.617015406
2020-02-10 15:28:00,141.617015406
2020-02-10 15:29:00,141.636540708
2020-02-10 15:30:00,141.607252755
2020-02-10 15:31:00,141.6121340805
2020-02-10 15:32:00,141.665828661
2020-02-10 15:33:00,141.773217822
2020-02-10 15:34:00,141.782980473
2020-02-10 15:35:00,141.65606601
2020-02-10 15:36:00,141.75671894181
2020-02-10 15:37:00,141.7780991475
2020-02-10 15:38:00,141.861081681
2020-02-10 15:39:00,141.861081681
2020-02-10 15:40:00,141.812268426
2020-02-10 15:41:00,141.792743124
2020-02-10 15:42:00,141.812268426
2020-02-10 15:43:00,141.861081681
2020-02-10 15:44:00,141.822031077
2020-02-10 15:45:00,141.831793728
2020-02-10 15:46:00,141.714641916
2020-02-10 15:47:00,141.71190837372
2020-02-10 15:48:00,141.7195232415
2020-02-10 15:49:00,141.704879265
2020-02-10 15:50:00,141.8366750535
2020-02-10 15:51:00,141.724404567
2020-02-10 15:52:00,141.773217822
2020-02-10 15:53:00,141.861081681
2020-02-10 15:54:00,141.792743124
2020-02-10 15:55:00,141.8757256575
2020-02-10 15:56:00,141.870844332
2020-02-10 15:57:00,141.88773371823
2020-02-10 15:58:00,141.919657587
2020-02-10 15:59:00,141.92951786451
2020-02-10 16:00:00,142.056334701
2020-02-11 09:31:00,142.24182507
2020-02-11 09:32:00,141.9635895165
2020-02-11 09:33:00,141.665828661
2020-02-11 09:34:00,141.695116614
2020-02-11 09:35:00,141.246034668
2020-02-11 09:36:00,141.16793346
2020-02-11 09:37:00,141.060544299
2020-02-11 09:38:00,140.87505393
2020-02-11 09:39:00,140.787190071
2020-02-11 09:40:00,140.787190071
2020-02-11 09:41:00,140.943392487
2020-02-11 09:42:00,141.021493695
2020-02-11 09:43:00,140.611462353
2020-02-11 09:44:00,140.347870776
2020-02-11 09:45:00,139.889026179
2020-02-11 09:46:00,140.230718964
2020-02-11 09:47:00,140.68253445228
2020-02-11 09:48:00,140.69034457308
2020-02-11 09:49:00,140.77742742
2020-02-11 09:50:00,140.6358689805
2020-02-11 09:51:00,140.67980091
2020-02-11 09:52:00,140.630987655
2020-02-11 09:53:00,140.884816581
2020-02-11 09:54:00,140.8994605575
2020-02-11 09:55:00,140.914104534
2020-02-11 09:56:00,140.826240675
2020-02-11 09:57:00,140.923867185
2020-02-11 09:58:00,141.011731044
2020-02-11 09:59:00,140.904341883
2020-02-11 10:00:00,140.87505393
2020-02-11 10:01:00,140.806715373
2020-02-11 10:02:00,140.943392487
2020-02-11 10:03:00,140.933629836
2020-02-11 10:04:00,140.8896979065
2020-02-11 10:05:00,140.884816581
2020-02-11 10:06:00,140.943392487
2020-02-11 10:07:00,140.933629836
2020-02-11 10:08:00,140.77742742
2020-02-11 10:09:00,140.796952722
2020-02-11 10:10:00,140.855528628
2020-02-11 10:11:00,140.767664769
2020-02-11 10:12:00,140.689563561
2020-02-11 10:13:00,140.474785239
2020-02-11 10:14:00,140.425971984
2020-02-11 10:15:00,140.435734635
2020-02-11 10:16:00,140.523598494
2020-02-11 10:17:00,140.660275608
2020-02-11 10:18:00,140.738376816
2020-02-11 10:19:00,140.7627834435
2020-02-11 10:20:00,140.806715373
2020-02-11 10:21:00,140.8896979065
2020-02-11 10:22:00,140.855528628
2020-02-11 10:23:00,140.894579232
2020-02-11 10:24:00,140.865291279
2020-02-11 10:25:00,140.884816581
2020-02-11 10:26:00,140.816478024
2020-02-11 10:27:00,140.904341883
2020-02-11 10:28:00,140.95627918632
2020-02-11 10:29:00,140.87505393
2020-02-11 10:30:00,140.865291279
2020-02-11 10:31:00,140.904341883
2020-02-11 10:32:00,140.87505393
2020-02-11 10:33:00,140.884816581
2020-02-11 10:34:00,140.7823087455
2020-02-11 10:35:00,140.6358689805
2020-02-11 10:36:00,140.6739433194
2020-02-11 10:37:00,140.640750306
2020-02-11 10:38:00,140.562649098
2020-02-11 10:39:00,140.4796665645
2020-02-11 10:40:00,140.425971984
2020-02-11 10:41:00,140.474785239
2020-02-11 10:42:00,140.5655778933
2020-02-11 10:43:00,140.572411749
2020-02-11 10:44:00,140.474785239
2020-02-11 10:45:00,140.474785239
2020-02-11 10:46:00,140.4113280075
2020-02-11 10:47:00,140.201431011
2020-02-11 10:48:00,140.24057924151
2020-02-11 10:49:00,140.279532219
2020-02-11 10:50:00,140.279532219
2020-02-11 10:51:00,140.220956313
2020-02-11 10:52:00,140.181905709
2020-02-11 10:53:00,140.181905709
2020-02-11 10:54:00,140.084279199
2020-02-11 10:55:00,140.05567463157
2020-02-11 10:56:00,140.103804501
2020-02-11 10:57:00,140.084279199
2020-02-11 10:58:00,140.220956313
2020-02-11 10:59:00,140.28646370121
2020-02-11 11:00:00,140.347870776
2020-02-11 11:01:00,140.338108125
2020-02-11 11:02:00,140.396684031
2020-02-11 11:03:00,140.406446682
2020-02-11 11:04:00,140.3527521015
2020-02-11 11:05:00,140.250244266
2020-02-11 11:06:00,140.162380407
2020-02-11 11:07:00,140.142855105
2020-02-11 11:08:00,140.28929487
2020-02-11 11:09:00,140.308820172
2020-02-11 11:10:00,140.367396078
2020-02-11 11:11:00,140.2434104103
2020-02-11 11:12:00,140.2844135445
2020-02-11 11:13:00,140.201431011
2020-02-11 11:14:00,140.142855105
2020-02-11 11:15:00,140.09365134396
2020-02-11 11:16:00,140.113567152
2020-02-11 11:17:00,140.064753897
2020-02-11 11:18:00,139.986652689
2020-02-11 11:19:00,139.889026179
2020-02-11 11:20:00,139.967127387
2020-02-11 11:21:00,139.80116232
2020-02-11 11:22:00,139.859738226
2020-02-11 11:23:00,139.791399669
2020-02-11 11:24:00,139.967127387
2020-02-11 11:25:00,139.840212924
2020-02-11 11:26:00,139.859738226
2020-02-11 11:27:00,139.830450273
2020-02-11 11:28:00,139.849975575
2020-02-11 11:29:00,139.957364736
2020-02-11 11:30:00,139.95267866352
2020-02-11 11:31:00,139.937839434
2020-02-11 11:32:00,139.99641534
2020-02-11 11:33:00,139.9720087125
2020-02-11 11:34:00,139.928076783
2020-02-11 11:35:00,139.986652689
2020-02-11 11:36:00,139.957364736
2020-02-11 11:37:00,139.89878883
2020-02-11 11:38:00,139.937839434
2020-02-11 11:39:00,140.0012966655
2020-02-11 11:40:00,139.976890038
2020-02-11 11:41:00,139.957364736
2020-02-11 11:42:00,140.035465944
2020-02-11 11:43:00,140.064753897
2020-02-11 11:44:00,140.035465944
2020-02-11 11:45:00,140.1672617325
2020-02-11 11:46:00,140.19166836
2020-02-11 11:47:00,140.181905709
2020-02-11 11:48:00,140.172143058
2020-02-11 11:49:00,140.21138891502
2020-02-11 11:50:00,140.19166836
2020-02-11 11:51:00,140.113567152
2020-02-11 11:52:00,140.18493213081
2020-02-11 11:53:00,140.113567152
2020-02-11 11:54:00,140.172143058
2020-02-11 11:55:00,140.1574990815
2020-02-11 11:56:00,140.172143058
2020-02-11 11:57:00,140.1282111285
2020-02-11 11:58:00,140.113567152
2020-02-11 11:59:00,140.113567152
2020-02-11 12:00:00,140.172143058
2020-02-11 12:01:00,140.250244266
2020-02-11 12:02:00,140.220956313
2020-02-11 12:03:00,140.220956313
2020-02-11 12:04:00,140.24233651869
2020-02-11 12:05:00,140.250244266
2020-02-11 12:06:00,140.269769568
2020-02-11 12:07:00,140.357633427
2020-02-11 12:08:00,140.3527521015
2020-02-11 12:09:00,140.299057521
2020-02-11 12:10:00,140.279532219
2020-02-11 12:11:00,140.318582823
2020-02-11 12:12:00,140.30667238878
2020-02-11 12:13:00,140.28255864081
2020-02-11 12:14:00,140.250244266
2020-02-11 12:15:00,140.279532219
2020-02-11 12:16:00,140.3039388465
2020-02-11 12:17:00,140.3527521015
2020-02-11 12:18:00,140.328345474
2020-02-11 12:19:00,140.279532219
2020-02-11 12:20:00,140.299057521
2020-02-11 12:21:00,140.338108125
2020-02-11 12:22:00,140.2648882425
2020-02-11 12:23:00,140.19166836
2020-02-11 12:24:00,140.19166836
2020-02-11 12:25:00,140.230718964
2020-02-11 12:26:00,140.250244266
2020-02-11 12:27:00,140.2551255915
2020-02-11 12:28:00,140.220956313
2020-02-11 12:29:00,140.1867870345
2020-02-11 12:30:00,140.133092454
2020-02-11 12:31:00,140.0852554641
2020-02-11 12:32:00,140.11015022415
2020-02-11 12:33:00,140.1418788399
2020-02-11 12:34:00,140.133092454
2020-02-11 12:35:00,140.152617756
2020-02-11 12:36:00,140.1282111285
2020-02-11 12:37:00,140.0989231755
2020-02-11 12:38:00,140.113567152
2020-02-11 12:39:00,140.181905709
2020-02-11 12:40:00,140.1965496855
2020-02-11 12:41:00,140.240481615
2020-02-11 12:42:00,140.260006917
2020-02-11 12:43:00,140.162380407
2020-02-11 12:44:00,140.201431011
2020-02-11 12:45:00,140.2160749875
2020-02-11 12:46:00,140.181905709
2020-02-11 12:47:00,140.162380407
2020-02-11 12:48:00,140.181905709
2020-02-11 12:49:00,140.14822456305
2020-02-11 12:50:00,140.113567152
2020-02-11 12:51:00,140.064753897
2020-02-11 12:52:00,140.035465944
2020-02-11 12:53:00,140.035465944
2020-02-11 12:54:00,140.045228595
2020-02-11 12:55:00,140.054991246
2020-02-11 12:56:00,140.064753897
2020-02-11 12:57:00,140.054991246
2020-02-11 12:58:00,140.074516548
2020-02-11 12:59:00,140.113567152
2020-02-11 13:00:00,140.142855105
2020-02-11 13:01:00,140.162380407
2020-02-11 13:02:00,140.152617756
2020-02-11 13:03:00,140.162380407
2020-02-11 13:04:00,140.181905709
2020-02-11 13:05:00,140.201431011
2020-02-11 13:06:00,140.1672617325
2020-02-11 13:07:00,140.09404185
2020-02-11 13:08:00,140.133092454
2020-02-11 13:09:00,140.0989231755
2020-02-11 13:10:00,140.09404185
2020-02-11 13:11:00,140.123329803
2020-02-11 13:12:00,140.211193662
2020-02-11 13:13:00,140.240481615
2020-02-11 13:14:00,140.3137014975
2020-02-11 13:15:00,140.347870776
2020-02-11 13:16:00,140.357633427
2020-02-11 13:17:00,140.406446682
2020-02-11 13:18:00,140.38692138
2020-02-11 13:19:00,140.357633427
2020-02-11 13:20:00,140.425971984
2020-02-11 13:21:00,140.38692138
2020-02-11 13:22:00,140.396684031
2020-02-11 13:23:00,140.396684031
2020-02-11 13:24:00,140.38692138
2020-02-11 13:25:00,140.357633427
2020-02-11 13:26:00,140.38692138
2020-02-11 13:27:00,140.435734635
2020-02-11 13:28:00,140.425971984
2020-02-11 13:29:00,140.48454789
2020-02-11 13:30:00,140.455259937
2020-02-11 13:31:00,140.435734635
2020-02-11 13:32:00,140.513835843
2020-02-11 13:33:00,140.465022588
2020-02-11 13:34:00,140.455259937
2020-02-11 13:35:00,140.474785239
2020-02-11 13:36:00,140.5089545175
2020-02-11 13:37:00,140.523598494
2020-02-11 13:38:00,140.494310541
2020-02-11 13:39:00,140.45809110579
2020-02-11 13:40:00,140.44910946687
2020-02-11 13:41:00,140.455259937
2020-02-11 13:42:00,140.494310541
2020-02-11 13:43:00,140.455259937
2020-02-11 13:44:00,140.416209333
2020-02-11 13:45:00,140.465022588
2020-02-11 13:46:00,140.445497286
2020-02-11 13:47:00,140.474785239
2020-02-11 13:48:00,140.445497286
2020-02-11 13:49:00,140.4308533095
2020-02-11 13:50:00,140.377158729
2020-02-11 13:51:00,140.38692138
2020-02-11 13:52:00,140.3722774035
2020-02-11 13:53:00,140.357633427
2020-02-11 13:54:00,140.3918027055
2020-02-11 13:55:00,140.406446682
2020-02-11 13:56:00,140.435734635
2020-02-11 13:57:00,140.474785239
2020-02-11 13:58:00,140.494310541
2020-02-11 13:59:00,140.494310541
2020-02-11 14:00:00,140.523598494
2020-02-11 14:01:00,140.57563342383
2020-02-11 14:02:00,140.5821744
2020-02-11 14:03:00,140.533361145
2020-02-11 14:04:00,140.5821744
2020-02-11 14:05:00,140.601699702
2020-02-11 14:06:00,140.630987655
2020-02-11 14:07:00,140.67980091
2020-02-11 14:08:00,140.660275608
2020-02-11 14:09:00,140.660275608
2020-02-11 14:10:00,140.699326212
2020-02-11 14:11:00,140.757902118
2020-02-11 14:12:00,140.806715373
2020-02-11 14:13:00,140.796952722
2020-02-11 14:14:00,140.826240675
2020-02-11 14:15:00,140.845765977
2020-02-11 14:16:00,140.836003326
2020-02-11 14:17:00,140.8408846515
2020-02-11 14:18:00,140.865291279
2020-02-11 14:19:00,140.806715373
2020-02-11 14:20:00,140.836003326
2020-02-11 14:21:00,140.836003326
2020-02-11 14:22:00,140.84322768774
2020-02-11 14:23:00,140.79314528811
2020-02-11 14:24:00,140.845765977
2020-02-11 14:25:00,140.894579232
2020-02-11 14:26:00,140.9677991145
2020-02-11 14:27:00,140.962917789
2020-02-11 14:28:00,140.923867185
2020-02-11 14:29:00,140.923867185
2020-02-11 14:30:00,140.962917789
2020-02-11 14:31:00,141.001968393
2020-02-11 14:32:00,141.021493695
2020-02-11 14:33:00,141.041018997
2020-02-11 14:34:00,141.119120205
2020-02-11 14:35:00,141.109357554
2020-02-11 14:36:00,141.080069601
2020-02-11 14:37:00,141.109357554
2020-02-11 14:38:00,141.099594903
2020-02-11 14:39:00,141.060544299
2020-02-11 14:40:00,141.07030695
2020-02-11 14:41:00,141.001968393
2020-02-11 14:42:00,141.001968393
2020-02-11 14:43:00,141.060544299
2020-02-11 14:44:00,141.050781648
2020-02-11 14:45:00,141.07030695
2020-02-11 14:46:00,141.021493695
2020-02-11 14:47:00,140.97268044
2020-02-11 14:48:00,140.97268044
2020-02-11 14:49:00,140.9970870675
2020-02-11 14:50:00,141.01749100809
2020-02-11 14:51:00,141.031256346
2020-02-11 14:52:00,141.011731044
2020-02-11 14:53:00,140.992205742
2020-02-11 14:54:00,140.982443091
2020-02-11 14:55:00,140.953155138
2020-02-11 14:56:00,140.97268044
2020-02-11 14:57:00,140.99864909166
2020-02-11 14:58:00,141.050781648
2020-02-11 14:59:00,141.060544299
2020-02-11 15:00:00,141.031256346
2020-02-11 15:01:00,141.119120205
2020-02-11 15:02:00,141.177696111
2020-02-11 15:03:00,141.1337641815
2020-02-11 15:04:00,141.148408158
2020-02-11 15:05:00,141.07030695
2020-02-11 15:06:00,141.0849509265
2020-02-11 15:07:00,141.099594903
2020-02-11 15:08:00,141.031256346
2020-02-11 15:09:00,141.060544299
2020-02-11 15:10:00,141.001968393
2020-02-11 15:11:00,140.953155138
2020-02-11 15:12:00,140.953155138
2020-02-11 15:13:00,140.943392487
2020-02-11 15:14:00,140.9189858595
2020-02-11 15:15:00,140.914104534
2020-02-11 15:16:00,140.914104534
2020-02-11 15:17:00,140.933629836
2020-02-11 15:18:00,140.923867185
2020-02-11 15:19:00,140.992205742
2020-02-11 15:20:00,141.001968393
2020-02-11 15:21:00,140.982443091
2020-02-11 15:22:00,140.943392487
2020-02-11 15:23:00,140.923867185
2020-02-11 15:24:00,140.953155138
2020-02-11 15:25:00,140.9482738125
2020-02-11 15:26:00,140.97268044
2020-02-11 15:27:00,140.962917789
2020-02-11 15:28:00,140.9482738125
2020-02-11 15:29:00,141.011731044
2020-02-11 15:30:00,141.031256346
2020-02-11 15:31:00,140.894579232
2020-02-11 15:32:00,140.8994605575
2020-02-11 15:33:00,140.826240675
2020-02-11 15:34:00,140.855528628
2020-02-11 15:35:00,140.826240675
2020-02-11 15:36:00,140.884816581
2020-02-11 15:37:00,140.933629836
2020-02-11 15:38:00,140.962917789
2020-02-11 15:39:00,140.962917789
2020-02-11 15:40:00,140.9677991145
2020-02-11 15:41:00,141.011731044
2020-02-11 15:42:00,141.031256346
2020-02-11 15:43:00,140.992205742
2020-02-11 15:44:00,140.953155138
2020-02-11 15:45:00,140.953155138
2020-02-11 15:46:00,141.031256346
2020-02-11 15:47:00,141.0068497185
2020-02-11 15:48:00,141.031256346
2020-02-11 15:49:00,140.992205742
2020-02-11 15:50:00,140.914104534
2020-02-11 15:51:00,140.8604099535
2020-02-11 15:52:00,140.8896979065
2020-02-11 15:53:00,140.894579232
2020-02-11 15:54:00,140.767664769
2020-02-11 15:55:00,140.787190071
2020-02-11 15:56:00,140.796952722
2020-02-11 15:57:00,140.738376816
2020-02-11 15:58:00,140.7627834435
2020-02-11 15:59:00,140.826240675
2020-02-11 16:00:00,140.796952722
2020-02-12 09:31:00,141.021493695
2020-02-12 09:32:00,141.353423829
2020-02-12 09:33:00,141.255797319
2020-02-12 09:34:00,141.0556629735
2020-02-12 09:35:00,141.080069601
2020-02-12 09:36:00,140.8311220005
2020-02-12 09:37:00,141.128882856
2020-02-12 09:38:00,141.304610574
2020-02-12 09:39:00,141.216746715
2020-02-12 09:40:00,141.275322621
2020-02-12 09:41:00,141.2021027385
2020-02-12 09:42:00,140.943392487
2020-02-12 09:43:00,141.1923400875
2020-02-12 09:44:00,140.806715373
2020-02-12 09:45:00,141.001968393
2020-02-12 09:46:00,140.699326212
2020-02-12 09:47:00,140.98507900677
2020-02-12 09:48:00,140.640750306
2020-02-12 09:49:00,141.0263750205
2020-02-12 09:50:00,140.962917789
2020-02-12 09:51:00,140.836003326
2020-02-12 09:52:00,140.738376816
2020-02-12 09:53:00,140.718851514
2020-02-12 09:54:00,140.8018340475
2020-02-12 09:55:00,140.923867185
2020-02-12 09:56:00,140.933629836
2020-02-12 09:57:00,140.87505393
2020-02-12 09:58:00,141.060544299
2020-02-12 09:59:00,141.138645507
2020-02-12 10:00:00,141.011731044
2020-02-12 10:01:00,140.8506473025
2020-02-12 10:02:00,140.894579232
2020-02-12 10:03:00,140.992205742
2020-02-12 10:04:00,140.97268044
2020-02-12 10:05:00,140.865291279
2020-02-12 10:06:00,140.9092232085
2020-02-12 10:07:00,141.0947135775
2020-02-12 10:08:00,141.089832252
2020-02-12 10:09:00,141.1532894835
2020-02-12 10:10:00,141.138645507
2020-02-12 10:11:00,141.177696111
2020-02-12 10:12:00,141.2509159935
2020-02-12 10:13:00,141.3778304565
2020-02-12 10:14:00,141.4559316645
2020-02-12 10:15:00,141.3778304565
2020-02-12 10:16:00,141.2606786445
2020-02-12 10:17:00,141.206984064
2020-02-12 10:18:00,141.2704412955
2020-02-12 10:19:00,141.216746715
2020-02-12 10:20:00,141.158170809
2020-02-12 10:21:00,141.216746715
2020-02-12 10:22:00,141.2899665975
2020-02-12 10:23:00,141.324135876
2020-02-12 10:24:00,141.294847923
2020-02-12 10:25:00,141.26555997
2020-02-12 10:26:00,141.2802039465
2020-02-12 10:27:00,141.236272017
2020-02-12 10:28:00,141.236272017
2020-02-12 10:29:00,141.255797319
2020-02-12 10:30:00,141.226509366
2020-02-12 10:31:00,141.158170809
2020-02-12 10:32:00,141.197221413
2020-02-12 10:33:00,141.158170809
2020-02-12 10:34:00,141.0947135775
2020-02-12 10:35:00,141.031256346
2020-02-12 10:36:00,140.9873244165
2020-02-12 10:37:00,140.962917789
2020-02-12 10:38:00,140.962917789
2020-02-12 10:39:00,140.9970870675
2020-02-12 10:40:00,140.953155138
2020-02-12 10:41:00,140.953155138
2020-02-12 10:42:00,140.933629836
2020-02-12 10:43:00,140.943392487
2020-02-12 10:44:00,140.894579232
2020-02-12 10:45:00,140.914104534
2020-02-12 10:46:00,141.0361376715
2020-02-12 10:47:00,140.9677991145
2020-02-12 10:48:00,140.9775617655
2020-02-12 10:49:00,141.0068497185
2020-02-12 10:50:00,140.9092232085
2020-02-12 10:51:00,140.86382688135
2020-02-12 10:52:00,140.806715373
2020-02-12 10:53:00,140.7627834435
2020-02-12 10:54:00,140.9092232085
2020-02-12 10:55:00,140.787190071
2020-02-12 10:56:00,140.77742742
2020-02-12 10:57:00,140.77742742
2020-02-12 10:58:00,140.855528628
2020-02-12 10:59:00,140.796952722
2020-02-12 11:00:00,140.7530207925
2020-02-12 11:01:00,140.748139467
2020-02-12 11:02:00,140.787190071
2020-02-12 11:03:00,140.7627834435
2020-02-12 11:04:00,140.709088863
2020-02-12 11:05:00,140.7139701885
2020-02-12 11:06:00,140.7334954905
2020-02-12 11:07:00,140.601699702
2020-02-12 11:08:00,140.77742742
2020-02-12 11:09:00,140.718851514
2020-02-12 11:10:00,140.7237328395
2020-02-12 11:11:00,140.7725460945
2020-02-12 11:12:00,140.73847444251
2020-02-12 11:13:00,140.699326212
2020-02-12 11:14:00,140.543123796
2020-02-12 11:15:00,140.552886447
2020-02-12 11:16:00,140.601699702
2020-02-12 11:17:00,140.543123796
2020-02-12 11:18:00,140.601699702
2020-02-12 11:19:00,140.67980091
2020-02-12 11:20:00,140.7432581415
2020-02-12 11:21:00,140.94973821015
2020-02-12 11:22:00,140.982443091
2020-02-12 11:23:00,141.0849509265
2020-02-12 11:24:00,141.0966661077
2020-02-12 11:25:00,141.197221413
2020-02-12 11:26:00,141.2313906915
2020-02-12 11:27:00,141.36318648
2020-02-12 11:28:00,141.255797319
2020-02-12 11:29:00,141.3192545505
2020-02-12 11:30:00,141.3680678055
2020-02-12 11:31:00,141.372949131
2020-02-12 11:32:00,141.2704412955
2020-02-12 11:33:00,141.372949131
2020-02-12 11:34:00,141.402237084
2020-02-12 11:35:00,141.36318648
2020-02-12 11:36:00,141.177696111
2020-02-12 11:37:00,141.236272017
2020-02-12 11:38:00,141.2021027385
2020-02-12 11:39:00,141.187458762
2020-02-12 11:40:00,141.177696111
2020-02-12 11:41:00,141.119120205
2020-02-12 11:42:00,141.060544299
2020-02-12 11:43:00,141.021493695
2020-02-12 11:44:00,141.109357554
2020-02-12 11:45:00,141.119120205
2020-02-12 11:46:00,141.10828366239
2020-02-12 11:47:00,141.089832252
2020-02-12 11:48:00,141.0751882755
2020-02-12 11:49:00,141.148408158
2020-02-12 11:50:00,141.1825774365
2020-02-12 11:51:00,141.07030695
2020-02-12 11:52:00,141.06493749195
2020-02-12 11:53:00,141.041018997
2020-02-12 11:54:00,141.041018997
2020-02-12 11:55:00,141.021493695
2020-02-12 11:56:00,141.0166123695
2020-02-12 11:57:00,141.0068497185
2020-02-12 11:58:00,140.982443091
2020-02-12 11:59:00,141.001968393
2020-02-12 12:00:00,141.07030695
2020-02-12 12:01:00,141.1113100842
2020-02-12 12:02:00,141.0556629735
2020-02-12 12:03:00,141.099594903
2020-02-12 12:04:00,141.0459003225
2020-02-12 12:05:00,140.992205742
2020-02-12 12:06:00,141.060544299
2020-02-12 12:07:00,141.0751882755
2020-02-12 12:08:00,141.0654256245
2020-02-12 12:09:00,141.031256346
2020-02-12 12:10:00,140.9775617655
2020-02-12 12:11:00,140.9677991145
2020-02-12 12:12:00,140.933629836
2020-02-12 12:13:00,140.982443091
2020-02-12 12:14:00,141.001968393
2020-02-12 12:15:00,141.021493695
2020-02-12 12:16:00,140.953155138
2020-02-12 12:17:00,141.021493695
2020-02-12 12:18:00,141.001968393
2020-02-12 12:19:00,141.001968393
2020-02-12 12:20:00,141.031256346
2020-02-12 12:21:00,141.07030695
2020-02-12 12:22:00,141.060544299
2020-02-12 12:23:00,141.0556629735
2020-02-12 12:24:00,141.0556629735
2020-02-12 12:25:00,141.011731044
2020-02-12 12:26:00,141.001968393
2020-02-12 12:27:00,141.011731044
2020-02-12 12:28:00,141.07958146845
2020-02-12 12:29:00,141.041018997
2020-02-12 12:30:00,141.011731044
2020-02-12 12:31:00,140.97268044
2020-02-12 12:32:00,140.962917789
2020-02-12 12:33:00,140.982443091
2020-02-12 12:34:00,141.041018997
2020-02-12 12:35:00,141.0459003225
2020-02-12 12:36:00,141.011731044
2020-02-12 12:37:00,141.031256346
2020-02-12 12:38:00,141.041018997
2020-02-12 12:39:00,141.031256346
2020-02-12 12:40:00,141.031256346
2020-02-12 12:41:00,140.97268044
2020-02-12 12:42:00,140.943392487
2020-02-12 12:43:00,140.953155138
2020-02-12 12:44:00,140.97268044
2020-02-12 12:45:00,140.962917789
2020-02-12 12:46:00,140.933629836
2020-02-12 12:47:00,140.87505393
2020-02-12 12:48:00,140.8115966985
2020-02-12 12:49:00,140.826240675
2020-02-12 12:50:00,140.75799974451
2020-02-12 12:51:00,140.787190071
2020-02-12 12:52:00,140.77742742
2020-02-12 12:53:00,140.757902118
2020-02-12 12:54:00,140.630987655
2020-02-12 12:55:00,140.621225004
2020-02-12 12:56:00,140.670038259
2020-02-12 12:57:00,140.67980091
2020-02-12 12:58:00,140.670038259
2020-02-12 12:59:00,140.640750306
2020-02-12 13:00:00,140.660275608
2020-02-12 13:01:00,140.70762446535
2020-02-12 13:02:00,140.67980091
2020-02-12 13:03:00,140.660275608
2020-02-12 13:04:00,140.543123796
2020-02-12 13:05:00,140.474785239
2020-02-12 13:06:00,140.455259937
2020-02-12 13:07:00,140.4503786115
2020-02-12 13:08:00,140.406446682
2020-02-12 13:09:00,140.28929487
2020-02-12 13:10:00,140.21324381871
2020-02-12 13:11:00,140.230718964
2020-02-12 13:12:00,140.230718964
2020-02-12 13:13:00,140.230718964
2020-02-12 13:14:00,140.240481615
2020-02-12 13:15:00,140.3039388465
2020-02-12 13:16:00,140.357633427
2020-02-12 13:17:00,140.523598494
2020-02-12 13:18:00,140.367396078
2020-02-12 13:19:00,140.318582823
2020-02-12 13:20:00,140.38692138
2020-02-12 13:21:00,140.3068676418
2020-02-12 13:22:00,140.29437144852
2020-02-12 13:23:00,140.318582823
2020-02-12 13:24:00,140.38692138
2020-02-12 13:25:00,140.44090884003
2020-02-12 13:26:00,140.494310541
2020-02-12 13:27:00,140.494310541
2020-02-12 13:28:00,140.552886447
2020-02-12 13:29:00,140.621225004
2020-02-12 13:30:00,140.650512957
2020-02-12 13:31:00,140.718851514
2020-02-12 13:32:00,140.670038259
2020-02-12 13:33:00,140.670038259
2020-02-12 13:34:00,140.611462353
2020-02-12 13:35:00,140.611462353
2020-02-12 13:36:00,140.6456316315
2020-02-12 13:37:00,140.660275608
2020-02-12 13:38:00,140.6846822355
2020-02-12 13:39:00,140.699326212
2020-02-12 13:40:00,140.689563561
2020-02-12 13:41:00,140.6983499469
2020-02-12 13:42:00,140.718851514
2020-02-12 13:43:00,140.718851514
2020-02-12 13:44:00,140.7530207925
2020-02-12 13:45:00,140.796952722
2020-02-12 13:46:00,140.73310498446
2020-02-12 13:47:00,140.699326212
2020-02-12 13:48:00,140.70635532072
2020-02-12 13:49:00,140.67980091
2020-02-12 13:50:00,140.70703870629
2020-02-12 13:51:00,140.67980091
2020-02-12 13:52:00,140.591937051
2020-02-12 13:53:00,140.552886447
2020-02-12 13:54:00,140.543123796
2020-02-12 13:55:00,140.48454789
2020-02-12 13:56:00,140.445497286
2020-02-12 13:57:00,140.543123796
2020-02-12 13:58:00,140.621225004
2020-02-12 13:59:00,140.5870557255
2020-02-12 14:00:00,140.630987655
2020-02-12 14:01:00,140.66915962041
2020-02-12 14:02:00,140.699326212
2020-02-12 14:03:00,140.630987655
2020-02-12 14:04:00,140.67980091
2020-02-12 14:05:00,140.7139701885
2020-02-12 14:06:00,140.796952722
2020-02-12 14:07:00,140.796952722
2020-02-12 14:08:00,140.738376816
2020-02-12 14:09:00,140.796952722
2020-02-12 14:10:00,140.767664769
2020-02-12 14:11:00,140.77742742
2020-02-12 14:12:00,140.757902118
2020-02-12 14:13:00,140.718851514
2020-02-12 14:14:00,140.689563561
2020-02-12 14:15:00,140.640750306
2020-02-12 14:16:00,140.650512957
2020-02-12 14:17:00,140.640750306
2020-02-12 14:18:00,140.66974537947
2020-02-12 14:19:00,140.6651569335
2020-02-12 14:20:00,140.650512957
2020-02-12 14:21:00,140.65158684861
2020-02-12 14:22:00,140.611462353
2020-02-12 14:23:00,140.601699702
2020-02-12 14:24:00,140.5870557255
2020-02-12 14:25:00,140.5772930745
2020-02-12 14:26:00,140.523598494
2020-02-12 14:27:00,140.504073192
2020-02-12 14:28:00,140.504073192
2020-02-12 14:29:00,140.48454789
2020-02-12 14:30:00,140.48454789
2020-02-12 14:31:00,140.5187171685
2020-02-12 14:32:00,140.504073192
2020-02-12 14:33:00,140.513835843
2020-02-12 14:34:00,140.504073192
2020-02-12 14:35:00,140.465022588
2020-02-12 14:36:00,140.455259937
2020-02-12 14:37:00,140.445497286
2020-02-12 14:38:00,140.416209333
2020-02-12 14:39:00,140.377158729
2020-02-12 14:40:00,140.38692138
2020-02-12 14:41:00,140.435734635
2020-02-12 14:42:00,140.38692138
2020-02-12 14:43:00,140.36563880082
2020-02-12 14:44:00,140.357633427
2020-02-12 14:45:00,140.308820172
2020-02-12 14:46:00,140.328345474
2020-02-12 14:47:00,140.3918027055
2020-02-12 14:48:00,140.38692138
2020-02-12 14:49:00,140.416209333
2020-02-12 14:50:00,140.406446682
2020-02-12 14:51:00,140.44442339439
2020-02-12 14:52:00,140.396684031
2020-02-12 14:53:00,140.4113280075
2020-02-12 14:54:00,140.396684031
2020-02-12 14:55:00,140.357633427
2020-02-12 14:56:00,140.328345474
2020-02-12 14:57:00,140.299057521
2020-02-12 14:58:00,140.338108125
2020-02-12 14:59:00,140.357633427
2020-02-12 15:00:00,140.347870776
2020-02-12 15:01:00,140.38692138
2020-02-12 15:02:00,140.396684031
2020-02-12 15:03:00,140.367396078
2020-02-12 15:04:00,140.4015653565
2020-02-12 15:05:00,140.396684031
2020-02-12 15:06:00,140.38692138
2020-02-12 15:07:00,140.299057521
2020-02-12 15:08:00,140.338108125
2020-02-12 15:09:00,140.318582823
2020-02-12 15:10:00,140.28929487
2020-02-12 15:11:00,140.250244266
2020-02-12 15:12:00,140.299057521
2020-02-12 15:13:00,140.211193662
2020-02-12 15:14:00,140.260006917
2020-02-12 15:15:00,140.30608662972
2020-02-12 15:16:00,140.269769568
2020-02-12 15:17:00,140.240481615
2020-02-12 15:18:00,140.318582823
2020-02-12 15:19:00,140.338108125
2020-02-12 15:20:00,140.299057521
2020-02-12 15:21:00,140.28929487
2020-02-12 15:22:00,140.260006917
2020-02-12 15:23:00,140.260006917
2020-02-12 15:24:00,140.250244266
2020-02-12 15:25:00,140.279532219
2020-02-12 15:26:00,140.240481615
2020-02-12 15:27:00,140.250244266
2020-02-12 15:28:00,140.181905709
2020-02-12 15:29:00,140.230718964
2020-02-12 15:30:00,140.250244266
2020-02-12 15:31:00,140.28929487
2020-02-12 15:32:00,140.230718964
2020-02-12 15:33:00,140.211193662
2020-02-12 15:34:00,140.181905709
2020-02-12 15:35:00,140.308820172
2020-02-12 15:36:00,140.269769568
2020-02-12 15:37:00,140.269769568
2020-02-12 15:38:00,140.250244266
2020-02-12 15:39:00,140.201431011
2020-02-12 15:40:00,140.2356002895
2020-02-12 15:41:00,140.250244266
2020-02-12 15:42:00,140.308820172
2020-02-12 15:43:00,140.260006917
2020-02-12 15:44:00,140.269769568
2020-02-12 15:45:00,140.24448430191
2020-02-12 15:46:00,140.250244266
2020-02-12 15:47:00,140.2160749875
2020-02-12 15:48:00,140.220956313
2020-02-12 15:49:00,140.2453629405
2020-02-12 15:50:00,140.211193662
2020-02-12 15:51:00,140.2551255915
2020-02-12 15:52:00,140.250244266
2020-02-12 15:53:00,140.279532219
2020-02-12 15:54:00,140.260006917
2020-02-12 15:55:00,140.279532219
2020-02-12 15:56:00,140.328345474
2020-02-12 15:57:00,140.260006917
2020-02-12 15:58:00,140.1282111285
2020-02-12 15:59:00,140.211193662
2020-02-12 16:00:00,140.123329803
2020-02-13 09:31:00,140.192032356
2020-02-13 09:32:00,140.62381518
2020-02-13 09:33:00,140.692507902
2020-02-13 09:34:00,140.564935704
2020-02-13 09:35:00,140.800453608
2020-02-13 09:36:00,140.957465544
2020-02-13 09:37:00,140.682694656
2020-02-13 09:38:00,140.6753347215
2020-02-13 09:39:00,140.702321148
2020-02-13 09:40:00,140.72194764
2020-02-13 09:41:00,140.407923768
2020-02-13 09:42:00,140.57474895
2020-02-13 09:43:00,140.506056228
2020-02-13 09:44:00,140.466803244
2020-02-13 09:45:00,140.456989998
2020-02-13 09:46:00,140.319604554
2020-02-13 09:47:00,140.417737014
2020-02-13 09:48:00,140.37848403
2020-02-13 09:49:00,140.47661649
2020-02-13 09:50:00,140.349044292
2020-02-13 09:51:00,140.353950915
2020-02-13 09:52:00,140.447176752
2020-02-13 09:53:00,140.417737014
2020-02-13 09:54:00,140.309791308
2020-02-13 09:55:00,140.319604554
2020-02-13 09:56:00,140.142966126
2020-02-13 09:57:00,140.118433011
2020-02-13 09:58:00,140.074273404
2020-02-13 09:59:00,139.878008484
2020-02-13 10:00:00,139.78968927
2020-02-13 10:01:00,139.995767436
2020-02-13 10:02:00,140.025207174
2020-02-13 10:03:00,140.11293759324
2020-02-13 10:04:00,140.015393928
2020-02-13 10:05:00,140.025207174
2020-02-13 10:06:00,140.015393928
2020-02-13 10:07:00,140.030113797
2020-02-13 10:08:00,139.848568746
2020-02-13 10:09:00,139.946701206
2020-02-13 10:10:00,139.927074714
2020-02-13 10:11:00,140.044833666
2020-02-13 10:12:00,140.03502042
2020-02-13 10:13:00,140.103713142
2020-02-13 10:14:00,140.054646912
2020-02-13 10:15:00,140.103713142
2020-02-13 10:16:00,139.995767436
2020-02-13 10:17:00,139.951607829
2020-02-13 10:18:00,140.005580682
2020-02-13 10:19:00,140.000674059
2020-02-13 10:20:00,140.069366781
2020-02-13 10:21:00,140.054646912
2020-02-13 10:22:00,139.96622956554
2020-02-13 10:23:00,140.044833666
2020-02-13 10:24:00,140.162592618
2020-02-13 10:25:00,140.093899896
2020-02-13 10:26:00,140.030113797
2020-02-13 10:27:00,140.093899896
2020-02-13 10:28:00,140.010487305
2020-02-13 10:29:00,139.93688796
2020-02-13 10:30:00,139.98595419
2020-02-13 10:31:00,140.054646912
2020-02-13 10:32:00,140.074273404
2020-02-13 10:33:00,139.995767436
2020-02-13 10:34:00,139.966327698
2020-02-13 10:35:00,140.00096845638
2020-02-13 10:36:00,140.039927043
2020-02-13 10:37:00,139.946701206
2020-02-13 10:38:00,139.912354845
2020-02-13 10:39:00,139.927074714
2020-02-13 10:40:00,139.8387555
2020-02-13 10:41:00,139.863288615
2020-02-13 10:42:00,139.770062778
2020-02-13 10:43:00,139.878008484
2020-02-13 10:44:00,139.88782173
2020-02-13 10:45:00,139.917261468
2020-02-13 10:46:00,139.951607829
2020-02-13 10:47:00,139.917261468
2020-02-13 10:48:00,139.966327698
2020-02-13 10:49:00,140.074273404
2020-02-13 10:50:00,140.074273404
2020-02-13 10:51:00,140.064460158
2020-02-13 10:52:00,140.103713142
2020-02-13 10:53:00,140.074273404
2020-02-13 10:54:00,140.025207174
2020-02-13 10:55:00,140.108619765
2020-02-13 10:56:00,140.103713142
2020-02-13 10:57:00,140.13315288
2020-02-13 10:58:00,140.103713142
2020-02-13 10:59:00,140.108619765
2020-02-13 11:00:00,140.103713142
2020-02-13 11:01:00,140.08408665
2020-02-13 11:02:00,140.13315288
2020-02-13 11:03:00,140.123339634
2020-02-13 11:04:00,140.059553535
2020-02-13 11:05:00,140.069366781
2020-02-13 11:06:00,140.079180027
2020-02-13 11:07:00,140.03502042
2020-02-13 11:08:00,140.015393928
2020-02-13 11:09:00,139.995767436
2020-02-13 11:10:00,140.138059503
2020-02-13 11:11:00,140.123339634
2020-02-13 11:12:00,140.103713142
2020-02-13 11:13:00,140.123339634
2020-02-13 11:14:00,140.192032356
2020-02-13 11:15:00,140.138059503
2020-02-13 11:16:00,140.08408665
2020-02-13 11:17:00,140.08408665
2020-02-13 11:18:00,140.113526388
2020-02-13 11:19:00,140.172405864
2020-02-13 11:20:00,140.093899896
2020-02-13 11:21:00,140.152779372
2020-02-13 11:22:00,140.142966126
2020-02-13 11:23:00,140.113526388
2020-02-13 11:24:00,140.3294178
2020-02-13 11:25:00,140.456989998
2020-02-13 11:26:00,140.437363506
2020-02-13 11:27:00,140.353950915
2020-02-13 11:28:00,140.339231046
2020-02-13 11:29:00,140.324511177
2020-02-13 11:30:00,140.3294178
2020-02-13 11:31:00,140.28035157
2020-02-13 11:32:00,140.363764161
2020-02-13 11:33:00,140.456989998
2020-02-13 11:34:00,140.456989998
2020-02-13 11:35:00,140.417737014
2020-02-13 11:36:00,140.398110522
2020-02-13 11:37:00,140.358857538
2020-02-13 11:38:00,140.309791308
2020-02-13 11:39:00,140.290164816
2020-02-13 11:40:00,140.221472094
2020-02-13 11:41:00,140.201845602
2020-02-13 11:42:00,140.192032356
2020-02-13 11:43:00,140.162592618
2020-02-13 11:44:00,140.172405864
2020-02-13 11:45:00,140.187125733
2020-02-13 11:46:00,140.128246257
2020-02-13 11:47:00,140.162592618
2020-02-13 11:48:00,140.059553535
2020-02-13 11:49:00,140.044833666
2020-02-13 11:50:00,140.074273404
2020-02-13 11:51:00,140.08408665
2020-02-13 11:52:00,140.074273404
2020-02-13 11:53:00,140.093899896
2020-02-13 11:54:00,140.08408665
2020-02-13 11:55:00,140.064460158
2020-02-13 11:56:00,140.074273404
2020-02-13 11:57:00,140.103713142
2020-02-13 11:58:00,140.118433011
2020-02-13 11:59:00,140.08408665
2020-02-13 12:00:00,140.07172196004
2020-02-13 12:01:00,140.03502042
2020-02-13 12:02:00,140.08320345786
2020-02-13 12:03:00,140.08408665
2020-02-13 12:04:00,140.098806519
2020-02-13 12:05:00,140.0870306238
2020-02-13 12:06:00,140.1159796995
2020-02-13 12:07:00,140.08408665
2020-02-13 12:08:00,140.064460158
2020-02-13 12:09:00,140.13315288
2020-02-13 12:10:00,140.128246257
2020-02-13 12:11:00,140.098806519
2020-02-13 12:12:00,140.093899896
2020-02-13 12:13:00,140.074273404
2020-02-13 12:14:00,140.08408665
2020-02-13 12:15:00,140.08408665
2020-02-13 12:16:00,140.123339634
2020-02-13 12:17:00,140.103713142
2020-02-13 12:18:00,140.113526388
2020-02-13 12:19:00,140.118433011
2020-02-13 12:20:00,140.123339634
2020-02-13 12:21:00,140.064460158
2020-02-13 12:22:00,140.074273404
2020-02-13 12:23:00,140.054646912
2020-02-13 12:24:00,140.03502042
2020-02-13 12:25:00,140.0129406165
2020-02-13 12:26:00,140.03502042
2020-02-13 12:27:00,139.966327698
2020-02-13 12:28:00,139.917261468
2020-02-13 12:29:00,139.966327698
2020-02-13 12:30:00,139.98978135594
2020-02-13 12:31:00,139.966327698
2020-02-13 12:32:00,139.966327698
2020-02-13 12:33:00,140.005580682
2020-02-13 12:34:00,140.064460158
2020-02-13 12:35:00,140.088993273
2020-02-13 12:36:00,140.103713142
2020-02-13 12:37:00,140.08408665
2020-02-13 12:38:00,140.0698574433
2020-02-13 12:39:00,140.123339634
2020-02-13 12:40:00,140.11048428174
2020-02-13 12:41:00,140.113526388
2020-02-13 12:42:00,140.03502042
2020-02-13 12:43:00,140.025207174
2020-02-13 12:44:00,140.039927043
2020-02-13 12:45:00,140.059553535
2020-02-13 12:46:00,140.005580682
2020-02-13 12:47:00,139.956514452
2020-02-13 12:48:00,139.995767436
2020-02-13 12:49:00,139.93688796
2020-02-13 12:50:00,139.848568746
2020-02-13 12:51:00,139.917261468
2020-02-13 12:52:00,139.917261468
2020-02-13 12:53:00,139.917261468
2020-02-13 12:54:00,139.917261468
2020-02-13 12:55:00,139.902541599
2020-02-13 12:56:00,139.88782173
2020-02-13 12:57:00,139.868195238
2020-02-13 12:58:00,139.917261468
2020-02-13 12:59:00,139.907448222
2020-02-13 13:00:00,139.858381992
2020-02-13 13:01:00,139.892728353
2020-02-13 13:02:00,139.927074714
2020-02-13 13:03:00,139.897634976
2020-02-13 13:04:00,139.91912598474
2020-02-13 13:05:00,139.848568746
2020-02-13 13:06:00,139.897634976
2020-02-13 13:07:00,139.912354845
2020-02-13 13:08:00,139.93688796
2020-02-13 13:09:00,139.951607829
2020-02-13 13:10:00,139.956514452
2020-02-13 13:11:00,139.995767436
2020-02-13 13:12:00,139.966327698
2020-02-13 13:13:00,139.966327698
2020-02-13 13:14:00,139.966327698
2020-02-13 13:15:00,139.917261468
2020-02-13 13:16:00,139.858381992
2020-02-13 13:17:00,139.770062778
2020-02-13 13:18:00,139.819129008
2020-02-13 13:19:00,139.819129008
2020-02-13 13:20:00,139.799502516
2020-02-13 13:21:00,139.8387555
2020-02-13 13:22:00,139.809315762
2020-02-13 13:23:00,139.78968927
2020-02-13 13:24:00,139.799502516
2020-02-13 13:25:00,139.74062304
2020-02-13 13:26:00,139.711183302
2020-02-13 13:27:00,139.730809794
2020-02-13 13:28:00,139.750436286
2020-02-13 13:29:00,139.779876024
2020-02-13 13:30:00,139.78007228892
2020-02-13 13:31:00,139.804409139
2020-02-13 13:32:00,139.848568746
2020-02-13 13:33:00,139.931981337
2020-02-13 13:34:00,139.927074714
2020-02-13 13:35:00,139.93688796
2020-02-13 13:36:00,139.917261468
2020-02-13 13:37:00,139.931981337
2020-02-13 13:38:00,139.858381992
2020-02-13 13:39:00,139.868195238
2020-02-13 13:40:00,139.868195238
2020-02-13 13:41:00,139.878008484
2020-02-13 13:42:00,139.897634976
2020-02-13 13:43:00,139.95867336612
2020-02-13 13:44:00,140.025207174
2020-02-13 13:45:00,140.015393928
2020-02-13 13:46:00,140.005580682
2020-02-13 13:47:00,140.06328256848
2020-02-13 13:48:00,140.044833666
2020-02-13 13:49:00,140.039927043
2020-02-13 13:50:00,140.044833666
2020-02-13 13:51:00,140.044833666
2020-02-13 13:52:00,140.005580682
2020-02-13 13:53:00,140.025207174
2020-02-13 13:54:00,140.015393928
2020-02-13 13:55:00,139.966327698
2020-02-13 13:56:00,140.0487589644
2020-02-13 13:57:00,140.044833666
2020-02-13 13:58:00,140.059553535
2020-02-13 13:59:00,140.074273404
2020-02-13 14:00:00,140.074273404
2020-02-13 14:01:00,140.064460158
2020-02-13 14:02:00,140.103713142
2020-02-13 14:03:00,140.074273404
2020-02-13 14:04:00,140.113526388
2020-02-13 14:05:00,140.13315288
2020-02-13 14:06:00,140.162592618
2020-02-13 14:07:00,140.142966126
2020-02-13 14:08:00,140.103713142
2020-02-13 14:09:00,140.13315288
2020-02-13 14:10:00,140.142966126
2020-02-13 14:11:00,140.08408665
2020-02-13 14:12:00,140.064460158
2020-02-13 14:13:00,140.103713142
2020-02-13 14:14:00,140.09331110124
2020-02-13 14:15:00,140.103713142
2020-02-13 14:16:00,140.08408665
2020-02-13 14:17:00,140.020300551
2020-02-13 14:18:00,140.044833666
2020-02-13 14:19:00,140.064460158
2020-02-13 14:20:00,140.103713142
2020-02-13 14:21:00,140.103713142
2020-02-13 14:22:00,140.05376371986
2020-02-13 14:23:00,140.064460158
2020-02-13 14:24:00,140.098806519
2020-02-13 14:25:00,140.044833666
2020-02-13 14:26:00,140.03502042
2020-02-13 14:27:00,140.025207174
2020-02-13 14:28:00,140.015393928
2020-02-13 14:29:00,139.9805569047
2020-02-13 14:30:00,139.927074714
2020-02-13 14:31:00,139.98595419
2020-02-13 14:32:00,139.966327698
2020-02-13 14:33:00,139.981047567
2020-02-13 14:34:00,139.995767436
2020-02-13 14:35:00,140.000674059
2020-02-13 14:36:00,140.000674059
2020-02-13 14:37:00,139.966327698
2020-02-13 14:38:00,139.995767436
2020-02-13 14:39:00,139.966327698
2020-02-13 14:40:00,139.99017388578
2020-02-13 14:41:00,139.976140944
2020-02-13 14:42:00,139.897634976
2020-02-13 14:43:00,139.946701206
2020-02-13 14:44:00,139.93688796
2020-02-13 14:45:00,139.87810661646
2020-02-13 14:46:00,139.828942254
2020-02-13 14:47:00,139.828942254
2020-02-13 14:48:00,139.779876024
2020-02-13 14:49:00,139.809315762
2020-02-13 14:50:00,139.799502516
2020-02-13 14:51:00,139.8407181492
2020-02-13 14:52:00,139.819129008
2020-02-13 14:53:00,139.809315762
2020-02-13 14:54:00,139.843662123
2020-02-13 14:55:00,139.828942254
2020-02-13 14:56:00,139.828942254
2020-02-13 14:57:00,139.927074714
2020-02-13 14:58:00,139.927074714
2020-02-13 14:59:00,139.927074714
2020-02-13 15:00:00,139.828942254
2020-02-13 15:01:00,139.848568746
2020-02-13 15:02:00,139.819129008
2020-02-13 15:03:00,139.730809794
2020-02-13 15:04:00,139.750436286
2020-02-13 15:05:00,139.662117072
2020-02-13 15:06:00,139.667023695
2020-02-13 15:07:00,139.69155681
2020-02-13 15:08:00,139.735716417
2020-02-13 15:09:00,139.730809794
2020-02-13 15:10:00,139.730809794
2020-02-13 15:11:00,139.720996548
2020-02-13 15:12:00,139.667023695
2020-02-13 15:13:00,139.681743564
2020-02-13 15:14:00,139.613050842
2020-02-13 15:15:00,139.534544874
2020-02-13 15:16:00,139.510011759
2020-02-13 15:17:00,139.39784635722
2020-02-13 15:18:00,139.39715943
2020-02-13 15:19:00,139.416785922
2020-02-13 15:20:00,139.451132283
2020-02-13 15:21:00,139.456038906
2020-02-13 15:22:00,139.392252807
2020-02-13 15:23:00,139.426599168
2020-02-13 15:24:00,139.475665398
2020-02-13 15:25:00,139.475665398
2020-02-13 15:26:00,139.49529189
2020-02-13 15:27:00,139.505105136
2020-02-13 15:28:00,139.456038906
2020-02-13 15:29:00,139.475665398
2020-02-13 15:30:00,139.475665398
2020-02-13 15:31:00,139.441319037
2020-02-13 15:32:00,139.470758775
2020-02-13 15:33:00,139.44622566
2020-02-13 15:34:00,139.338279954
2020-02-13 15:35:00,139.387346184
2020-02-13 15:36:00,139.431505791
2020-02-13 15:37:00,139.406972676
2020-02-13 15:38:00,139.392252807
2020-02-13 15:39:00,139.367719692
2020-02-13 15:40:00,139.318653462
2020-02-13 15:41:00,139.259773986
2020-02-13 15:42:00,139.245054117
2020-02-13 15:43:00,139.230334248
2020-02-13 15:44:00,139.279400478
2020-02-13 15:45:00,139.29902697
2020-02-13 15:46:00,139.24996074
2020-02-13 15:47:00,139.279400478
2020-02-13 15:48:00,139.328466708
2020-02-13 15:49:00,139.357906446
2020-02-13 15:50:00,139.426599168
2020-02-13 15:51:00,139.485478644
2020-02-13 15:52:00,139.387346184
2020-02-13 15:53:00,139.323560085
2020-02-13 15:54:00,139.426599168
2020-02-13 15:55:00,139.456038906
2020-02-13 15:56:00,139.456038906
2020-02-13 15:57:00,139.3480932
2020-02-13 15:58:00,139.2916670355
2020-02-13 15:59:00,139.235240871
2020-02-13 16:00:00,139.142015034
2020-02-14 09:31:00,139.024256082
2020-02-14 09:32:00,139.15182828
2020-02-14 09:33:00,138.940843491
2020-02-14 09:34:00,138.886870638
2020-02-14 09:35:00,138.985003098
2020-02-14 09:36:00,138.764205063
2020-02-14 09:37:00,138.61209975
2020-02-14 09:38:00,138.523780536
2020-02-14 09:39:00,138.631726242
2020-02-14 09:40:00,138.965376606
2020-02-14 09:41:00,139.3480932
2020-02-14 09:42:00,139.49529189
2020-02-14 09:43:00,139.387346184
2020-02-14 09:44:00,139.392252807
2020-02-14 09:45:00,139.406972676
2020-02-14 09:46:00,139.485478644
2020-02-14 09:47:00,139.45348746204
2020-02-14 09:48:00,139.554171366
2020-02-14 09:49:00,139.426599168
2020-02-14 09:50:00,139.465852152
2020-02-14 09:51:00,139.465852152
2020-02-14 09:52:00,139.416785922
2020-02-14 09:53:00,139.514918382
2020-02-14 09:54:00,139.44622566
2020-02-14 09:55:00,139.39715943
2020-02-14 09:56:00,139.240147494
2020-02-14 09:57:00,139.22375937318
2020-02-14 09:58:00,139.210707756
2020-02-14 09:59:00,139.230334248
2020-02-14 10:00:00,139.289213724
2020-02-14 10:01:00,139.25398417086
2020-02-14 10:02:00,139.269587232
2020-02-14 10:03:00,139.279400478
2020-02-14 10:04:00,139.29902697
2020-02-14 10:05:00,139.264680609
2020-02-14 10:06:00,139.294120347
2020-02-14 10:07:00,139.289213724
2020-02-14 10:08:00,139.352999823
2020-02-14 10:09:00,139.338279954
2020-02-14 10:10:00,139.387346184
2020-02-14 10:11:00,139.338279954
2020-02-14 10:12:00,139.338279954
2020-02-14 10:13:00,139.352999823
2020-02-14 10:14:00,139.29912510246
2020-02-14 10:15:00,139.318653462
2020-02-14 10:16:00,139.362813069
2020-02-14 10:17:00,139.382439561
2020-02-14 10:18:00,139.411879299
2020-02-14 10:19:00,139.367719692
2020-02-14 10:20:00,139.406972676
2020-02-14 10:21:00,139.456038906
2020-02-14 10:22:00,139.465852152
2020-02-14 10:23:00,139.426599168
2020-02-14 10:24:00,139.406972676
2020-02-14 10:25:00,139.387346184
2020-02-14 10:26:00,139.377532938
2020-02-14 10:27:00,139.318653462
2020-02-14 10:28:00,139.31649454788
2020-02-14 10:29:00,139.2759658419
2020-02-14 10:30:00,139.210707756
2020-02-14 10:31:00,139.24996074
2020-02-14 10:32:00,139.328466708
2020-02-14 10:33:00,139.357906446
2020-02-14 10:34:00,139.352999823
2020-02-14 10:35:00,139.318653462
2020-02-14 10:36:00,139.338279954
2020-02-14 10:37:00,139.377532938
2020-02-14 10:38:00,139.426599168
2020-02-14 10:39:00,139.27086295398
2020-02-14 10:40:00,139.27410132516
2020-02-14 10:41:00,139.29902697
2020-02-14 10:42:00,139.318653462
2020-02-14 10:43:00,139.279400478
2020-02-14 10:44:00,139.210707756
2020-02-14 10:45:00,139.083135558
2020-02-14 10:46:00,139.15182828
2020-02-14 10:47:00,139.171454772
2020-02-14 10:48:00,139.171454772
2020-02-14 10:49:00,139.220521002
2020-02-14 10:50:00,139.220521002
2020-02-14 10:51:00,139.176361395
2020-02-14 10:52:00,139.10276205
2020-02-14 10:53:00,139.03858342116
2020-02-14 10:54:00,138.90649713
2020-02-14 10:55:00,138.935936868
2020-02-14 10:56:00,138.926123622
2020-02-14 10:57:00,138.818177916
2020-02-14 10:58:00,138.749485194
2020-02-14 10:59:00,138.818177916
2020-02-14 11:00:00,138.818177916
2020-02-14 11:01:00,138.749485194
2020-02-14 11:02:00,138.867244146
2020-02-14 11:03:00,138.916310376
2020-02-14 11:04:00,138.95556336
2020-02-14 11:05:00,138.90649713
2020-02-14 11:06:00,138.950656737
2020-02-14 11:07:00,138.896683884
2020-02-14 11:08:00,138.916310376
2020-02-14 11:09:00,138.90649713
2020-02-14 11:10:00,138.90649713
2020-02-14 11:11:00,138.985003098
2020-02-14 11:12:00,139.00462959
2020-02-14 11:13:00,138.935936868
2020-02-14 11:14:00,138.989909721
2020-02-14 11:15:00,138.96547473846
2020-02-14 11:16:00,139.00462959
2020-02-14 11:17:00,138.896683884
2020-02-14 11:18:00,139.043882574
2020-02-14 11:19:00,139.019349459
2020-02-14 11:20:00,138.994816344
2020-02-14 11:21:00,138.975189852
2020-02-14 11:22:00,138.975189852
2020-02-14 11:23:00,138.935936868
2020-02-14 11:24:00,138.989909721
2020-02-14 11:25:00,139.043882574
2020-02-14 11:26:00,138.935936868
2020-02-14 11:27:00,138.877057392
2020-02-14 11:28:00,138.862337523
2020-02-14 11:29:00,138.778924932
2020-02-14 11:30:00,138.788738178
2020-02-14 11:31:00,138.75929844
2020-02-14 11:32:00,138.877057392
2020-02-14 11:33:00,138.84251476608
2020-02-14 11:34:00,138.867244146
2020-02-14 11:35:00,138.837804408
2020-02-14 11:36:00,138.867244146
2020-02-14 11:37:00,138.877057392
2020-02-14 11:38:00,138.877057392
2020-02-14 11:39:00,138.926123622
2020-02-14 11:40:00,138.931030245
2020-02-14 11:41:00,138.945750114
2020-02-14 11:42:00,138.935936868
2020-02-14 11:43:00,138.965376606
2020-02-14 11:44:00,138.945750114
2020-02-14 11:45:00,138.926123622
2020-02-14 11:46:00,138.881964015
2020-02-14 11:47:00,138.91640850846
2020-02-14 11:48:00,138.9295582581
2020-02-14 11:49:00,138.896683884
2020-02-14 11:50:00,138.83378097714
2020-02-14 11:51:00,138.837804408
2020-02-14 11:52:00,138.881964015
2020-02-14 11:53:00,138.827991162
2020-02-14 11:54:00,138.827991162
2020-02-14 11:55:00,138.842711031
2020-02-14 11:56:00,138.842711031
2020-02-14 11:57:00,138.926123622
2020-02-14 11:58:00,138.95556336
2020-02-14 11:59:00,138.916310376
2020-02-14 12:00:00,138.867244146
2020-02-14 12:01:00,138.881964015
2020-02-14 12:02:00,138.842711031
2020-02-14 12:03:00,138.827991162
2020-02-14 12:04:00,138.827991162
2020-02-14 12:05:00,138.80846280246
2020-02-14 12:06:00,138.788738178
2020-02-14 12:07:00,138.769111686
2020-02-14 12:08:00,138.798551424
2020-02-14 12:09:00,138.827991162
2020-02-14 12:10:00,138.847617654
2020-02-14 12:11:00,138.86999185488
2020-02-14 12:12:00,138.80836467
2020-02-14 12:13:00,138.803458047
2020-02-14 12:14:00,138.803458047
2020-02-14 12:15:00,138.8574309
2020-02-14 12:16:00,138.916310376
2020-02-14 12:17:00,138.90649713
2020-02-14 12:18:00,138.916310376
2020-02-14 12:19:00,138.916310376
2020-02-14 12:20:00,138.926123622
2020-02-14 12:21:00,138.896683884
2020-02-14 12:22:00,138.877057392
2020-02-14 12:23:00,138.886870638
2020-02-14 12:24:00,138.886870638
2020-02-14 12:25:00,138.94319867004
2020-02-14 12:26:00,138.90649713
2020-02-14 12:27:00,138.911403753
2020-02-14 12:28:00,138.877057392
2020-02-14 12:29:00,138.847617654
2020-02-14 12:30:00,138.803458047
2020-02-14 12:31:00,138.813271293
2020-02-14 12:32:00,138.788738178
2020-02-14 12:33:00,138.798551424
2020-02-14 12:34:00,138.754391817
2020-02-14 12:35:00,138.75929844
2020-02-14 12:36:00,138.75929844
2020-02-14 12:37:00,138.7637144007
2020-02-14 12:38:00,138.749485194
2020-02-14 12:39:00,138.729858702
2020-02-14 12:40:00,138.75929844
2020-02-14 12:41:00,138.749485194
2020-02-14 12:42:00,138.7406532726
2020-02-14 12:43:00,138.690605718
2020-02-14 12:44:00,138.670979226
2020-02-14 12:45:00,138.685699095
2020-02-14 12:46:00,138.720045456
2020-02-14 12:47:00,138.66116598
2020-02-14 12:48:00,138.6587126685
2020-02-14 12:49:00,138.670979226
2020-02-14 12:50:00,138.739671948
2020-02-14 12:51:00,138.695512341
2020-02-14 12:52:00,138.558126897
2020-02-14 12:53:00,138.533593782
2020-02-14 12:54:00,138.504154044
2020-02-14 12:55:00,138.489434175
2020-02-14 12:56:00,138.469807683
2020-02-14 12:57:00,138.406021584
2020-02-14 12:58:00,138.425648076
2020-02-14 12:59:00,138.469807683
2020-02-14 13:00:00,138.435461322
2020-02-14 13:01:00,138.376581846
2020-02-14 13:02:00,138.406021584
2020-02-14 13:03:00,138.396208338
2020-02-14 13:04:00,138.3667686
2020-02-14 13:05:00,138.410928207
2020-02-14 13:06:00,138.425648076
2020-02-14 13:07:00,138.435461322
2020-02-14 13:08:00,138.386395092
2020-02-14 13:09:00,138.31770237
2020-02-14 13:10:00,138.31171628994
2020-02-14 13:11:00,138.406021584
2020-02-14 13:12:00,138.455087814
2020-02-14 13:13:00,138.435461322
2020-02-14 13:14:00,138.455087814
2020-02-14 13:15:00,138.509060667
2020-02-14 13:16:00,138.504154044
2020-02-14 13:17:00,138.435461322
2020-02-14 13:18:00,138.361861977
2020-02-14 13:19:00,138.347142108
2020-02-14 13:20:00,138.327515616
2020-02-14 13:21:00,138.347142108
2020-02-14 13:22:00,138.342235485
2020-02-14 13:23:00,138.352048731
2020-02-14 13:24:00,138.371675223
2020-02-14 13:25:00,138.356955354
2020-02-14 13:26:00,138.337328862
2020-02-14 13:27:00,138.37569865386
2020-02-14 13:28:00,138.347142108
2020-02-14 13:29:00,138.371675223
2020-02-14 13:30:00,138.371675223
2020-02-14 13:31:00,138.361861977
2020-02-14 13:32:00,138.31770237
2020-02-14 13:33:00,138.322608993
2020-02-14 13:34:00,138.347142108
2020-02-14 13:35:00,138.31770237
2020-02-14 13:36:00,138.352048731
2020-02-14 13:37:00,138.3397821735
2020-02-14 13:38:00,138.337328862
2020-02-14 13:39:00,138.31770237
2020-02-14 13:40:00,138.347142108
2020-02-14 13:41:00,138.307889124
2020-02-14 13:42:00,138.3667686
2020-02-14 13:43:00,138.361861977
2020-02-14 13:44:00,138.342235485
2020-02-14 13:45:00,138.361861977
2020-02-14 13:46:00,138.36068438748
2020-02-14 13:47:00,138.322608993
2020-02-14 13:48:00,138.327515616
2020-02-14 13:49:00,138.31770237
2020-02-14 13:50:00,138.302982501
2020-02-14 13:51:00,138.307889124
2020-02-14 13:52:00,138.31770237
2020-02-14 13:53:00,138.3667686
2020-02-14 13:54:00,138.376581846
2020-02-14 13:55:00,138.327515616
2020-02-14 13:56:00,138.396208338
2020-02-14 13:57:00,138.381488469
2020-02-14 13:58:00,138.381488469
2020-02-14 13:59:00,138.3667686
2020-02-14 14:00:00,138.455087814
2020-02-14 14:01:00,138.425648076
2020-02-14 14:02:00,138.401114961
2020-02-14 14:03:00,138.420741453
2020-02-14 14:04:00,138.386395092
2020-02-14 14:05:00,138.406021584
2020-02-14 14:06:00,138.396208338
2020-02-14 14:07:00,138.406021584
2020-02-14 14:08:00,138.396208338
2020-02-14 14:09:00,138.376581846
2020-02-14 14:10:00,138.337328862
2020-02-14 14:11:00,138.32584736418
2020-02-14 14:12:00,138.312795747
2020-02-14 14:13:00,138.229383156
2020-02-14 14:14:00,138.209756664
2020-02-14 14:15:00,138.180316926
2020-02-14 14:16:00,138.077277843
2020-02-14 14:17:00,138.003678498
2020-02-14 14:18:00,138.052744728
2020-02-14 14:19:00,137.984052006
2020-02-14 14:20:00,137.993865252
2020-02-14 14:21:00,137.993865252
2020-02-14 14:22:00,138.082184466
2020-02-14 14:23:00,138.239196402
2020-02-14 14:24:00,138.376581846
2020-02-14 14:25:00,138.327515616
2020-02-14 14:26:00,138.381488469
2020-02-14 14:27:00,138.352048731
2020-02-14 14:28:00,138.406021584
2020-02-14 14:29:00,138.440367945
2020-02-14 14:30:00,138.504154044
2020-02-14 14:31:00,138.406021584
2020-02-14 14:32:00,138.45538221138
2020-02-14 14:33:00,138.425648076
2020-02-14 14:34:00,138.51396729
2020-02-14 14:35:00,138.455087814
2020-02-14 14:36:00,138.420741453
2020-02-14 14:37:00,138.386395092
2020-02-14 14:38:00,138.450181191
2020-02-14 14:39:00,138.474714306
2020-02-14 14:40:00,138.455087814
2020-02-14 14:41:00,138.435461322
2020-02-14 14:42:00,138.425648076
2020-02-14 14:43:00,138.386395092
2020-02-14 14:44:00,138.406021584
2020-02-14 14:45:00,138.445274568
2020-02-14 14:46:00,138.46490106
2020-02-14 14:47:00,138.425648076
2020-02-14 14:48:00,138.396208338
2020-02-14 14:49:00,138.484527552
2020-02-14 14:50:00,138.445274568
2020-02-14 14:51:00,138.445274568
2020-02-14 14:52:00,138.46490106
2020-02-14 14:53:00,138.484527552
2020-02-14 14:54:00,138.494340798
2020-02-14 14:55:00,138.518873913
2020-02-14 14:56:00,138.504154044
2020-02-14 14:57:00,138.523780536
2020-02-14 14:58:00,138.5051353686
2020-02-14 14:59:00,138.494340798
2020-02-14 15:00:00,138.445274568
2020-02-14 15:01:00,138.435461322
2020-02-14 15:02:00,138.494340798
2020-02-14 15:03:00,138.572846766
2020-02-14 15:04:00,138.61209975
2020-02-14 15:05:00,138.656259357
2020-02-14 15:06:00,138.641539488
2020-02-14 15:07:00,138.582660012
2020-02-14 15:08:00,138.626819619
2020-02-14 15:09:00,138.60935204112
2020-02-14 15:10:00,138.582660012
2020-02-14 15:11:00,138.582660012
2020-02-14 15:12:00,138.494340798
2020-02-14 15:13:00,138.435461322
2020-02-14 15:14:00,138.386395092
2020-02-14 15:15:00,138.361861977
2020-02-14 15:16:00,138.337328862
2020-02-14 15:17:00,138.332422239
2020-02-14 15:18:00,138.298075878
2020-02-14 15:19:00,138.337328862
2020-02-14 15:20:00,138.361861977
2020-02-14 15:21:00,138.337328862
2020-02-14 15:22:00,138.327515616
2020-02-14 15:23:00,138.356955354
2020-02-14 15:24:00,138.31770237
2020-02-14 15:25:00,138.3667686
2020-02-14 15:26:00,138.352048731
2020-02-14 15:27:00,138.347142108
2020-02-14 15:28:00,138.293169255
2020-02-14 15:29:00,138.278449386
2020-02-14 15:30:00,138.239196402
2020-02-14 15:31:00,138.239196402
2020-02-14 15:32:00,138.347142108
2020-02-14 15:33:00,138.298075878
2020-02-14 15:34:00,138.31770237
2020-02-14 15:35:00,138.3667686
2020-02-14 15:36:00,138.356955354
2020-02-14 15:37:00,138.3775631706
2020-02-14 15:38:00,138.435461322
2020-02-14 15:39:00,138.435461322
2020-02-14 15:40:00,138.46490106
2020-02-14 15:41:00,138.479620929
2020-02-14 15:42:00,138.474714306
2020-02-14 15:43:00,138.489434175
2020-02-14 15:44:00,138.469807683
2020-02-14 15:45:00,138.450181191
2020-02-14 15:46:00,138.469807683
2020-02-14 15:47:00,138.504154044
2020-02-14 15:48:00,138.548313651
2020-02-14 15:49:00,138.558126897
2020-02-14 15:50:00,138.670979226
2020-02-14 15:51:00,138.66116598
2020-02-14 15:52:00,138.631726242
2020-02-14 15:53:00,138.66116598
2020-02-14 15:54:00,138.617006373
2020-02-14 15:55:00,138.597379881
2020-02-14 15:56:00,138.631726242
2020-02-14 15:57:00,138.626819619
2020-02-14 15:58:00,138.61209975
2020-02-14 15:59:00,138.6194596845
2020-02-14 16:00:00,138.484527552
2020-02-18 09:31:00,138.307889124
2020-02-18 09:32:00,138.3667686
2020-02-18 09:33:00,138.3667686
2020-02-18 09:34:00,138.312795747
2020-02-18 09:35:00,138.553220274
2020-02-18 09:36:00,138.626819619
2020-02-18 09:37:00,138.749485194
2020-02-18 09:38:00,138.631726242
2020-02-18 09:39:00,138.729858702
2020-02-18 09:40:00,138.847617654
2020-02-18 09:41:00,138.867244146
2020-02-18 09:42:00,138.994816344
2020-02-18 09:43:00,139.024256082
2020-02-18 09:44:00,139.240147494
2020-02-18 09:45:00,139.220521002
2020-02-18 09:46:00,139.083135558
2020-02-18 09:47:00,139.05369582
2020-02-18 09:48:00,139.181268018
2020-02-18 09:49:00,139.127295165
2020-02-18 09:50:00,139.132201788
2020-02-18 09:51:00,139.092948804
2020-02-18 09:52:00,139.122388542
2020-02-18 09:53:00,139.10276205
2020-02-18 09:54:00,139.078228935
2020-02-18 09:55:00,138.994816344
2020-02-18 09:56:00,138.994816344
2020-02-18 09:57:00,139.10276205
2020-02-18 09:58:00,139.092948804
2020-02-18 09:59:00,138.965376606
2020-02-18 10:00:00,138.95556336
2020-02-18 10:01:00,138.926123622
2020-02-18 10:02:00,138.901590507
2020-02-18 10:03:00,138.729858702
2020-02-18 10:04:00,138.641539488
2020-02-18 10:05:00,138.56303352
2020-02-18 10:06:00,138.636632865
2020-02-18 10:07:00,138.61631944578
2020-02-18 10:08:00,138.842711031
2020-02-18 10:09:00,138.95556336
2020-02-18 10:10:00,138.95556336
2020-02-18 10:11:00,139.019349459
2020-02-18 10:12:00,138.95556336
2020-02-18 10:13:00,138.80836467
2020-02-18 10:14:00,138.837804408
2020-02-18 10:15:00,138.8780387166
2020-02-18 10:16:00,138.935936868
2020-02-18 10:17:00,138.66116598
2020-02-18 10:18:00,138.71023221
2020-02-18 10:19:00,138.793644801
2020-02-18 10:20:00,138.729858702
2020-02-18 10:21:00,138.847617654
2020-02-18 10:22:00,138.832897785
2020-02-18 10:23:00,138.798551424
2020-02-18 10:24:00,138.78412595238
2020-02-18 10:25:00,138.729858702
2020-02-18 10:26:00,138.729858702
2020-02-18 10:27:00,138.587566635
2020-02-18 10:28:00,138.631726242
2020-02-18 10:29:00,138.553220274
2020-02-18 10:30:00,138.361861977
2020-02-18 10:31:00,138.440367945
2020-02-18 10:32:00,138.51396729
2020-02-18 10:33:00,138.459994437
2020-02-18 10:34:00,138.440367945
2020-02-18 10:35:00,138.46490106
2020-02-18 10:36:00,138.307889124
2020-02-18 10:37:00,138.30406195806
2020-02-18 10:38:00,138.327515616
2020-02-18 10:39:00,138.504154044
2020-02-18 10:40:00,138.494340798
2020-02-18 10:41:00,138.469807683
2020-02-18 10:42:00,138.46490106
2020-02-18 10:43:00,138.499247421
2020-02-18 10:44:00,138.51396729
2020-02-18 10:45:00,138.602286504
2020-02-18 10:46:00,138.528687159
2020-02-18 10:47:00,138.474714306
2020-02-18 10:48:00,138.533593782
2020-02-18 10:49:00,138.553220274
2020-02-18 10:50:00,138.533593782
2020-02-18 10:51:00,138.523780536
2020-02-18 10:52:00,138.592473258
2020-02-18 10:53:00,138.533593782
2020-02-18 10:54:00,138.533593782
2020-02-18 10:55:00,138.533593782
2020-02-18 10:56:00,138.5370284181
2020-02-18 10:57:00,138.56303352
2020-02-18 10:58:00,138.474714306
2020-02-18 10:59:00,138.406021584
2020-02-18 11:00:00,138.376581846
2020-02-18 11:01:00,138.356955354
2020-02-18 11:02:00,138.39395129142
2020-02-18 11:03:00,138.430554699
2020-02-18 11:04:00,138.474714306
2020-02-18 11:05:00,138.4673543715
2020-02-18 11:06:00,138.376581846
2020-02-18 11:07:00,138.31770237
2020-02-18 11:08:00,138.337328862
2020-02-18 11:09:00,138.337328862
2020-02-18 11:10:00,138.386395092
2020-02-18 11:11:00,138.381488469
2020-02-18 11:12:00,138.410928207
2020-02-18 11:13:00,138.347142108
2020-02-18 11:14:00,138.391301715
2020-02-18 11:15:00,138.406021584
2020-02-18 11:16:00,138.40268508036
2020-02-18 11:17:00,138.371675223
2020-02-18 11:18:00,138.332422239
2020-02-18 11:19:00,138.302982501
2020-02-18 11:20:00,138.214663287
2020-02-18 11:21:00,138.298075878
2020-02-18 11:22:00,138.445274568
2020-02-18 11:23:00,138.347142108
2020-02-18 11:24:00,138.327515616
2020-02-18 11:25:00,138.332422239
2020-02-18 11:26:00,138.386395092
2020-02-18 11:27:00,138.406021584
2020-02-18 11:28:00,138.337328862
2020-02-18 11:29:00,138.293169255
2020-02-18 11:30:00,138.31770237
2020-02-18 11:31:00,138.401114961
2020-02-18 11:32:00,138.420741453
2020-02-18 11:33:00,138.278449386
2020-02-18 11:34:00,138.278449386
2020-02-18 11:35:00,138.249009648
2020-02-18 11:36:00,138.244103025
2020-02-18 11:37:00,138.180316926
2020-02-18 11:38:00,138.175410303
2020-02-18 11:39:00,138.190130172
2020-02-18 11:40:00,138.22535972514
2020-02-18 11:41:00,138.180316926
2020-02-18 11:42:00,138.160690434
2020-02-18 11:43:00,138.2068126902
2020-02-18 11:44:00,138.20377058394
2020-02-18 11:45:00,138.249009648
2020-02-18 11:46:00,138.26863614
2020-02-18 11:47:00,138.307889124
2020-02-18 11:48:00,138.31770237
2020-02-18 11:49:00,138.298075878
2020-02-18 11:50:00,138.283356009
2020-02-18 11:51:00,138.31770237
2020-02-18 11:52:00,138.342235485
2020-02-18 11:53:00,138.376581846
2020-02-18 11:54:00,138.342235485
2020-02-18 11:55:00,138.26863614
2020-02-18 11:56:00,138.249009648
2020-02-18 11:57:00,138.244103025
2020-02-18 11:58:00,138.229383156
2020-02-18 11:59:00,138.209756664
2020-02-18 12:00:00,138.199943418
2020-02-18 12:01:00,138.21956991
2020-02-18 12:02:00,138.209756664
2020-02-18 12:03:00,138.195036795
2020-02-18 12:04:00,138.141063942
2020-02-18 12:05:00,138.209756664
2020-02-18 12:06:00,138.239196402
2020-02-18 12:07:00,138.342235485
2020-02-18 12:08:00,138.332422239
2020-02-18 12:09:00,138.307889124
2020-02-18 12:10:00,138.376581846
2020-02-18 12:11:00,138.396208338
2020-02-18 12:12:00,138.401114961
2020-02-18 12:13:00,138.391301715
2020-02-18 12:14:00,138.381488469
2020-02-18 12:15:00,138.31770237
2020-02-18 12:16:00,138.332422239
2020-02-18 12:17:00,138.352048731
2020-02-18 12:18:00,138.347142108
2020-02-18 12:19:00,138.376581846
2020-02-18 12:20:00,138.32300152284
2020-02-18 12:21:00,138.376581846
2020-02-18 12:22:00,138.356955354
2020-02-18 12:23:00,138.356955354
2020-02-18 12:24:00,138.31750610508
2020-02-18 12:25:00,138.307889124
2020-02-18 12:26:00,138.31770237
2020-02-18 12:27:00,138.312795747
2020-02-18 12:28:00,138.278449386
2020-02-18 12:29:00,138.283356009
2020-02-18 12:30:00,138.288262632
2020-02-18 12:31:00,138.356955354
2020-02-18 12:32:00,138.298075878
2020-02-18 12:33:00,138.32005754904
2020-02-18 12:34:00,138.347142108
2020-02-18 12:35:00,138.3667686
2020-02-18 12:36:00,138.391301715
2020-02-18 12:37:00,138.410928207
2020-02-18 12:38:00,138.410928207
2020-02-18 12:39:00,138.386395092
2020-02-18 12:40:00,138.435461322
2020-02-18 12:41:00,138.376581846
2020-02-18 12:42:00,138.381488469
2020-02-18 12:43:00,138.396208338
2020-02-18 12:44:00,138.401114961
2020-02-18 12:45:00,138.420741453
2020-02-18 12:46:00,138.45332142972
2020-02-18 12:47:00,138.41583483
2020-02-18 12:48:00,138.484527552
2020-02-18 12:49:00,138.51396729
2020-02-18 12:50:00,138.543407028
2020-02-18 12:51:00,138.499247421
2020-02-18 12:52:00,138.509060667
2020-02-18 12:53:00,138.474714306
2020-02-18 12:54:00,138.4526345025
2020-02-18 12:55:00,138.435461322
2020-02-18 12:56:00,138.4722609945
2020-02-18 12:57:00,138.494340798
2020-02-18 12:58:00,138.46490106
2020-02-18 12:59:00,138.479620929
2020-02-18 13:00:00,138.51396729
2020-02-18 13:01:00,138.499247421
2020-02-18 13:02:00,138.504154044
2020-02-18 13:03:00,138.509060667
2020-02-18 13:04:00,138.51396729
2020-02-18 13:05:00,138.494340798
2020-02-18 13:06:00,138.445274568
2020-02-18 13:07:00,138.425648076
2020-02-18 13:08:00,138.420741453
2020-02-18 13:09:00,138.406021584
2020-02-18 13:10:00,138.445274568
2020-02-18 13:11:00,138.401114961
2020-02-18 13:12:00,138.376581846
2020-02-18 13:13:00,138.376581846
2020-02-18 13:14:00,138.3667686
2020-02-18 13:15:00,138.356955354
2020-02-18 13:16:00,138.337328862
2020-02-18 13:17:00,138.352048731
2020-02-18 13:18:00,138.327515616
2020-02-18 13:19:00,138.337328862
2020-02-18 13:20:00,138.3667686
2020-02-18 13:21:00,138.327515616
2020-02-18 13:22:00,138.298075878
2020-02-18 13:23:00,138.288262632
2020-02-18 13:24:00,138.327515616
2020-02-18 13:25:00,138.31770237
2020-02-18 13:26:00,138.3667686
2020-02-18 13:27:00,138.356955354
2020-02-18 13:28:00,138.396208338
2020-02-18 13:29:00,138.455087814
2020-02-18 13:30:00,138.455087814
2020-02-18 13:31:00,138.499247421
2020-02-18 13:32:00,138.455087814
2020-02-18 13:33:00,138.386395092
2020-02-18 13:34:00,138.356955354
2020-02-18 13:35:00,138.332422239
2020-02-18 13:36:00,138.337328862
2020-02-18 13:37:00,138.298075878
2020-02-18 13:38:00,138.229383156
2020-02-18 13:39:00,138.239196402
2020-02-18 13:40:00,138.244103025
2020-02-18 13:41:00,138.26863614
2020-02-18 13:42:00,138.312795747
2020-02-18 13:43:00,138.332422239
2020-02-18 13:44:00,138.3667686
2020-02-18 13:45:00,138.307889124
2020-02-18 13:46:00,138.337328862
2020-02-18 13:47:00,138.371675223
2020-02-18 13:48:00,138.26863614
2020-02-18 13:49:00,138.278449386
2020-02-18 13:50:00,138.229383156
2020-02-18 13:51:00,138.21956991
2020-02-18 13:52:00,138.12143745
2020-02-18 13:53:00,138.067464597
2020-02-18 13:54:00,138.033118236
2020-02-18 13:55:00,138.033118236
2020-02-18 13:56:00,138.008585121
2020-02-18 13:57:00,137.998771875
2020-02-18 13:58:00,138.082184466
2020-02-18 13:59:00,138.12153558246
2020-02-18 14:00:00,138.082184466
2020-02-18 14:01:00,137.964425514
2020-02-18 14:02:00,137.944799022
2020-02-18 14:03:00,137.954612268
2020-02-18 14:04:00,137.97423876
2020-02-18 14:05:00,137.964425514
2020-02-18 14:06:00,137.964425514
2020-02-18 14:07:00,137.94499528692
2020-02-18 14:08:00,138.00573927966
2020-02-18 14:09:00,138.077277843
2020-02-18 14:10:00,138.160690434
2020-02-18 14:11:00,138.141063942
2020-02-18 14:12:00,138.234289779
2020-02-18 14:13:00,138.229383156
2020-02-18 14:14:00,138.22732237434
2020-02-18 14:15:00,138.21731286342
2020-02-18 14:16:00,138.155783811
2020-02-18 14:17:00,138.190130172
2020-02-18 14:18:00,138.199943418
2020-02-18 14:19:00,138.249009648
2020-02-18 14:20:00,138.249009648
2020-02-18 14:21:00,138.26863614
2020-02-18 14:22:00,138.214663287
2020-02-18 14:23:00,138.239196402
2020-02-18 14:24:00,138.249009648
2020-02-18 14:25:00,138.249009648
2020-02-18 14:26:00,138.322608993
2020-02-18 14:27:00,138.3667686
2020-02-18 14:28:00,138.239196402
2020-02-18 14:29:00,138.249009648
2020-02-18 14:30:00,138.204850041
2020-02-18 14:31:00,138.229383156
2020-02-18 14:32:00,138.234289779
2020-02-18 14:33:00,138.175410303
2020-02-18 14:34:00,138.160690434
2020-02-18 14:35:00,138.062557974
2020-02-18 14:36:00,138.150877188
2020-02-18 14:37:00,138.12143745
2020-02-18 14:38:00,138.087091089
2020-02-18 14:39:00,138.082184466
2020-02-18 14:40:00,138.062557974
2020-02-18 14:41:00,138.07237122
2020-02-18 14:42:00,138.101810958
2020-02-18 14:43:00,138.141063942
2020-02-18 14:44:00,138.209756664
2020-02-18 14:45:00,138.131250696
2020-02-18 14:46:00,138.160690434
2020-02-18 14:47:00,138.150877188
2020-02-18 14:48:00,138.15401742672
2020-02-18 14:49:00,138.190130172
2020-02-18 14:50:00,138.150877188
2020-02-18 14:51:00,138.180316926
2020-02-18 14:52:00,138.155783811
2020-02-18 14:53:00,138.141063942
2020-02-18 14:54:00,138.209756664
2020-02-18 14:55:00,138.258822894
2020-02-18 14:56:00,138.21956991
2020-02-18 14:57:00,138.26863614
2020-02-18 14:58:00,138.249009648
2020-02-18 14:59:00,138.239196402
2020-02-18 15:00:00,138.209756664
2020-02-18 15:01:00,138.204850041
2020-02-18 15:02:00,138.160690434
2020-02-18 15:03:00,138.244103025
2020-02-18 15:04:00,138.239196402
2020-02-18 15:05:00,138.23213086488
2020-02-18 15:06:00,138.190130172
2020-02-18 15:07:00,138.195036795
2020-02-18 15:08:00,138.199943418
2020-02-18 15:09:00,138.17050368
2020-02-18 15:10:00,138.150877188
2020-02-18 15:11:00,138.190130172
2020-02-18 15:12:00,138.19336854318
2020-02-18 15:13:00,138.239196402
2020-02-18 15:14:00,138.21956991
2020-02-18 15:15:00,138.209756664
2020-02-18 15:16:00,138.224476533
2020-02-18 15:17:00,138.224476533
2020-02-18 15:18:00,138.23811694494
2020-02-18 15:19:00,138.17050368
2020-02-18 15:20:00,138.150877188
2020-02-18 15:21:00,138.150877188
2020-02-18 15:22:00,138.155783811
2020-02-18 15:23:00,138.199943418
2020-02-18 15:24:00,138.21956991
2020-02-18 15:25:00,138.199943418
2020-02-18 15:26:00,138.160690434
2020-02-18 15:27:00,138.155783811
2020-02-18 15:28:00,138.12143745
2020-02-18 15:29:00,138.141063942
2020-02-18 15:30:00,138.101810958
2020-02-18 15:31:00,138.057651351
2020-02-18 15:32:00,138.052744728
2020-02-18 15:33:00,137.993865252
2020-02-18 15:34:00,138.0046598226
2020-02-18 15:35:00,137.993865252
2020-02-18 15:36:00,138.082184466
2020-02-18 15:37:00,138.180316926
2020-02-18 15:38:00,138.150877188
2020-02-18 15:39:00,138.214663287
2020-02-18 15:40:00,138.190130172
2020-02-18 15:41:00,138.199943418
2020-02-18 15:42:00,138.180316926
2020-02-18 15:43:00,138.180316926
2020-02-18 15:44:00,138.199943418
2020-02-18 15:45:00,138.155783811
2020-02-18 15:46:00,138.131250696
2020-02-18 15:47:00,138.082184466
2020-02-18 15:48:00,138.07237122
2020-02-18 15:49:00,138.038024859
2020-02-18 15:50:00,138.033118236
2020-02-18 15:51:00,138.091997712
2020-02-18 15:52:00,138.131250696
2020-02-18 15:53:00,138.07237122
2020-02-18 15:54:00,138.150877188
2020-02-18 15:55:00,138.239196402
2020-02-18 15:56:00,138.209756664
2020-02-18 15:57:00,138.199943418
2020-02-18 15:58:00,138.239196402
2020-02-18 15:59:00,138.258822894
2020-02-18 16:00:00,138.376581846
2020-02-19 09:31:00,138.877057392
2020-02-19 09:32:00,138.95556336
2020-02-19 09:33:00,139.024256082
2020-02-19 09:34:00,138.847617654
2020-02-19 09:35:00,138.749485194
2020-02-19 09:36:00,138.666072603
2020-02-19 09:37:00,138.729858702
2020-02-19 09:38:00,138.592473258
2020-02-19 09:39:00,138.592473258
2020-02-19 09:40:00,138.621912996
2020-02-19 09:41:00,138.837804408
2020-02-19 09:42:00,138.602286504
2020-02-19 09:43:00,138.641539488
2020-02-19 09:44:00,138.720045456
2020-02-19 09:45:00,138.700418964
2020-02-19 09:46:00,138.739671948
2020-02-19 09:47:00,138.827991162
2020-02-19 09:48:00,138.813271293
2020-02-19 09:49:00,138.73368586794
2020-02-19 09:50:00,138.769111686
2020-02-19 09:51:00,138.739671948
2020-02-19 09:52:00,138.700418964
2020-02-19 09:53:00,138.56303352
2020-02-19 09:54:00,138.636632865
2020-02-19 09:55:00,138.71023221
2020-02-19 09:56:00,138.827991162
2020-02-19 09:57:00,138.798551424
2020-02-19 09:58:00,138.837804408
2020-02-19 09:59:00,138.847617654
2020-02-19 10:00:00,138.901590507
2020-02-19 10:01:00,138.798551424
2020-02-19 10:02:00,138.729858702
2020-02-19 10:03:00,138.778924932
2020-02-19 10:04:00,138.798551424
2020-02-19 10:05:00,138.803458047
2020-02-19 10:06:00,138.842711031
2020-02-19 10:07:00,138.79011203244
2020-02-19 10:08:00,138.877057392
2020-02-19 10:09:00,138.798551424
2020-02-19 10:10:00,138.798551424
2020-02-19 10:11:00,138.788738178
2020-02-19 10:12:00,138.798551424
2020-02-19 10:13:00,138.80836467
2020-02-19 10:14:00,138.818177916
2020-02-19 10:15:00,138.783831555
2020-02-19 10:16:00,138.818177916
2020-02-19 10:17:00,138.783831555
2020-02-19 10:18:00,138.79305600624
2020-02-19 10:19:00,138.798551424
2020-02-19 10:20:00,138.793644801
2020-02-19 10:21:00,138.827991162
2020-02-19 10:22:00,138.852524277
2020-02-19 10:23:00,138.891777261
2020-02-19 10:24:00,138.798551424
2020-02-19 10:25:00,138.798551424
2020-02-19 10:26:00,138.80836467
2020-02-19 10:27:00,138.739671948
2020-02-19 10:28:00,138.651352734
2020-02-19 10:29:00,138.621912996
2020-02-19 10:30:00,138.621912996
2020-02-19 10:31:00,138.582660012
2020-02-19 10:32:00,138.602286504
2020-02-19 10:33:00,138.58550585334
2020-02-19 10:34:00,138.744578571
2020-02-19 10:35:00,138.867244146
2020-02-19 10:36:00,139.038975951
2020-02-19 10:37:00,139.043882574
2020-02-19 10:38:00,138.994816344
2020-02-19 10:39:00,138.85919728428
2020-02-19 10:40:00,138.798551424
2020-02-19 10:41:00,138.867244146
2020-02-19 10:42:00,138.935936868
2020-02-19 10:43:00,139.01032127268
2020-02-19 10:44:00,138.965376606
2020-02-19 10:45:00,138.950656737
2020-02-19 10:46:00,138.935936868
2020-02-19 10:47:00,138.8574309
2020-02-19 10:48:00,138.8574309
2020-02-19 10:49:00,138.847617654
2020-02-19 10:50:00,138.788738178
2020-02-19 10:51:00,138.80836467
2020-02-19 10:52:00,138.79943461614
2020-02-19 10:53:00,138.867244146
2020-02-19 10:54:00,138.896683884
2020-02-19 10:55:00,138.788738178
2020-02-19 10:56:00,138.818177916
2020-02-19 10:57:00,138.872150769
2020-02-19 10:58:00,138.80836467
2020-02-19 10:59:00,138.813271293
2020-02-19 11:00:00,138.877057392
2020-02-19 11:01:00,138.80836467
2020-02-19 11:02:00,138.872150769
2020-02-19 11:03:00,138.827991162
2020-02-19 11:04:00,138.80836467
2020-02-19 11:05:00,138.798551424
2020-02-19 11:06:00,138.739671948
2020-02-19 11:07:00,138.769111686
2020-02-19 11:08:00,138.798551424
2020-02-19 11:09:00,138.8677348083
2020-02-19 11:10:00,138.798551424
2020-02-19 11:11:00,138.778924932
2020-02-19 11:12:00,138.90649713
2020-02-19 11:13:00,138.945750114
2020-02-19 11:14:00,139.05369582
2020-02-19 11:15:00,139.112575296
2020-02-19 11:16:00,139.10276205
2020-02-19 11:17:00,139.132201788
2020-02-19 11:18:00,139.117481919
2020-02-19 11:19:00,139.132201788
2020-02-19 11:20:00,139.122388542
2020-02-19 11:21:00,139.00462959
2020-02-19 11:22:00,139.043882574
2020-02-19 11:23:00,138.994816344
2020-02-19 11:24:00,139.043882574
2020-02-19 11:25:00,139.073322312
2020-02-19 11:26:00,139.043882574
2020-02-19 11:27:00,139.112575296
2020-02-19 11:28:00,139.05369582
2020-02-19 11:29:00,139.073322312
2020-02-19 11:30:00,139.073322312
2020-02-19 11:31:00,139.083135558
2020-02-19 11:32:00,138.980096475
2020-02-19 11:33:00,138.9668485929
2020-02-19 11:34:00,139.00462959
2020-02-19 11:35:00,138.965376606
2020-02-19 11:36:00,138.896683884
2020-02-19 11:37:00,138.8574309
2020-02-19 11:38:00,138.911403753
2020-02-19 11:39:00,138.700418964
2020-02-19 11:40:00,138.739671948
2020-02-19 11:41:00,138.774018309
2020-02-19 11:42:00,138.778924932
2020-02-19 11:43:00,138.71023221
2020-02-19 11:44:00,138.670979226
2020-02-19 11:45:00,138.71023221
2020-02-19 11:46:00,138.690605718
2020-02-19 11:47:00,138.61209975
2020-02-19 11:48:00,138.52829462916
2020-02-19 11:49:00,138.51396729
2020-02-19 11:50:00,138.543407028
2020-02-19 11:51:00,138.553220274
2020-02-19 11:52:00,138.523780536
2020-02-19 11:53:00,138.523780536
2020-02-19 11:54:00,138.5159299392
2020-02-19 11:55:00,138.572846766
2020-02-19 11:56:00,138.543407028
2020-02-19 11:57:00,138.504154044
2020-02-19 11:58:00,138.455087814
2020-02-19 11:59:00,138.430554699
2020-02-19 12:00:00,138.435461322
2020-02-19 12:01:00,138.425648076
2020-02-19 12:02:00,138.425648076
2020-02-19 12:03:00,138.435461322
2020-02-19 12:04:00,138.455087814
2020-02-19 12:05:00,138.278449386
2020-02-19 12:06:00,138.302982501
2020-02-19 12:07:00,138.322608993
2020-02-19 12:08:00,138.25646771496
2020-02-19 12:09:00,138.224476533
2020-02-19 12:10:00,138.26863614
2020-02-19 12:11:00,138.253916271
2020-02-19 12:12:00,138.278449386
2020-02-19 12:13:00,138.2936599173
2020-02-19 12:14:00,138.288262632
2020-02-19 12:15:00,138.293169255
2020-02-19 12:16:00,138.3667686
2020-02-19 12:17:00,138.445274568
2020-02-19 12:18:00,138.46490106
2020-02-19 12:19:00,138.474714306
2020-02-19 12:20:00,138.435461322
2020-02-19 12:21:00,138.33899711382
2020-02-19 12:22:00,138.376581846
2020-02-19 12:23:00,138.41583483
2020-02-19 12:24:00,138.494340798
2020-02-19 12:25:00,138.49345760586
2020-02-19 12:26:00,138.494340798
2020-02-19 12:27:00,138.484527552
2020-02-19 12:28:00,138.44154553452
2020-02-19 12:29:00,138.46490106
2020-02-19 12:30:00,138.406021584
2020-02-19 12:31:00,138.4025869479
2020-02-19 12:32:00,138.35999746026
2020-02-19 12:33:00,138.35999746026
2020-02-19 12:34:00,138.35018421426
2020-02-19 12:35:00,138.288262632
2020-02-19 12:36:00,138.396208338
2020-02-19 12:37:00,138.3667686
2020-02-19 12:38:00,138.356955354
2020-02-19 12:39:00,138.3530300556
2020-02-19 12:40:00,138.3667686
2020-02-19 12:41:00,138.347142108
2020-02-19 12:42:00,138.298075878
2020-02-19 12:43:00,138.26863614
2020-02-19 12:44:00,138.239196402
2020-02-19 12:45:00,138.31770237
2020-02-19 12:46:00,138.298075878
2020-02-19 12:47:00,138.37206775284
2020-02-19 12:48:00,138.3108330978
2020-02-19 12:49:00,138.347142108
2020-02-19 12:50:00,138.062557974
2020-02-19 12:51:00,138.042931482
2020-02-19 12:52:00,138.091997712
2020-02-19 12:53:00,138.087091089
2020-02-19 12:54:00,138.091997712
2020-02-19 12:55:00,138.06834778914
2020-02-19 12:56:00,137.964425514
2020-02-19 12:57:00,137.993865252
2020-02-19 12:58:00,137.97423876
2020-02-19 12:59:00,137.97423876
2020-02-19 13:00:00,137.949705645
2020-02-19 13:01:00,137.9958279012
2020-02-19 13:02:00,138.042931482
2020-02-19 13:03:00,138.096904335
2020-02-19 13:04:00,138.087091089
2020-02-19 13:05:00,138.111624204
2020-02-19 13:06:00,138.101810958
2020-02-19 13:07:00,138.101810958
2020-02-19 13:08:00,138.12143745
2020-02-19 13:09:00,138.07237122
2020-02-19 13:10:00,138.028211613
2020-02-19 13:11:00,138.02507137428
2020-02-19 13:12:00,138.062557974
2020-02-19 13:13:00,138.116530827
2020-02-19 13:14:00,138.07237122
2020-02-19 13:15:00,138.02330499
2020-02-19 13:16:00,138.02330499
2020-02-19 13:17:00,138.033118236
2020-02-19 13:18:00,137.988958629
2020-02-19 13:19:00,137.993865252
2020-02-19 13:20:00,138.0188890293
2020-02-19 13:21:00,138.02330499
2020-02-19 13:22:00,137.95520106276
2020-02-19 13:23:00,137.97423876
2020-02-19 13:24:00,137.94509341938
2020-02-19 13:25:00,137.93969613408
2020-02-19 13:26:00,137.993865252
2020-02-19 13:27:00,137.964425514
2020-02-19 13:28:00,137.97836032332
2020-02-19 13:29:00,137.984052006
2020-02-19 13:30:00,137.984052006
2020-02-19 13:31:00,138.07178242524
2020-02-19 13:32:00,138.057651351
2020-02-19 13:33:00,138.042931482
2020-02-19 13:34:00,138.052744728
2020-02-19 13:35:00,138.038024859
2020-02-19 13:36:00,138.042931482
2020-02-19 13:37:00,138.028211613
2020-02-19 13:38:00,138.033118236
2020-02-19 13:39:00,138.02330499
2020-02-19 13:40:00,138.057651351
2020-02-19 13:41:00,138.033118236
2020-02-19 13:42:00,138.02330499
2020-02-19 13:43:00,138.008585121
2020-02-19 13:44:00,138.062557974
2020-02-19 13:45:00,138.091997712
2020-02-19 13:46:00,138.111624204
2020-02-19 13:47:00,138.111624204
2020-02-19 13:48:00,138.057651351
2020-02-19 13:49:00,138.033118236
2020-02-19 13:50:00,138.03831925638
2020-02-19 13:51:00,138.052744728
2020-02-19 13:52:00,138.033118236
2020-02-19 13:53:00,138.018398367
2020-02-19 13:54:00,137.91398542956
2020-02-19 13:55:00,137.979145383
2020-02-19 13:56:00,137.97423876
2020-02-19 13:57:00,137.954612268
2020-02-19 13:58:00,137.915359284
2020-02-19 13:59:00,137.83606825632
2020-02-19 14:00:00,137.905546038
2020-02-19 14:01:00,137.915359284
2020-02-19 14:02:00,137.890826169
2020-02-19 14:03:00,137.910452661
2020-02-19 14:04:00,137.87237726652
2020-02-19 14:05:00,137.905546038
2020-02-19 14:06:00,137.88719526798
2020-02-19 14:07:00,137.905546038
2020-02-19 14:08:00,137.915359284
2020-02-19 14:09:00,137.900639415
2020-02-19 14:10:00,137.895732792
2020-02-19 14:11:00,137.836853316
2020-02-19 14:12:00,137.836853316
2020-02-19 14:13:00,137.807413578
2020-02-19 14:14:00,137.77797384
2020-02-19 14:15:00,137.77797384
2020-02-19 14:16:00,137.8079042403
2020-02-19 14:17:00,137.797600332
2020-02-19 14:18:00,137.807413578
2020-02-19 14:19:00,137.758347348
2020-02-19 14:20:00,137.768160594
2020-02-19 14:21:00,137.885919546
2020-02-19 14:22:00,137.930079153
2020-02-19 14:23:00,137.934985776
2020-02-19 14:24:00,137.934985776
2020-02-19 14:25:00,137.934985776
2020-02-19 14:26:00,137.930079153
2020-02-19 14:27:00,137.895732792
2020-02-19 14:28:00,137.905546038
2020-02-19 14:29:00,137.934985776
2020-02-19 14:30:00,137.944799022
2020-02-19 14:31:00,138.07237122
2020-02-19 14:32:00,138.126344073
2020-02-19 14:33:00,138.042931482
2020-02-19 14:34:00,138.033118236
2020-02-19 14:35:00,137.964425514
2020-02-19 14:36:00,137.97423876
2020-02-19 14:37:00,137.949705645
2020-02-19 14:38:00,137.949705645
2020-02-19 14:39:00,137.944799022
2020-02-19 14:40:00,137.944799022
2020-02-19 14:41:00,137.954612268
2020-02-19 14:42:00,137.92517253
2020-02-19 14:43:00,137.934985776
2020-02-19 14:44:00,137.944799022
2020-02-19 14:45:00,137.949705645
2020-02-19 14:46:00,137.954612268
2020-02-19 14:47:00,137.944799022
2020-02-19 14:48:00,137.881012923
2020-02-19 14:49:00,137.885919546
2020-02-19 14:50:00,137.96530870614
2020-02-19 14:51:00,137.964425514
2020-02-19 14:52:00,137.954612268
2020-02-19 14:53:00,137.97158918358
2020-02-19 14:54:00,137.96825267994
2020-02-19 14:55:00,137.964425514
2020-02-19 14:56:00,137.964425514
2020-02-19 14:57:00,137.964425514
2020-02-19 14:58:00,137.934985776
2020-02-19 14:59:00,137.920265907
2020-02-19 15:00:00,137.920265907
2020-02-19 15:01:00,137.92517253
2020-02-19 15:02:00,137.959518891
2020-02-19 15:03:00,137.949705645
2020-02-19 15:04:00,137.944799022
2020-02-19 15:05:00,137.915359284
2020-02-19 15:06:00,137.920265907
2020-02-19 15:07:00,137.905546038
2020-02-19 15:08:00,137.905546038
2020-02-19 15:09:00,137.895732792
2020-02-19 15:10:00,137.905546038
2020-02-19 15:11:00,137.9133966348
2020-02-19 15:12:00,137.900639415
2020-02-19 15:13:00,137.85383023158
2020-02-19 15:14:00,137.836853316
2020-02-19 15:15:00,137.915359284
2020-02-19 15:16:00,137.954612268
2020-02-19 15:17:00,137.905546038
2020-02-19 15:18:00,138.0031878357
2020-02-19 15:19:00,138.082184466
2020-02-19 15:20:00,138.02330499
2020-02-19 15:21:00,138.00348223308
2020-02-19 15:22:00,137.984052006
2020-02-19 15:23:00,137.934985776
2020-02-19 15:24:00,137.984052006
2020-02-19 15:25:00,137.964425514
2020-02-19 15:26:00,137.885919546
2020-02-19 15:27:00,137.885919546
2020-02-19 15:28:00,137.905546038
2020-02-19 15:29:00,137.866293054
2020-02-19 15:30:00,137.885919546
2020-02-19 15:31:00,137.944799022
2020-02-19 15:32:00,137.959518891
2020-02-19 15:33:00,137.954612268
2020-02-19 15:34:00,137.905546038
2020-02-19 15:35:00,137.861386431
2020-02-19 15:36:00,137.930079153
2020-02-19 15:37:00,137.92517253
2020-02-19 15:38:00,137.934985776
2020-02-19 15:39:00,137.934985776
2020-02-19 15:40:00,137.895732792
2020-02-19 15:41:00,137.915359284
2020-02-19 15:42:00,137.915359284
2020-02-19 15:43:00,137.949705645
2020-02-19 15:44:00,137.998771875
2020-02-19 15:45:00,137.97423876
2020-02-19 15:46:00,137.984052006
2020-02-19 15:47:00,137.92517253
2020-02-19 15:48:00,137.954612268
2020-02-19 15:49:00,137.939892399
2020-02-19 15:50:00,137.905546038
2020-02-19 15:51:00,137.939892399
2020-02-19 15:52:00,137.944799022
2020-02-19 15:53:00,137.939892399
2020-02-19 15:54:00,137.934985776
2020-02-19 15:55:00,138.02330499
2020-02-19 15:56:00,137.964425514
2020-02-19 15:57:00,138.02330499
2020-02-19 15:58:00,138.12143745
2020-02-19 15:59:00,138.12143745
2020-02-19 16:00:00,138.180316926
2020-02-20 09:31:00,139.44622566
2020-02-20 09:32:00,139.44622566
2020-02-20 09:33:00,138.896683884
2020-02-20 09:34:00,139.092948804
2020-02-20 09:35:00,139.328466708
2020-02-20 09:36:00,139.083135558
2020-02-20 09:37:00,139.142015034
2020-02-20 09:38:00,138.916310376
2020-02-20 09:39:00,138.975189852
2020-02-20 09:40:00,138.95556336
2020-02-20 09:41:00,138.90649713
2020-02-20 09:42:00,139.043882574
2020-02-20 09:43:00,139.112575296
2020-02-20 09:44:00,139.1263138404
2020-02-20 09:45:00,139.210707756
2020-02-20 09:46:00,139.161641526
2020-02-20 09:47:00,139.05369582
2020-02-20 09:48:00,139.05369582
2020-02-20 09:49:00,139.20089451
2020-02-20 09:50:00,139.426599168
2020-02-20 09:51:00,139.426599168
2020-02-20 09:52:00,139.357906446
2020-02-20 09:53:00,139.652303826
2020-02-20 09:54:00,139.755342909
2020-02-20 09:55:00,139.534544874
2020-02-20 09:56:00,139.485478644
2020-02-20 09:57:00,139.652303826
2020-02-20 09:58:00,139.608144219
2020-02-20 09:59:00,139.573797858
2020-02-20 10:00:00,139.568891235
2020-02-20 10:01:00,139.64828039514
2020-02-20 10:02:00,139.711183302
2020-02-20 10:03:00,140.03502042
2020-02-20 10:04:00,139.779876024
2020-02-20 10:05:00,139.76260471104
2020-02-20 10:06:00,139.8387555
2020-02-20 10:07:00,139.941794583
2020-02-20 10:08:00,140.025207174
2020-02-20 10:09:00,140.108619765
2020-02-20 10:10:00,140.123339634
2020-02-20 10:11:00,140.044833666
2020-02-20 10:12:00,139.88782173
2020-02-20 10:13:00,139.897634976
2020-02-20 10:14:00,139.8475874214
2020-02-20 10:15:00,139.779876024
2020-02-20 10:16:00,139.64249058
2020-02-20 10:17:00,139.524731628
2020-02-20 10:18:00,139.505105136
2020-02-20 10:19:00,139.534544874
2020-02-20 10:20:00,139.554171366
2020-02-20 10:21:00,139.662117072
2020-02-20 10:22:00,139.662117072
2020-02-20 10:23:00,139.78968927
2020-02-20 10:24:00,139.701370056
2020-02-20 10:25:00,139.59342435
2020-02-20 10:26:00,139.58498495844
2020-02-20 10:27:00,139.583611104
2020-02-20 10:28:00,139.59342435
2020-02-20 10:29:00,139.64249058
2020-02-20 10:30:00,139.730809794
2020-02-20 10:31:00,139.770062778
2020-02-20 10:32:00,139.828942254
2020-02-20 10:33:00,139.878008484
2020-02-20 10:34:00,139.809315762
2020-02-20 10:35:00,139.8387555
2020-02-20 10:36:00,139.819129008
2020-02-20 10:37:00,139.760249532
2020-02-20 10:38:00,139.760249532
2020-02-20 10:39:00,139.750436286
2020-02-20 10:40:00,139.78880607786
2020-02-20 10:41:00,139.853475369
2020-02-20 10:42:00,139.858381992
2020-02-20 10:43:00,139.882915107
2020-02-20 10:44:00,139.93688796
2020-02-20 10:45:00,139.971234321
2020-02-20 10:46:00,140.054646912
2020-02-20 10:47:00,140.054646912
2020-02-20 10:48:00,139.93688796
2020-02-20 10:49:00,139.897634976
2020-02-20 10:50:00,139.882915107
2020-02-20 10:51:00,139.858381992
2020-02-20 10:52:00,139.907448222
2020-02-20 10:53:00,139.907448222
2020-02-20 10:54:00,139.981047567
2020-02-20 10:55:00,139.878008484
2020-02-20 10:56:00,139.8387555
2020-02-20 10:57:00,139.8387555
2020-02-20 10:58:00,139.750436286
2020-02-20 10:59:00,139.735716417
2020-02-20 11:00:00,139.74062304
2020-02-20 11:01:00,139.71373474596
2020-02-20 11:02:00,139.686650187
2020-02-20 11:03:00,139.711183302
2020-02-20 11:04:00,139.652303826
2020-02-20 11:05:00,139.613050842
2020-02-20 11:06:00,139.662117072
2020-02-20 11:07:00,139.7263938333
2020-02-20 11:08:00,139.681743564
2020-02-20 11:09:00,139.696463433
2020-02-20 11:10:00,139.760249532
2020-02-20 11:11:00,139.573797858
2020-02-20 11:12:00,139.490385267
2020-02-20 11:13:00,139.524731628
2020-02-20 11:14:00,139.49529189
2020-02-20 11:15:00,139.402066053
2020-02-20 11:16:00,139.431505791
2020-02-20 11:17:00,139.451132283
2020-02-20 11:18:00,139.357906446
2020-02-20 11:19:00,139.387346184
2020-02-20 11:20:00,139.436412414
2020-02-20 11:21:00,139.485478644
2020-02-20 11:22:00,139.54435812
2020-02-20 11:23:00,139.583611104
2020-02-20 11:24:00,139.554171366
2020-02-20 11:25:00,139.632677334
2020-02-20 11:26:00,139.485478644
2020-02-20 11:27:00,139.39715943
2020-02-20 11:28:00,139.416785922
2020-02-20 11:29:00,139.313746839
2020-02-20 11:30:00,139.20089451
2020-02-20 11:31:00,139.122388542
2020-02-20 11:32:00,139.063509066
2020-02-20 11:33:00,139.014442836
2020-02-20 11:34:00,138.82808929446
2020-02-20 11:35:00,138.837804408
2020-02-20 11:36:00,138.8574309
2020-02-20 11:37:00,139.05369582
2020-02-20 11:38:00,138.921216999
2020-02-20 11:39:00,138.95556336
2020-02-20 11:40:00,138.9629232945
2020-02-20 11:41:00,139.122388542
2020-02-20 11:42:00,139.210707756
2020-02-20 11:43:00,139.318653462
2020-02-20 11:44:00,139.2278809365
2020-02-20 11:45:00,139.279400478
2020-02-20 11:46:00,139.269587232
2020-02-20 11:47:00,139.171454772
2020-02-20 11:48:00,139.112575296
2020-02-20 11:49:00,139.029162705
2020-02-20 11:50:00,138.994816344
2020-02-20 11:51:00,138.994816344
2020-02-20 11:52:00,139.181268018
2020-02-20 11:53:00,139.161641526
2020-02-20 11:54:00,139.289213724
2020-02-20 11:55:00,139.308840216
2020-02-20 11:56:00,139.308840216
2020-02-20 11:57:00,139.279400478
2020-02-20 11:58:00,139.259773986
2020-02-20 11:59:00,139.279400478
2020-02-20 12:00:00,139.230334248
2020-02-20 12:01:00,139.092948804
2020-02-20 12:02:00,139.10276205
2020-02-20 12:03:00,139.043882574
2020-02-20 12:04:00,139.043882574
2020-02-20 12:05:00,139.014442836
2020-02-20 12:06:00,139.063509066
2020-02-20 12:07:00,138.989909721
2020-02-20 12:08:00,138.994816344
2020-02-20 12:09:00,138.940843491
2020-02-20 12:10:00,138.911403753
2020-02-20 12:11:00,139.034069328
2020-02-20 12:12:00,139.043882574
2020-02-20 12:13:00,139.112575296
2020-02-20 12:14:00,139.15182828
2020-02-20 12:15:00,139.15182828
2020-02-20 12:16:00,139.03034029452
2020-02-20 12:17:00,139.00462959
2020-02-20 12:18:00,138.965376606
2020-02-20 12:19:00,139.00462959
2020-02-20 12:20:00,139.034069328
2020-02-20 12:21:00,138.960469983
2020-02-20 12:22:00,138.994816344
2020-02-20 12:23:00,138.945750114
2020-02-20 12:24:00,138.9874564095
2020-02-20 12:25:00,138.926123622
2020-02-20 12:26:00,139.014442836
2020-02-20 12:27:00,139.05369582
2020-02-20 12:28:00,139.05369582
2020-02-20 12:29:00,139.043882574
2020-02-20 12:30:00,139.024256082
2020-02-20 12:31:00,139.112575296
2020-02-20 12:32:00,139.088042181
2020-02-20 12:33:00,139.05428461476
2020-02-20 12:34:00,139.12297733676
2020-02-20 12:35:00,139.210707756
2020-02-20 12:36:00,139.220521002
2020-02-20 12:37:00,139.259773986
2020-02-20 12:38:00,139.18803915774
2020-02-20 12:39:00,139.142015034
2020-02-20 12:40:00,139.15182828
2020-02-20 12:41:00,139.210707756
2020-02-20 12:42:00,139.171454772
2020-02-20 12:43:00,139.274493855
2020-02-20 12:44:00,139.269587232
2020-02-20 12:45:00,139.240147494
2020-02-20 12:46:00,139.269587232
2020-02-20 12:47:00,139.279400478
2020-02-20 12:48:00,139.372626315
2020-02-20 12:49:00,139.406972676
2020-02-20 12:50:00,139.387346184
2020-02-20 12:51:00,139.377532938
2020-02-20 12:52:00,139.426599168
2020-02-20 12:53:00,139.39715943
2020-02-20 12:54:00,139.5075584475
2020-02-20 12:55:00,139.4746840734
2020-02-20 12:56:00,139.529638251
2020-02-20 12:57:00,139.563984612
2020-02-20 12:58:00,139.563984612
2020-02-20 12:59:00,139.632677334
2020-02-20 13:00:00,139.701370056
2020-02-20 13:01:00,139.701370056
2020-02-20 13:02:00,139.779876024
2020-02-20 13:03:00,139.779876024
2020-02-20 13:04:00,139.770062778
2020-02-20 13:05:00,139.750436286
2020-02-20 13:06:00,139.809315762
2020-02-20 13:07:00,139.819129008
2020-02-20 13:08:00,139.873101861
2020-02-20 13:09:00,139.907448222
2020-02-20 13:10:00,139.819129008
2020-02-20 13:11:00,139.799502516
2020-02-20 13:12:00,139.828942254
2020-02-20 13:13:00,139.799502516
2020-02-20 13:14:00,139.794595893
2020-02-20 13:15:00,139.81854021324
2020-02-20 13:16:00,139.819129008
2020-02-20 13:17:00,139.750436286
2020-02-20 13:18:00,139.701370056
2020-02-20 13:19:00,139.69155681
2020-02-20 13:20:00,139.573797858
2020-02-20 13:21:00,139.608144219
2020-02-20 13:22:00,139.583611104
2020-02-20 13:23:00,139.5208063296
2020-02-20 13:24:00,139.514918382
2020-02-20 13:25:00,139.475665398
2020-02-20 13:26:00,139.387346184
2020-02-20 13:27:00,139.416785922
2020-02-20 13:28:00,139.402066053
2020-02-20 13:29:00,139.308840216
2020-02-20 13:30:00,139.308840216
2020-02-20 13:31:00,139.3480932
2020-02-20 13:32:00,139.328466708
2020-02-20 13:33:00,139.308840216
2020-02-20 13:34:00,139.279400478
2020-02-20 13:35:00,139.318653462
2020-02-20 13:36:00,139.289213724
2020-02-20 13:37:00,139.210707756
2020-02-20 13:38:00,139.24996074
2020-02-20 13:39:00,139.33455092052
2020-02-20 13:40:00,139.338279954
2020-02-20 13:41:00,139.318653462
2020-02-20 13:42:00,139.240147494
2020-02-20 13:43:00,139.230334248
2020-02-20 13:44:00,139.240147494
2020-02-20 13:45:00,139.24996074
2020-02-20 13:46:00,139.308840216
2020-02-20 13:47:00,139.29902697
2020-02-20 13:48:00,139.279400478
2020-02-20 13:49:00,139.29902697
2020-02-20 13:50:00,139.28901745908
2020-02-20 13:51:00,139.289213724
2020-02-20 13:52:00,139.274493855
2020-02-20 13:53:00,139.28705480988
2020-02-20 13:54:00,139.259773986
2020-02-20 13:55:00,139.264680609
2020-02-20 13:56:00,139.29902697
2020-02-20 13:57:00,139.259773986
2020-02-20 13:58:00,139.259773986
2020-02-20 13:59:00,139.24996074
2020-02-20 14:00:00,139.29902697
2020-02-20 14:01:00,139.406972676
2020-02-20 14:02:00,139.387346184
2020-02-20 14:03:00,139.387346184
2020-02-20 14:04:00,139.465852152
2020-02-20 14:05:00,139.392252807
2020-02-20 14:06:00,139.475665398
2020-02-20 14:07:00,139.44632379246
2020-02-20 14:08:00,139.39715943
2020-02-20 14:09:00,139.367719692
2020-02-20 14:10:00,139.39715943
2020-02-20 14:11:00,139.470758775
2020-02-20 14:12:00,139.475665398
2020-02-20 14:13:00,139.406972676
2020-02-20 14:14:00,139.406972676
2020-02-20 14:15:00,139.406972676
2020-02-20 14:16:00,139.465852152
2020-02-20 14:17:00,139.426599168
2020-02-20 14:18:00,139.406972676
2020-02-20 14:19:00,139.426599168
2020-02-20 14:20:00,139.416785922
2020-02-20 14:21:00,139.377532938
2020-02-20 14:22:00,139.39715943
2020-02-20 14:23:00,139.377532938
2020-02-20 14:24:00,139.387346184
2020-02-20 14:25:00,139.416785922
2020-02-20 14:26:00,139.514918382
2020-02-20 14:27:00,139.475665398
2020-02-20 14:28:00,139.485478644
2020-02-20 14:29:00,139.456038906
2020-02-20 14:30:00,139.465852152
2020-02-20 14:31:00,139.436412414
2020-02-20 14:32:00,139.524731628
2020-02-20 14:33:00,139.563984612
2020-02-20 14:34:00,139.671930318
2020-02-20 14:35:00,139.69155681
2020-02-20 14:36:00,139.750436286
2020-02-20 14:37:00,139.730809794
2020-02-20 14:38:00,139.69155681
2020-02-20 14:39:00,139.681743564
2020-02-20 14:40:00,139.720996548
2020-02-20 14:41:00,139.69155681
2020-02-20 14:42:00,139.652303826
2020-02-20 14:43:00,139.711183302
2020-02-20 14:44:00,139.681743564
2020-02-20 14:45:00,139.69822981728
2020-02-20 14:46:00,139.681743564
2020-02-20 14:47:00,139.64249058
2020-02-20 14:48:00,139.64249058
2020-02-20 14:49:00,139.701370056
2020-02-20 14:50:00,139.681743564
2020-02-20 14:51:00,139.662117072
2020-02-20 14:52:00,139.662117072
2020-02-20 14:53:00,139.64249058
2020-02-20 14:54:00,139.64249058
2020-02-20 14:55:00,139.622864088
2020-02-20 14:56:00,139.681743564
2020-02-20 14:57:00,139.74317448396
2020-02-20 14:58:00,139.79783426418
2020-02-20 14:59:00,139.750436286
2020-02-20 15:00:00,139.69155681
2020-02-20 15:01:00,139.64239244754
2020-02-20 15:02:00,139.720996548
2020-02-20 15:03:00,139.68390247812
2020-02-20 15:04:00,139.6640797212
2020-02-20 15:05:00,139.662117072
2020-02-20 15:06:00,139.671930318
2020-02-20 15:07:00,139.647397203
2020-02-20 15:08:00,139.603237596
2020-02-20 15:09:00,139.59342435
2020-02-20 15:10:00,139.53003078084
2020-02-20 15:11:00,139.534544874
2020-02-20 15:12:00,139.377532938
2020-02-20 15:13:00,139.426599168
2020-02-20 15:14:00,139.42797302244
2020-02-20 15:15:00,139.416785922
2020-02-20 15:16:00,139.451132283
2020-02-20 15:17:00,139.475665398
2020-02-20 15:18:00,139.554171366
2020-02-20 15:19:00,139.54435812
2020-02-20 15:20:00,139.54435812
2020-02-20 15:21:00,139.59342435
2020-02-20 15:22:00,139.588517727
2020-02-20 15:23:00,139.534544874
2020-02-20 15:24:00,139.573797858
2020-02-20 15:25:00,139.613050842
2020-02-20 15:26:00,139.64249058
2020-02-20 15:27:00,139.662117072
2020-02-20 15:28:00,139.603237596
2020-02-20 15:29:00,139.510011759
2020-02-20 15:30:00,139.465852152
2020-02-20 15:31:00,139.559077989
2020-02-20 15:32:00,139.578704481
2020-02-20 15:33:00,139.588517727
2020-02-20 15:34:00,139.54435812
2020-02-20 15:35:00,139.514918382
2020-02-20 15:36:00,139.436412414
2020-02-20 15:37:00,139.41766911414
2020-02-20 15:38:00,139.475665398
2020-02-20 15:39:00,139.441319037
2020-02-20 15:40:00,139.436412414
2020-02-20 15:41:00,139.510011759
2020-02-20 15:42:00,139.534544874
2020-02-20 15:43:00,139.485478644
2020-02-20 15:44:00,139.534544874
2020-02-20 15:45:00,139.534544874
2020-02-20 15:46:00,139.505105136
2020-02-20 15:47:00,139.456038906
2020-02-20 15:48:00,139.4270898303
2020-02-20 15:49:00,139.416785922
2020-02-20 15:50:00,139.431505791
2020-02-20 15:51:00,139.33121441688
2020-02-20 15:52:00,139.377532938
2020-02-20 15:53:00,139.333373331
2020-02-20 15:54:00,139.36781782446
2020-02-20 15:55:00,139.318653462
2020-02-20 15:56:00,139.44622566
2020-02-20 15:57:00,139.52541855522
2020-02-20 15:58:00,139.519825005
2020-02-20 15:59:00,139.514918382
2020-02-20 16:00:00,139.3480932
2020-02-21 09:31:00,139.043882574
2020-02-21 09:32:00,138.56303352
2020-02-21 09:33:00,138.646446111
2020-02-21 09:34:00,138.754391817
2020-02-21 09:35:00,138.729858702
2020-02-21 09:36:00,138.406021584
2020-02-21 09:37:00,137.905546038
2020-02-21 09:38:00,137.82704007
2020-02-21 09:39:00,137.76776806416
2020-02-21 09:40:00,137.83498879926
2020-02-21 09:41:00,138.209756664
2020-02-21 09:42:00,138.23173833504
2020-02-21 09:43:00,138.042931482
2020-02-21 09:44:00,138.042931482
2020-02-21 09:45:00,138.003678498
2020-02-21 09:46:00,137.964425514
2020-02-21 09:47:00,138.01044963774
2020-02-21 09:48:00,137.8550078211
2020-02-21 09:49:00,138.082184466
2020-02-21 09:50:00,138.052744728
2020-02-21 09:51:00,138.327515616
2020-02-21 09:52:00,138.273542763
2020-02-21 09:53:00,138.190130172
2020-02-21 09:54:00,138.0404781705
2020-02-21 09:55:00,137.97423876
2020-02-21 09:56:00,137.885919546
2020-02-21 09:57:00,138.131250696
2020-02-21 09:58:00,138.199943418
2020-02-21 09:59:00,138.44733534966
2020-02-21 10:00:00,138.406021584
2020-02-21 10:01:00,138.3746191968
2020-02-21 10:02:00,138.445274568
2020-02-21 10:03:00,138.3525393933
2020-02-21 10:04:00,138.2352711036
2020-02-21 10:05:00,138.239196402
2020-02-21 10:06:00,138.239196402
2020-02-21 10:07:00,138.455087814
2020-02-21 10:08:00,138.509060667
2020-02-21 10:09:00,138.406021584
2020-02-21 10:10:00,138.474714306
2020-02-21 10:11:00,138.386395092
2020-02-21 10:12:00,138.30465075282
2020-02-21 10:13:00,138.258822894
2020-02-21 10:14:00,138.209756664
2020-02-21 10:15:00,138.298075878
2020-02-21 10:16:00,138.356955354
2020-02-21 10:17:00,138.455087814
2020-02-21 10:18:00,138.435461322
2020-02-21 10:19:00,138.406021584
2020-02-21 10:20:00,138.46490106
2020-02-21 10:21:00,138.51063078636
2020-02-21 10:22:00,138.592473258
2020-02-21 10:23:00,138.577753389
2020-02-21 10:24:00,138.523780536
2020-02-21 10:25:00,138.59551536426
2020-02-21 10:26:00,138.523780536
2020-02-21 10:27:00,138.499247421
2020-02-21 10:28:00,138.425648076
2020-02-21 10:29:00,138.41583483
2020-02-21 10:30:00,138.356955354
2020-02-21 10:31:00,138.425648076
2020-02-21 10:32:00,138.406021584
2020-02-21 10:33:00,138.298075878
2020-02-21 10:34:00,138.288262632
2020-02-21 10:35:00,138.229383156
2020-02-21 10:36:00,138.249009648
2020-02-21 10:37:00,138.21956991
2020-02-21 10:38:00,138.21956991
2020-02-21 10:39:00,138.288262632
2020-02-21 10:40:00,138.2956225665
2020-02-21 10:41:00,138.21956991
2020-02-21 10:42:00,138.141063942
2020-02-21 10:43:00,138.160690434
2020-02-21 10:44:00,138.180316926
2020-02-21 10:45:00,138.180316926
2020-02-21 10:46:00,138.2475376611
2020-02-21 10:47:00,138.180316926
2020-02-21 10:48:00,138.15470435394
2020-02-21 10:49:00,138.229383156
2020-02-21 10:50:00,138.298075878
2020-02-21 10:51:00,138.31770237
2020-02-21 10:52:00,138.3667686
2020-02-21 10:53:00,138.396208338
2020-02-21 10:54:00,138.406021584
2020-02-21 10:55:00,138.41583483
2020-02-21 10:56:00,138.445274568
2020-02-21 10:57:00,138.386395092
2020-02-21 10:58:00,138.474714306
2020-02-21 10:59:00,138.533593782
2020-02-21 11:00:00,138.494340798
2020-02-21 11:01:00,138.504154044
2020-02-21 11:02:00,138.60954830604
2020-02-21 11:03:00,138.53388817938
2020-02-21 11:04:00,138.543407028
2020-02-21 11:05:00,138.582660012
2020-02-21 11:06:00,138.666072603
2020-02-21 11:07:00,138.690605718
2020-02-21 11:08:00,138.641539488
2020-02-21 11:09:00,138.572846766
2020-02-21 11:10:00,138.548313651
2020-02-21 11:11:00,138.51396729
2020-02-21 11:12:00,138.435461322
2020-02-21 11:13:00,138.46490106
2020-02-21 11:14:00,138.479620929
2020-02-21 11:15:00,138.5178925884
2020-02-21 11:16:00,138.51396729
2020-02-21 11:17:00,138.523780536
2020-02-21 11:18:00,138.425648076
2020-02-21 11:19:00,138.455087814
2020-02-21 11:20:00,138.406021584
2020-02-21 11:21:00,138.425648076
2020-02-21 11:22:00,138.46490106
2020-02-21 11:23:00,138.509060667
2020-02-21 11:24:00,138.523780536
2020-02-21 11:25:00,138.543407028
2020-02-21 11:26:00,138.558126897
2020-02-21 11:27:00,138.641539488
2020-02-21 11:28:00,138.641539488
2020-02-21 11:29:00,138.592473258
2020-02-21 11:30:00,138.553220274
2020-02-21 11:31:00,138.6150437238
2020-02-21 11:32:00,138.65360978058
2020-02-21 11:33:00,138.670979226
2020-02-21 11:34:00,138.720045456
2020-02-21 11:35:00,138.76606957974
2020-02-21 11:36:00,138.798551424
2020-02-21 11:37:00,138.8574309
2020-02-21 11:38:00,138.90649713
2020-02-21 11:39:00,138.80836467
2020-02-21 11:40:00,138.877057392
2020-02-21 11:41:00,138.837804408
2020-02-21 11:42:00,138.886870638
2020-02-21 11:43:00,138.940843491
2020-02-21 11:44:00,138.965376606
2020-02-21 11:45:00,138.945750114
2020-02-21 11:46:00,138.985003098
2020-02-21 11:47:00,138.989909721
2020-02-21 11:48:00,138.935936868
2020-02-21 11:49:00,138.9001185201
2020-02-21 11:50:00,138.886870638
2020-02-21 11:51:00,138.90649713
2020-02-21 11:52:00,138.90649713
2020-02-21 11:53:00,138.89825400336
2020-02-21 11:54:00,138.886870638
2020-02-21 11:55:00,138.95556336
2020-02-21 11:56:00,139.00462959
2020-02-21 11:57:00,139.00462959
2020-02-21 11:58:00,138.985003098
2020-02-21 11:59:00,138.92681054922
2020-02-21 12:00:00,138.945750114
2020-02-21 12:01:00,138.985003098
2020-02-21 12:02:00,138.950656737
2020-02-21 12:03:00,138.985003098
2020-02-21 12:04:00,139.05369582
2020-02-21 12:05:00,139.058602443
2020-02-21 12:06:00,139.132201788
2020-02-21 12:07:00,139.10276205
2020-02-21 12:08:00,139.073322312
2020-02-21 12:09:00,139.034069328
2020-02-21 12:10:00,139.024256082
2020-02-21 12:11:00,139.029162705
2020-02-21 12:12:00,139.024256082
2020-02-21 12:13:00,139.048789197
2020-02-21 12:14:00,139.00462959
2020-02-21 12:15:00,139.00462959
2020-02-21 12:16:00,139.05369582
2020-02-21 12:17:00,139.063509066
2020-02-21 12:18:00,139.063509066
2020-02-21 12:19:00,138.985003098
2020-02-21 12:20:00,139.00080242406
2020-02-21 12:21:00,139.00462959
2020-02-21 12:22:00,139.00462959
2020-02-21 12:23:00,138.916310376
2020-02-21 12:24:00,138.965376606
2020-02-21 12:25:00,139.014442836
2020-02-21 12:26:00,139.05369582
2020-02-21 12:27:00,139.097855427
2020-02-21 12:28:00,139.146921657
2020-02-21 12:29:00,139.137108411
2020-02-21 12:30:00,139.161641526
2020-02-21 12:31:00,139.24996074
2020-02-21 12:32:00,139.289213724
2020-02-21 12:33:00,139.289213724
2020-02-21 12:34:00,139.2048198084
2020-02-21 12:35:00,139.181268018
2020-02-21 12:36:00,139.220521002
2020-02-21 12:37:00,139.205801133
2020-02-21 12:38:00,139.259773986
2020-02-21 12:39:00,139.254867363
2020-02-21 12:40:00,139.269587232
2020-02-21 12:41:00,139.269587232
2020-02-21 12:42:00,139.259773986
2020-02-21 12:43:00,139.259773986
2020-02-21 12:44:00,139.240147494
2020-02-21 12:45:00,139.313746839
2020-02-21 12:46:00,139.328466708
2020-02-21 12:47:00,139.338279954
2020-02-21 12:48:00,139.338279954
2020-02-21 12:49:00,139.392252807
2020-02-21 12:50:00,139.39715943
2020-02-21 12:51:00,139.3480932
2020-02-21 12:52:00,139.323560085
2020-02-21 12:53:00,139.318653462
2020-02-21 12:54:00,139.367719692
2020-02-21 12:55:00,139.32807417816
2020-02-21 12:56:00,139.382439561
2020-02-21 12:57:00,139.39715943
2020-02-21 12:58:00,139.406972676
2020-02-21 12:59:00,139.39715943
2020-02-21 13:00:00,139.387346184
2020-02-21 13:01:00,139.39715943
2020-02-21 13:02:00,139.475665398
2020-02-21 13:03:00,139.490385267
2020-02-21 13:04:00,139.578704481
2020-02-21 13:05:00,139.613050842
2020-02-21 13:06:00,139.59342435
2020-02-21 13:07:00,139.59342435
2020-02-21 13:08:00,139.554171366
2020-02-21 13:09:00,139.505105136
2020-02-21 13:10:00,139.465852152
2020-02-21 13:11:00,139.40540255664
2020-02-21 13:12:00,139.37792546784
2020-02-21 13:13:00,139.436412414
2020-02-21 13:14:00,139.475665398
2020-02-21 13:15:00,139.534544874
2020-02-21 13:16:00,139.559077989
2020-02-21 13:17:00,139.54612450428
2020-02-21 13:18:00,139.534544874
2020-02-21 13:19:00,139.554171366
2020-02-21 13:20:00,139.5826297794
2020-02-21 13:21:00,139.563984612
2020-02-21 13:22:00,139.603237596
2020-02-21 13:23:00,139.603237596
2020-02-21 13:24:00,139.554171366
2020-02-21 13:25:00,139.59342435
2020-02-21 13:26:00,139.652303826
2020-02-21 13:27:00,139.681743564
2020-02-21 13:28:00,139.69155681
2020-02-21 13:29:00,139.667023695
2020-02-21 13:30:00,139.69136054508
2020-02-21 13:31:00,139.613050842
2020-02-21 13:32:00,139.64249058
2020-02-21 13:33:00,139.71667871976
2020-02-21 13:34:00,139.730809794
2020-02-21 13:35:00,139.882915107
2020-02-21 13:36:00,139.8387555
2020-02-21 13:37:00,139.701370056
2020-02-21 13:38:00,139.681743564
2020-02-21 13:39:00,139.711183302
2020-02-21 13:40:00,139.770062778
2020-02-21 13:41:00,139.824035631
2020-02-21 13:42:00,139.720996548
2020-02-21 13:43:00,139.568891235
2020-02-21 13:44:00,139.701370056
2020-02-21 13:45:00,139.652303826
2020-02-21 13:46:00,139.652303826
2020-02-21 13:47:00,139.64249058
2020-02-21 13:48:00,139.652303826
2020-02-21 13:49:00,139.64798599776
2020-02-21 13:50:00,139.603237596
2020-02-21 13:51:00,139.617957465
2020-02-21 13:52:00,139.622864088
2020-02-21 13:53:00,139.563984612
2020-02-21 13:54:00,139.563984612
2020-02-21 13:55:00,139.514918382
2020-02-21 13:56:00,139.49529189
2020-02-21 13:57:00,139.505105136
2020-02-21 13:58:00,139.514918382
2020-02-21 13:59:00,139.529638251
2020-02-21 14:00:00,139.505105136
2020-02-21 14:01:00,139.534544874
2020-02-21 14:02:00,139.50893230194
2020-02-21 14:03:00,139.50942296424
2020-02-21 14:04:00,139.5026518245
2020-02-21 14:05:00,139.657210449
2020-02-21 14:06:00,139.632677334
2020-02-21 14:07:00,139.720996548
2020-02-21 14:08:00,139.671930318
2020-02-21 14:09:00,139.701370056
2020-02-21 14:10:00,139.720996548
2020-02-21 14:11:00,139.7759507256
2020-02-21 14:12:00,139.80382034424
2020-02-21 14:13:00,139.80077823798
2020-02-21 14:14:00,139.809315762
2020-02-21 14:15:00,139.750436286
2020-02-21 14:16:00,139.730809794
2020-02-21 14:17:00,139.730809794
2020-02-21 14:18:00,139.69155681
2020-02-21 14:19:00,139.74062304
2020-02-21 14:20:00,139.774969401
2020-02-21 14:21:00,139.858381992
2020-02-21 14:22:00,139.93688796
2020-02-21 14:23:00,139.858381992
2020-02-21 14:24:00,139.8387555
2020-02-21 14:25:00,139.770062778
2020-02-21 14:26:00,139.819129008
2020-02-21 14:27:00,139.907448222
2020-02-21 14:28:00,139.927074714
2020-02-21 14:29:00,139.98595419
2020-02-21 14:30:00,139.956514452
2020-02-21 14:31:00,139.873101861
2020-02-21 14:32:00,139.809315762
2020-02-21 14:33:00,139.779876024
2020-02-21 14:34:00,139.671930318
2020-02-21 14:35:00,139.598330973
2020-02-21 14:36:00,139.54435812
2020-02-21 14:37:00,139.436412414
2020-02-21 14:38:00,139.416785922
2020-02-21 14:39:00,139.490385267
2020-02-21 14:40:00,139.500198513
2020-02-21 14:41:00,139.426599168
2020-02-21 14:42:00,139.573797858
2020-02-21 14:43:00,139.563984612
2020-02-21 14:44:00,139.54435812
2020-02-21 14:45:00,139.6159948158
2020-02-21 14:46:00,139.622864088
2020-02-21 14:47:00,139.559077989
2020-02-21 14:48:00,139.617957465
2020-02-21 14:49:00,139.554171366
2020-02-21 14:50:00,139.51285760034
2020-02-21 14:51:00,139.524731628
2020-02-21 14:52:00,139.563984612
2020-02-21 14:53:00,139.534544874
2020-02-21 14:54:00,139.524731628
2020-02-21 14:55:00,139.49529189
2020-02-21 14:56:00,139.524731628
2020-02-21 14:57:00,139.632677334
2020-02-21 14:58:00,139.64563081872
2020-02-21 14:59:00,139.662117072
2020-02-21 15:00:00,139.671930318
2020-02-21 15:01:00,139.730809794
2020-02-21 15:02:00,139.701370056
2020-02-21 15:03:00,139.583611104
2020-02-21 15:04:00,139.519825005
2020-02-21 15:05:00,139.603237596
2020-02-21 15:06:00,139.554171366
2020-02-21 15:07:00,139.588517727
2020-02-21 15:08:00,139.583611104
2020-02-21 15:09:00,139.58439616368
2020-02-21 15:10:00,139.583611104
2020-02-21 15:11:00,139.603237596
2020-02-21 15:12:00,139.583611104
2020-02-21 15:13:00,139.662117072
2020-02-21 15:14:00,139.69155681
2020-02-21 15:15:00,139.730809794
2020-02-21 15:16:00,139.701370056
2020-02-21 15:17:00,139.662117072
2020-02-21 15:18:00,139.64249058
2020-02-21 15:19:00,139.652303826
2020-02-21 15:20:00,139.632677334
2020-02-21 15:21:00,139.64415883182
2020-02-21 15:22:00,139.598330973
2020-02-21 15:23:00,139.603237596
2020-02-21 15:24:00,139.603237596
2020-02-21 15:25:00,139.632677334
2020-02-21 15:26:00,139.671930318
2020-02-21 15:27:00,139.671930318
2020-02-21 15:28:00,139.681743564
2020-02-21 15:29:00,139.647397203
2020-02-21 15:30:00,139.730809794
2020-02-21 15:31:00,139.735716417
2020-02-21 15:32:00,139.696463433
2020-02-21 15:33:00,139.59342435
2020-02-21 15:34:00,139.583611104
2020-02-21 15:35:00,139.59342435
2020-02-21 15:36:00,139.622864088
2020-02-21 15:37:00,139.62256969062
2020-02-21 15:38:00,139.573797858
2020-02-21 15:39:00,139.534544874
2020-02-21 15:40:00,139.632677334
2020-02-21 15:41:00,139.622864088
2020-02-21 15:42:00,139.652303826
2020-02-21 15:43:00,139.59342435
2020-02-21 15:44:00,139.59342435
2020-02-21 15:45:00,139.583611104
2020-02-21 15:46:00,139.73993611278
2020-02-21 15:47:00,139.74072117246
2020-02-21 15:48:00,139.799502516
2020-02-21 15:49:00,139.927074714
2020-02-21 15:50:00,139.848568746
2020-02-21 15:51:00,139.824035631
2020-02-21 15:52:00,139.809315762
2020-02-21 15:53:00,139.8387555
2020-02-21 15:54:00,139.828942254
2020-02-21 15:55:00,139.613050842
2020-02-21 15:56:00,139.64249058
2020-02-21 15:57:00,139.54435812
2020-02-21 15:58:00,139.426599168
2020-02-21 15:59:00,139.352999823
2020-02-21 16:00:00,139.377532938
2020-02-24 09:31:00,137.689654626
2020-02-24 09:32:00,137.620961904
2020-02-24 09:33:00,138.253916271
2020-02-24 09:34:00,138.729858702
2020-02-24 09:35:00,138.11074101186
2020-02-24 09:36:00,138.572846766
2020-02-24 09:37:00,138.41583483
2020-02-24 09:38:00,138.23154207012
2020-02-24 09:39:00,138.425648076
2020-02-24 09:40:00,138.61209975
2020-02-24 09:41:00,138.484527552
2020-02-24 09:42:00,138.278449386
2020-02-24 09:43:00,138.430554699
2020-02-24 09:44:00,138.229383156
2020-02-24 09:45:00,138.46490106
2020-02-24 09:46:00,138.3103424355
2020-02-24 09:47:00,138.298075878
2020-02-24 09:48:00,138.396208338
2020-02-24 09:49:00,138.376581846
2020-02-24 09:50:00,138.327515616
2020-02-24 09:51:00,138.31770237
2020-02-24 09:52:00,138.39022225794
2020-02-24 09:53:00,138.293169255
2020-02-24 09:54:00,138.234289779
2020-02-24 09:55:00,138.425648076
2020-02-24 09:56:00,138.322608993
2020-02-24 09:57:00,138.425648076
2020-02-24 09:58:00,138.3667686
2020-02-24 09:59:00,138.376581846
2020-02-24 10:00:00,138.396208338
2020-02-24 10:01:00,138.46490106
2020-02-24 10:02:00,138.6538060455
2020-02-24 10:03:00,138.597379881
2020-02-24 10:04:00,138.479620929
2020-02-24 10:05:00,138.543407028
2020-02-24 10:06:00,138.420741453
2020-02-24 10:07:00,138.459994437
2020-02-24 10:08:00,138.46490106
2020-02-24 10:09:00,138.474714306
2020-02-24 10:10:00,138.494340798
2020-02-24 10:11:00,138.396208338
2020-02-24 10:12:00,138.440367945
2020-02-24 10:13:00,138.450181191
2020-02-24 10:14:00,138.430554699
2020-02-24 10:15:00,138.425648076
2020-02-24 10:16:00,138.435461322
2020-02-24 10:17:00,138.455087814
2020-02-24 10:18:00,138.41583483
2020-02-24 10:19:00,138.347142108
2020-02-24 10:20:00,138.31770237
2020-02-24 10:21:00,138.41583483
2020-02-24 10:22:00,138.435461322
2020-02-24 10:23:00,138.381488469
2020-02-24 10:24:00,138.347142108
2020-02-24 10:25:00,138.31770237
2020-02-24 10:26:00,138.381488469
2020-02-24 10:27:00,138.425648076
2020-02-24 10:28:00,138.352048731
2020-02-24 10:29:00,138.278449386
2020-02-24 10:30:00,138.322608993
2020-02-24 10:31:00,138.371675223
2020-02-24 10:32:00,138.356955354
2020-02-24 10:33:00,138.381488469
2020-02-24 10:34:00,138.410928207
2020-02-24 10:35:00,138.31770237
2020-02-24 10:36:00,138.3667686
2020-02-24 10:37:00,138.302982501
2020-02-24 10:38:00,138.258822894
2020-02-24 10:39:00,138.190130172
2020-02-24 10:40:00,138.21956991
2020-02-24 10:41:00,138.07237122
2020-02-24 10:42:00,138.12143745
2020-02-24 10:43:00,138.141063942
2020-02-24 10:44:00,138.141063942
2020-02-24 10:45:00,138.12143745
2020-02-24 10:46:00,138.150877188
2020-02-24 10:47:00,138.31770237
2020-02-24 10:48:00,138.3667686
2020-02-24 10:49:00,138.386395092
2020-02-24 10:50:00,138.386395092
2020-02-24 10:51:00,138.347142108
2020-02-24 10:52:00,138.435461322
2020-02-24 10:53:00,138.445274568
2020-02-24 10:54:00,138.396208338
2020-02-24 10:55:00,138.332422239
2020-02-24 10:56:00,138.356955354
2020-02-24 10:57:00,138.327515616
2020-02-24 10:58:00,138.278449386
2020-02-24 10:59:00,138.273542763
2020-02-24 11:00:00,138.244103025
2020-02-24 11:01:00,138.190130172
2020-02-24 11:02:00,138.141063942
2020-02-24 11:03:00,138.062557974
2020-02-24 11:04:00,137.944799022
2020-02-24 11:05:00,137.753440725
2020-02-24 11:06:00,137.699467872
2020-02-24 11:07:00,137.699467872
2020-02-24 11:08:00,137.660214888
2020-02-24 11:09:00,137.709281118
2020-02-24 11:10:00,137.709281118
2020-02-24 11:11:00,137.719094364
2020-02-24 11:12:00,137.807413578
2020-02-24 11:13:00,137.797600332
2020-02-24 11:14:00,137.758347348
2020-02-24 11:15:00,137.77336161438
2020-02-24 11:16:00,137.77797384
2020-02-24 11:17:00,137.817226824
2020-02-24 11:18:00,137.797600332
2020-02-24 11:19:00,137.787787086
2020-02-24 11:20:00,137.802506955
2020-02-24 11:21:00,137.782880463
2020-02-24 11:22:00,137.719094364
2020-02-24 11:23:00,137.67993951246
2020-02-24 11:24:00,137.522829444
2020-02-24 11:25:00,137.493389706
2020-02-24 11:26:00,137.444323476
2020-02-24 11:27:00,137.424696984
2020-02-24 11:28:00,137.365817508
2020-02-24 11:29:00,137.33637777
2020-02-24 11:30:00,137.316751278
2020-02-24 11:31:00,137.356004262
2020-02-24 11:32:00,137.48357646
2020-02-24 11:33:00,137.473763214
2020-02-24 11:34:00,137.493389706
2020-02-24 11:35:00,137.468856591
2020-02-24 11:36:00,137.424696984
2020-02-24 11:37:00,137.601335412
2020-02-24 11:38:00,137.709281118
2020-02-24 11:39:00,137.743627479
2020-02-24 11:40:00,137.684748003
2020-02-24 11:41:00,137.571895674
2020-02-24 11:42:00,137.48357646
2020-02-24 11:43:00,137.463949968
2020-02-24 11:44:00,137.405070492
2020-02-24 11:45:00,137.33637777
2020-02-24 11:46:00,137.306938032
2020-02-24 11:47:00,137.154832719
2020-02-24 11:48:00,137.115579735
2020-02-24 11:49:00,137.179365834
2020-02-24 11:50:00,137.179365834
2020-02-24 11:51:00,137.248058556
2020-02-24 11:52:00,137.272591671
2020-02-24 11:53:00,137.429603607
2020-02-24 11:54:00,137.365817508
2020-02-24 11:55:00,137.306938032
2020-02-24 11:56:00,137.267685048
2020-02-24 11:57:00,137.306938032
2020-02-24 11:58:00,137.385444
2020-02-24 11:59:00,137.297124786
2020-02-24 12:00:00,137.306938032
2020-02-24 12:01:00,137.282404917
2020-02-24 12:02:00,137.297124786
2020-02-24 12:03:00,137.297124786
2020-02-24 12:04:00,137.306938032
2020-02-24 12:05:00,137.252965179
2020-02-24 12:06:00,137.257871802
2020-02-24 12:07:00,137.297124786
2020-02-24 12:08:00,137.297124786
2020-02-24 12:09:00,137.228432064
2020-02-24 12:10:00,137.120486358
2020-02-24 12:11:00,137.179365834
2020-02-24 12:12:00,137.208805572
2020-02-24 12:13:00,137.179365834
2020-02-24 12:14:00,137.174459211
2020-02-24 12:15:00,137.120486358
2020-02-24 12:16:00,137.012540652
2020-02-24 12:17:00,136.924221438
2020-02-24 12:18:00,137.002727406
2020-02-24 12:19:00,137.046887013
2020-02-24 12:20:00,137.061606882
2020-02-24 12:21:00,137.105766489
2020-02-24 12:22:00,137.110673112
2020-02-24 12:23:00,136.8947817
2020-02-24 12:24:00,136.929128061
2020-02-24 12:25:00,136.884968454
2020-02-24 12:26:00,136.865341962
2020-02-24 12:27:00,136.934034684
2020-02-24 12:28:00,136.983100914
2020-02-24 12:29:00,136.973287668
2020-02-24 12:30:00,137.002727406
2020-02-24 12:31:00,136.948754553
2020-02-24 12:32:00,136.835902224
2020-02-24 12:33:00,136.727956518
2020-02-24 12:34:00,136.55131809
2020-02-24 12:35:00,136.521878352
2020-02-24 12:36:00,136.727956518
2020-02-24 12:37:00,136.821182355
2020-02-24 12:38:00,136.811369109
2020-02-24 12:39:00,136.855528716
2020-02-24 12:40:00,136.953661176
2020-02-24 12:41:00,136.94384793
2020-02-24 12:42:00,136.963474422
2020-02-24 12:43:00,136.99291416
2020-02-24 12:44:00,136.968381045
2020-02-24 12:45:00,136.953661176
2020-02-24 12:46:00,136.914408192
2020-02-24 12:47:00,136.79664924
2020-02-24 12:48:00,136.821182355
2020-02-24 12:49:00,136.816275732
2020-02-24 12:50:00,136.855528716
2020-02-24 12:51:00,136.870248585
2020-02-24 12:52:00,136.875155208
2020-02-24 12:53:00,136.79664924
2020-02-24 12:54:00,136.79664924
2020-02-24 12:55:00,136.629824058
2020-02-24 12:56:00,136.561131336
2020-02-24 12:57:00,136.433559138
2020-02-24 12:58:00,136.335426678
2020-02-24 12:59:00,136.276547202
2020-02-24 13:00:00,136.212761103
2020-02-24 13:01:00,136.148975004
2020-02-24 13:02:00,136.041029298
2020-02-24 13:03:00,136.001776314
2020-02-24 13:04:00,135.9301396182
2020-02-24 13:05:00,135.89392874046
2020-02-24 13:06:00,136.001776314
2020-02-24 13:07:00,136.041029298
2020-02-24 13:08:00,135.982149822
2020-02-24 13:09:00,136.050842544
2020-02-24 13:10:00,135.96252333
2020-02-24 13:11:00,135.9134571
2020-02-24 13:12:00,135.805511394
2020-02-24 13:13:00,135.834951132
2020-02-24 13:14:00,135.884017362
2020-02-24 13:15:00,135.918363723
2020-02-24 13:16:00,135.86439087
2020-02-24 13:17:00,135.834951132
2020-02-24 13:18:00,135.736818672
2020-02-24 13:19:00,135.707378934
2020-02-24 13:20:00,135.810418017
2020-02-24 13:21:00,135.9134571
2020-02-24 13:22:00,135.9134571
2020-02-24 13:23:00,135.937990215
2020-02-24 13:24:00,135.834951132
2020-02-24 13:25:00,135.805511394
2020-02-24 13:26:00,135.893830608
2020-02-24 13:27:00,135.96252333
2020-02-24 13:28:00,136.104815397
2020-02-24 13:29:00,136.193134611
2020-02-24 13:30:00,136.227480972
2020-02-24 13:31:00,136.139161758
2020-02-24 13:32:00,136.217667726
2020-02-24 13:33:00,136.227480972
2020-02-24 13:34:00,136.178414742
2020-02-24 13:35:00,136.168601496
2020-02-24 13:36:00,136.08018414954
2020-02-24 13:37:00,136.261827333
2020-02-24 13:38:00,136.247107464
2020-02-24 13:39:00,136.070469036
2020-02-24 13:40:00,135.991963068
2020-02-24 13:41:00,135.96252333
2020-02-24 13:42:00,135.89520446244
2020-02-24 13:43:00,135.707378934
2020-02-24 13:44:00,135.677939196
2020-02-24 13:45:00,135.692659065
2020-02-24 13:46:00,135.7696930461
2020-02-24 13:47:00,135.81532464
2020-02-24 13:48:00,135.982149822
2020-02-24 13:49:00,135.923270346
2020-02-24 13:50:00,135.874204116
2020-02-24 13:51:00,135.893830608
2020-02-24 13:52:00,135.844764378
2020-02-24 13:53:00,135.825137886
2020-02-24 13:54:00,135.86439087
2020-02-24 13:55:00,135.839857755
2020-02-24 13:56:00,135.785884902
2020-02-24 13:57:00,135.677939196
2020-02-24 13:58:00,135.648499458
2020-02-24 13:59:00,135.731912049
2020-02-24 14:00:00,135.727005426
2020-02-24 14:01:00,135.648499458
2020-02-24 14:02:00,135.599433228
2020-02-24 14:03:00,135.638686212
2020-02-24 14:04:00,135.589619982
2020-02-24 14:05:00,135.584713359
2020-02-24 14:06:00,135.574900113
2020-02-24 14:07:00,135.579806736
2020-02-24 14:08:00,135.47186103
2020-02-24 14:09:00,135.496394145
2020-02-24 14:10:00,135.442421292
2020-02-24 14:11:00,135.432608046
2020-02-24 14:12:00,135.442421292
2020-02-24 14:13:00,135.295222602
2020-02-24 14:14:00,135.354102078
2020-02-24 14:15:00,135.344288832
2020-02-24 14:16:00,135.462047784
2020-02-24 14:17:00,135.560180244
2020-02-24 14:18:00,135.638686212
2020-02-24 14:19:00,135.623966343
2020-02-24 14:20:00,135.658312704
2020-02-24 14:21:00,135.727005426
2020-02-24 14:22:00,135.746631918
2020-02-24 14:23:00,135.687752442
2020-02-24 14:24:00,135.653406081
2020-02-24 14:25:00,135.687752442
2020-02-24 14:26:00,135.785884902
2020-02-24 14:27:00,135.834951132
2020-02-24 14:28:00,135.982149822
2020-02-24 14:29:00,136.119535266
2020-02-24 14:30:00,136.006682937
2020-02-24 14:31:00,136.001776314
2020-02-24 14:32:00,135.991963068
2020-02-24 14:33:00,135.952710084
2020-02-24 14:34:00,135.991963068
2020-02-24 14:35:00,135.923270346
2020-02-24 14:36:00,135.9134571
2020-02-24 14:37:00,135.825137886
2020-02-24 14:38:00,135.854577624
2020-02-24 14:39:00,135.972336576
2020-02-24 14:40:00,135.96252333
2020-02-24 14:41:00,135.952710084
2020-02-24 14:42:00,135.933083592
2020-02-24 14:43:00,135.893830608
2020-02-24 14:44:00,135.952710084
2020-02-24 14:45:00,135.972336576
2020-02-24 14:46:00,135.952710084
2020-02-24 14:47:00,135.952710084
2020-02-24 14:48:00,135.942896838
2020-02-24 14:49:00,135.933083592
2020-02-24 14:50:00,136.01158956
2020-02-24 14:51:00,136.01158956
2020-02-24 14:52:00,136.031216052
2020-02-24 14:53:00,136.075375659
2020-02-24 14:54:00,136.144068381
2020-02-24 14:55:00,136.217667726
2020-02-24 14:56:00,136.25692071
2020-02-24 14:57:00,136.335426678
2020-02-24 14:58:00,136.296173694
2020-02-24 14:59:00,136.266733956
2020-02-24 15:00:00,136.345239924
2020-02-24 15:01:00,136.266733956
2020-02-24 15:02:00,136.335426678
2020-02-24 15:03:00,136.45318563
2020-02-24 15:04:00,136.409026023
2020-02-24 15:05:00,136.462998876
2020-02-24 15:06:00,136.462998876
2020-02-24 15:07:00,136.546411467
2020-02-24 15:08:00,136.472812122
2020-02-24 15:09:00,136.423745892
2020-02-24 15:10:00,136.35505317
2020-02-24 15:11:00,136.193134611
2020-02-24 15:12:00,136.188227988
2020-02-24 15:13:00,136.15878825
2020-02-24 15:14:00,136.217667726
2020-02-24 15:15:00,136.168601496
2020-02-24 15:16:00,136.080282282
2020-02-24 15:17:00,136.15878825
2020-02-24 15:18:00,136.080282282
2020-02-24 15:19:00,136.06065579
2020-02-24 15:20:00,136.129348512
2020-02-24 15:21:00,136.06065579
2020-02-24 15:22:00,136.041029298
2020-02-24 15:23:00,136.06065579
2020-02-24 15:24:00,136.075375659
2020-02-24 15:25:00,136.031216052
2020-02-24 15:26:00,136.085188905
2020-02-24 15:27:00,136.070469036
2020-02-24 15:28:00,136.050842544
2020-02-24 15:29:00,136.06065579
2020-02-24 15:30:00,136.01158956
2020-02-24 15:31:00,135.952710084
2020-02-24 15:32:00,135.972336576
2020-02-24 15:33:00,136.041029298
2020-02-24 15:34:00,135.96252333
2020-02-24 15:35:00,135.928176969
2020-02-24 15:36:00,135.9134571
2020-02-24 15:37:00,135.942896838
2020-02-24 15:38:00,135.923270346
2020-02-24 15:39:00,135.96252333
2020-02-24 15:40:00,135.903643854
2020-02-24 15:41:00,135.86439087
2020-02-24 15:42:00,135.869297493
2020-02-24 15:43:00,135.874204116
2020-02-24 15:44:00,135.903643854
2020-02-24 15:45:00,135.874204116
2020-02-24 15:46:00,135.893830608
2020-02-24 15:47:00,135.8727321291
2020-02-24 15:48:00,135.884017362
2020-02-24 15:49:00,135.9134571
2020-02-24 15:50:00,135.884017362
2020-02-24 15:51:00,135.756445164
2020-02-24 15:52:00,135.673032573
2020-02-24 15:53:00,135.658312704
2020-02-24 15:54:00,135.589619982
2020-02-24 15:55:00,135.589619982
2020-02-24 15:56:00,135.589619982
2020-02-24 15:57:00,135.5479136865
2020-02-24 15:58:00,135.560180244
2020-02-24 15:59:00,135.550366998
2020-02-24 16:00:00,135.56999349
2020-02-25 09:31:00,136.4041194
2020-02-25 09:32:00,136.090095528
2020-02-25 09:33:00,136.099908774
2020-02-25 09:34:00,136.129348512
2020-02-25 09:35:00,136.139161758
2020-02-25 09:36:00,136.178414742
2020-02-25 09:37:00,136.129348512
2020-02-25 09:38:00,136.247107464
2020-02-25 09:39:00,136.521878352
2020-02-25 09:40:00,136.5096117945
2020-02-25 09:41:00,136.45917171006
2020-02-25 09:42:00,136.561131336
2020-02-25 09:43:00,136.335426678
2020-02-25 09:44:00,136.25692071
2020-02-25 09:45:00,136.036122675
2020-02-25 09:46:00,135.982149822
2020-02-25 09:47:00,135.903643854
2020-02-25 09:48:00,135.736818672
2020-02-25 09:49:00,135.736818672
2020-02-25 09:50:00,135.76625841
2020-02-25 09:51:00,135.76625841
2020-02-25 09:52:00,135.805511394
2020-02-25 09:53:00,135.854577624
2020-02-25 09:54:00,135.937990215
2020-02-25 09:55:00,135.844764378
2020-02-25 09:56:00,135.76635654246
2020-02-25 09:57:00,136.001776314
2020-02-25 09:58:00,136.031216052
2020-02-25 09:59:00,136.16644258188
2020-02-25 10:00:00,136.335426678
2020-02-25 10:01:00,136.315800186
2020-02-25 10:02:00,136.310893563
2020-02-25 10:03:00,136.276547202
2020-02-25 10:04:00,136.217667726
2020-02-25 10:05:00,136.198041234
2020-02-25 10:06:00,136.296173694
2020-02-25 10:07:00,136.389399531
2020-02-25 10:08:00,136.45318563
2020-02-25 10:09:00,136.428652515
2020-02-25 10:10:00,136.364866416
2020-02-25 10:11:00,136.266733956
2020-02-25 10:12:00,136.301080317
2020-02-25 10:13:00,136.188227988
2020-02-25 10:14:00,136.070469036
2020-02-25 10:15:00,136.001776314
2020-02-25 10:16:00,135.96252333
2020-02-25 10:17:00,135.947803461
2020-02-25 10:18:00,135.86439087
2020-02-25 10:19:00,135.56999349
2020-02-25 10:20:00,135.942896838
2020-02-25 10:21:00,135.81532464
2020-02-25 10:22:00,135.9134571
2020-02-25 10:23:00,135.81532464
2020-02-25 10:24:00,135.756445164
2020-02-25 10:25:00,135.628872966
2020-02-25 10:26:00,135.417888177
2020-02-25 10:27:00,135.314849094
2020-02-25 10:28:00,135.206903388
2020-02-25 10:29:00,135.295222602
2020-02-25 10:30:00,135.295222602
2020-02-25 10:31:00,135.27559611
2020-02-25 10:32:00,135.216716634
2020-02-25 10:33:00,135.192183519
2020-02-25 10:34:00,135.192183519
2020-02-25 10:35:00,135.329568963
2020-02-25 10:36:00,135.32466234
2020-02-25 10:37:00,135.44693538516
2020-02-25 10:38:00,135.51660943176
2020-02-25 10:39:00,135.560180244
2020-02-25 10:40:00,135.501300768
2020-02-25 10:41:00,135.452234538
2020-02-25 10:42:00,135.56999349
2020-02-25 10:43:00,135.663219327
2020-02-25 10:44:00,135.697565688
2020-02-25 10:45:00,135.893830608
2020-02-25 10:46:00,135.933083592
2020-02-25 10:47:00,135.776071656
2020-02-25 10:48:00,135.66155107518
2020-02-25 10:49:00,135.61542881898
2020-02-25 10:50:00,135.604339851
2020-02-25 10:51:00,135.442421292
2020-02-25 10:52:00,135.32466234
2020-02-25 10:53:00,135.103864305
2020-02-25 10:54:00,134.89808053638
2020-02-25 10:55:00,135.12839742
2020-02-25 10:56:00,135.138210666
2020-02-25 10:57:00,135.187276896
2020-02-25 10:58:00,135.236343126
2020-02-25 10:59:00,135.231436503
2020-02-25 11:00:00,135.47186103
2020-02-25 11:01:00,135.560180244
2020-02-25 11:02:00,135.599433228
2020-02-25 11:03:00,135.501300768
2020-02-25 11:04:00,135.290315979
2020-02-25 11:05:00,135.211810011
2020-02-25 11:06:00,135.17746365
2020-02-25 11:07:00,135.03026496
2020-02-25 11:08:00,134.961572238
2020-02-25 11:09:00,135.020451714
2020-02-25 11:10:00,134.98119873
2020-02-25 11:11:00,135.03026496
2020-02-25 11:12:00,135.07138246074
2020-02-25 11:13:00,135.015545091
2020-02-25 11:14:00,134.912506008
2020-02-25 11:15:00,134.97864728604
2020-02-25 11:16:00,134.838906663
2020-02-25 11:17:00,134.73586758
2020-02-25 11:18:00,134.519976168
2020-02-25 11:19:00,134.34883315776
2020-02-25 11:20:00,134.39240397
2020-02-25 11:21:00,134.274645018
2020-02-25 11:22:00,134.372777478
2020-02-25 11:23:00,134.323711248
2020-02-25 11:24:00,134.451283446
2020-02-25 11:25:00,134.4414702
2020-02-25 11:26:00,134.559229152
2020-02-25 11:27:00,134.559229152
2020-02-25 11:28:00,134.608295382
2020-02-25 11:29:00,134.618108628
2020-02-25 11:30:00,134.559229152
2020-02-25 11:31:00,134.470909938
2020-02-25 11:32:00,134.647548366
2020-02-25 11:33:00,134.73586758
2020-02-25 11:34:00,134.726054334
2020-02-25 11:35:00,134.662268235
2020-02-25 11:36:00,134.627921874
2020-02-25 11:37:00,134.569042398
2020-02-25 11:38:00,134.627921874
2020-02-25 11:39:00,134.726054334
2020-02-25 11:40:00,134.71192325976
2020-02-25 11:41:00,134.765307318
2020-02-25 11:42:00,134.6995585698
2020-02-25 11:43:00,134.647548366
2020-02-25 11:44:00,134.657361612
2020-02-25 11:45:00,134.505256299
2020-02-25 11:46:00,134.510162922
2020-02-25 11:47:00,134.726054334
2020-02-25 11:48:00,134.951758992
2020-02-25 11:49:00,134.98119873
2020-02-25 11:50:00,134.892879516
2020-02-25 11:51:00,134.73586758
2020-02-25 11:52:00,134.696614596
2020-02-25 11:53:00,134.569042398
2020-02-25 11:54:00,134.470909938
2020-02-25 11:55:00,134.485629807
2020-02-25 11:56:00,134.559229152
2020-02-25 11:57:00,134.53960266
2020-02-25 11:58:00,134.51722845912
2020-02-25 11:59:00,134.529789414
2020-02-25 12:00:00,134.657361612
2020-02-25 12:01:00,134.755494072
2020-02-25 12:02:00,134.745680826
2020-02-25 12:03:00,134.775120564
2020-02-25 12:04:00,134.78493381
2020-02-25 12:05:00,134.755494072
2020-02-25 12:06:00,134.755494072
2020-02-25 12:07:00,134.667174858
2020-02-25 12:08:00,134.68680135
2020-02-25 12:09:00,134.726054334
2020-02-25 12:10:00,134.716241088
2020-02-25 12:11:00,134.83400004
2020-02-25 12:12:00,134.83400004
2020-02-25 12:13:00,134.83400004
2020-02-25 12:14:00,134.696614596
2020-02-25 12:15:00,134.68680135
2020-02-25 12:16:00,134.58866889
2020-02-25 12:17:00,134.63773512
2020-02-25 12:18:00,134.578855644
2020-02-25 12:19:00,134.495443053
2020-02-25 12:20:00,134.54264476626
2020-02-25 12:21:00,134.598482136
2020-02-25 12:22:00,134.519976168
2020-02-25 12:23:00,134.49053643
2020-02-25 12:24:00,134.49053643
2020-02-25 12:25:00,134.421843708
2020-02-25 12:26:00,134.328617871
2020-02-25 12:27:00,134.34333774
2020-02-25 12:28:00,134.39240397
2020-02-25 12:29:00,134.38170753186
2020-02-25 12:30:00,134.412030462
2020-02-25 12:31:00,134.485629807
2020-02-25 12:32:00,134.451283446
2020-02-25 12:33:00,134.53960266
2020-02-25 12:34:00,134.559229152
2020-02-25 12:35:00,134.559229152
2020-02-25 12:36:00,134.672081481
2020-02-25 12:37:00,134.68680135
2020-02-25 12:38:00,134.726054334
2020-02-25 12:39:00,134.706427842
2020-02-25 12:40:00,134.75608286676
2020-02-25 12:41:00,134.647548366
2020-02-25 12:42:00,134.598482136
2020-02-25 12:43:00,134.5140882204
2020-02-25 12:44:00,134.451283446
2020-02-25 12:45:00,134.362964232
2020-02-25 12:46:00,134.304084756
2020-02-25 12:47:00,134.205952296
2020-02-25 12:48:00,134.225578788
2020-02-25 12:49:00,134.088193344
2020-02-25 12:50:00,134.14196993208
2020-02-25 12:51:00,134.068566852
2020-02-25 12:52:00,134.029313868
2020-02-25 12:53:00,134.117633082
2020-02-25 12:54:00,134.102913213
2020-02-25 12:55:00,134.11164700194
2020-02-25 12:56:00,134.039127114
2020-02-25 12:57:00,133.936088031
2020-02-25 12:58:00,133.99987413
2020-02-25 12:59:00,133.990060884
2020-02-25 13:00:00,133.9508079
2020-02-25 13:01:00,133.80792703824
2020-02-25 13:02:00,133.6755463497
2020-02-25 13:03:00,133.837955571
2020-02-25 13:04:00,133.980247638
2020-02-25 13:05:00,133.872301932
2020-02-25 13:06:00,133.85267544
2020-02-25 13:07:00,133.842862194
2020-02-25 13:08:00,133.940994654
2020-02-25 13:09:00,134.078380098
2020-02-25 13:10:00,134.029313868
2020-02-25 13:11:00,134.093099967
2020-02-25 13:12:00,134.151979443
2020-02-25 13:13:00,134.176512558
2020-02-25 13:14:00,134.0690575143
2020-02-25 13:15:00,134.068566852
2020-02-25 13:16:00,133.97308396842
2020-02-25 13:17:00,133.891928424
2020-02-25 13:18:00,133.78525843998
2020-02-25 13:19:00,133.940994654
2020-02-25 13:20:00,133.960621146
2020-02-25 13:21:00,134.039127114
2020-02-25 13:22:00,133.990060884
2020-02-25 13:23:00,133.990060884
2020-02-25 13:24:00,133.9508079
2020-02-25 13:25:00,133.940994654
2020-02-25 13:26:00,133.931181408
2020-02-25 13:27:00,133.970434392
2020-02-25 13:28:00,133.980247638
2020-02-25 13:29:00,133.980247638
2020-02-25 13:30:00,133.990060884
2020-02-25 13:31:00,133.891928424
2020-02-25 13:32:00,133.862488686
2020-02-25 13:33:00,133.896835047
2020-02-25 13:34:00,133.960621146
2020-02-25 13:35:00,134.029313868
2020-02-25 13:36:00,133.960621146
2020-02-25 13:37:00,133.940994654
2020-02-25 13:38:00,134.088193344
2020-02-25 13:39:00,133.99987413
2020-02-25 13:40:00,133.931181408
2020-02-25 13:41:00,133.921368162
2020-02-25 13:42:00,133.921368162
2020-02-25 13:43:00,134.039127114
2020-02-25 13:44:00,134.04894036
2020-02-25 13:45:00,134.127446328
2020-02-25 13:46:00,134.034220491
2020-02-25 13:47:00,134.058753606
2020-02-25 13:48:00,134.09800659
2020-02-25 13:49:00,133.99987413
2020-02-25 13:50:00,133.99987413
2020-02-25 13:51:00,134.205952296
2020-02-25 13:52:00,134.186325804
2020-02-25 13:53:00,134.117633082
2020-02-25 13:54:00,133.99987413
2020-02-25 13:55:00,134.029313868
2020-02-25 13:56:00,134.078380098
2020-02-25 13:57:00,134.068566852
2020-02-25 13:58:00,134.019500622
2020-02-25 13:59:00,133.85267544
2020-02-25 14:00:00,133.734916488
2020-02-25 14:01:00,133.60734429
2020-02-25 14:02:00,133.4601456
2020-02-25 14:03:00,133.381639632
2020-02-25 14:04:00,133.4267805636
2020-02-25 14:05:00,133.45092114876
2020-02-25 14:06:00,133.528838322
2020-02-25 14:07:00,133.342386648
2020-02-25 14:08:00,133.26456760722
2020-02-25 14:09:00,133.097055498
2020-02-25 14:10:00,132.900790578
2020-02-25 14:11:00,133.146121728
2020-02-25 14:12:00,132.900790578
2020-02-25 14:13:00,133.205001204
2020-02-25 14:14:00,133.258974057
2020-02-25 14:15:00,133.430705862
2020-02-25 14:16:00,133.381639632
2020-02-25 14:17:00,133.322760156
2020-02-25 14:18:00,133.175561466
2020-02-25 14:19:00,132.994016415
2020-02-25 14:20:00,132.9694833
2020-02-25 14:21:00,133.126495236
2020-02-25 14:22:00,133.038176022
2020-02-25 14:23:00,133.047989268
2020-02-25 14:24:00,133.10107892886
2020-02-25 14:25:00,132.949856808
2020-02-25 14:26:00,132.92041707
2020-02-25 14:27:00,132.72415215
2020-02-25 14:28:00,132.6029585619
2020-02-25 14:29:00,132.351248802
2020-02-25 14:30:00,132.459194508
2020-02-25 14:31:00,132.11926366656
2020-02-25 14:32:00,132.262929588
2020-02-25 14:33:00,132.267836211
2020-02-25 14:34:00,132.292369326
2020-02-25 14:35:00,132.361062048
2020-02-25 14:36:00,132.253116342
2020-02-25 14:37:00,132.38068854
2020-02-25 14:38:00,132.38068854
2020-02-25 14:39:00,132.272742834
2020-02-25 14:40:00,132.23348985
2020-02-25 14:41:00,132.213863358
2020-02-25 14:42:00,132.23348985
2020-02-25 14:43:00,132.469007754
2020-02-25 14:44:00,132.6122811456
2020-02-25 14:45:00,132.82022382834
2020-02-25 14:46:00,132.812471364
2020-02-25 14:47:00,132.714338904
2020-02-25 14:48:00,132.851724348
2020-02-25 14:49:00,132.910603824
2020-02-25 14:50:00,132.910603824
2020-02-25 14:51:00,132.77321838
2020-02-25 14:52:00,132.87135084
2020-02-25 14:53:00,132.841911102
2020-02-25 14:54:00,132.851724348
2020-02-25 14:55:00,133.057802514
2020-02-25 14:56:00,133.06761576
2020-02-25 14:57:00,133.01854953
2020-02-25 14:58:00,133.01864766246
2020-02-25 14:59:00,132.92041707
2020-02-25 15:00:00,132.944950185
2020-02-25 15:01:00,133.11668199
2020-02-25 15:02:00,133.224627696
2020-02-25 15:03:00,133.028362776
2020-02-25 15:04:00,132.949856808
2020-02-25 15:05:00,132.9694833
2020-02-25 15:06:00,133.273693926
2020-02-25 15:07:00,133.11668199
2020-02-25 15:08:00,132.984203169
2020-02-25 15:09:00,132.940043562
2020-02-25 15:10:00,132.9694833
2020-02-25 15:11:00,132.841911102
2020-02-25 15:12:00,132.949856808
2020-02-25 15:13:00,132.802658118
2020-02-25 15:14:00,132.802658118
2020-02-25 15:15:00,132.792844872
2020-02-25 15:16:00,132.82228461
2020-02-25 15:17:00,132.93062284584
2020-02-25 15:18:00,132.72415215
2020-02-25 15:19:00,132.753591888
2020-02-25 15:20:00,132.792844872
2020-02-25 15:21:00,132.694712412
2020-02-25 15:22:00,132.635832936
2020-02-25 15:23:00,132.52788723
2020-02-25 15:24:00,132.419941524
2020-02-25 15:25:00,132.508260738
2020-02-25 15:26:00,132.38068854
2020-02-25 15:27:00,132.537700476
2020-02-25 15:28:00,132.660366051
2020-02-25 15:29:00,132.6319076376
2020-02-25 15:30:00,132.62601969
2020-02-25 15:31:00,132.522980607
2020-02-25 15:32:00,132.439568016
2020-02-25 15:33:00,132.223676604
2020-02-25 15:34:00,132.18442362
2020-02-25 15:35:00,132.341435556
2020-02-25 15:36:00,132.336528933
2020-02-25 15:37:00,132.23348985
2020-02-25 15:38:00,132.302182572
2020-02-25 15:39:00,132.243303096
2020-02-25 15:40:00,132.33162231
2020-02-25 15:41:00,132.635832936
2020-02-25 15:42:00,132.82228461
2020-02-25 15:43:00,132.753591888
2020-02-25 15:44:00,132.802658118
2020-02-25 15:45:00,132.7074696318
2020-02-25 15:46:00,132.881164086
2020-02-25 15:47:00,133.023456153
2020-02-25 15:48:00,133.028362776
2020-02-25 15:49:00,133.033269399
2020-02-25 15:50:00,132.733965396
2020-02-25 15:51:00,132.518073984
2020-02-25 15:52:00,132.498447492
2020-02-25 15:53:00,132.547513722
2020-02-25 15:54:00,132.704525658
2020-02-25 15:55:00,132.665272674
2020-02-25 15:56:00,132.67508592
2020-02-25 15:57:00,132.567140214
2020-02-25 15:58:00,132.792844872
2020-02-25 15:59:00,132.925323693
2020-02-25 16:00:00,132.881164086
2020-02-26 09:31:00,133.195187958
2020-02-26 09:32:00,133.155934974
2020-02-26 09:33:00,132.616206444
2020-02-26 09:34:00,132.856630971
2020-02-26 09:35:00,132.95888499432
2020-02-26 09:36:00,133.18076248638
2020-02-26 09:37:00,132.998923038
2020-02-26 09:38:00,133.141215105
2020-02-26 09:39:00,133.587717798
2020-02-26 09:40:00,133.88731619838
2020-02-26 09:41:00,134.127446328
2020-02-26 09:42:00,134.205952296
2020-02-26 09:43:00,134.166699312
2020-02-26 09:44:00,134.34333774
2020-02-26 09:45:00,134.4414702
2020-02-26 09:46:00,134.112726459
2020-02-26 09:47:00,133.99987413
2020-02-26 09:48:00,133.833048948
2020-02-26 09:49:00,133.833048948
2020-02-26 09:50:00,133.700570127
2020-02-26 09:51:00,133.474865469
2020-02-26 09:52:00,133.352199894
2020-02-26 09:53:00,133.26388068
2020-02-26 09:54:00,133.401266124
2020-02-26 09:55:00,133.41107937
2020-02-26 09:56:00,133.440519108
2020-02-26 09:57:00,133.224627696
2020-02-26 09:58:00,133.16574822
2020-02-26 09:59:00,133.033269399
2020-02-26 10:00:00,133.136308482
2020-02-26 10:01:00,133.047989268
2020-02-26 10:02:00,132.895883955
2020-02-26 10:03:00,133.008736284
2020-02-26 10:04:00,132.881164086
2020-02-26 10:05:00,132.910603824
2020-02-26 10:06:00,132.812471364
2020-02-26 10:07:00,132.665272674
2020-02-26 10:08:00,132.714338904
2020-02-26 10:09:00,132.733965396
2020-02-26 10:10:00,132.635832936
2020-02-26 10:11:00,132.488634246
2020-02-26 10:12:00,132.449381262
2020-02-26 10:13:00,132.449381262
2020-02-26 10:14:00,132.562233591
2020-02-26 10:15:00,132.792844872
2020-02-26 10:16:00,132.704525658
2020-02-26 10:17:00,132.841911102
2020-02-26 10:18:00,132.837004479
2020-02-26 10:19:00,132.87135084
2020-02-26 10:20:00,132.86821060128
2020-02-26 10:21:00,132.841911102
2020-02-26 10:22:00,132.964576677
2020-02-26 10:23:00,132.930230316
2020-02-26 10:24:00,132.714338904
2020-02-26 10:25:00,132.832097856
2020-02-26 10:26:00,132.87135084
2020-02-26 10:27:00,132.792844872
2020-02-26 10:28:00,132.910603824
2020-02-26 10:29:00,132.905697201
2020-02-26 10:30:00,132.645646182
2020-02-26 10:31:00,132.616206444
2020-02-26 10:32:00,132.621113067
2020-02-26 10:33:00,132.76448459106
2020-02-26 10:34:00,132.900790578
2020-02-26 10:35:00,133.082335629
2020-02-26 10:36:00,133.175561466
2020-02-26 10:37:00,133.21481445
2020-02-26 10:38:00,133.175561466
2020-02-26 10:39:00,133.087242252
2020-02-26 10:40:00,133.126495236
2020-02-26 10:41:00,133.244254188
2020-02-26 10:42:00,133.371826386
2020-02-26 10:43:00,133.371826386
2020-02-26 10:44:00,133.41107937
2020-02-26 10:45:00,133.401266124
2020-02-26 10:46:00,133.479772092
2020-02-26 10:47:00,133.58693273832
2020-02-26 10:48:00,133.489585338
2020-02-26 10:49:00,133.401266124
2020-02-26 10:50:00,133.494491961
2020-02-26 10:51:00,133.626970782
2020-02-26 10:52:00,133.636784028
2020-02-26 10:53:00,133.577904552
2020-02-26 10:54:00,133.523931699
2020-02-26 10:55:00,133.4601456
2020-02-26 10:56:00,133.396359501
2020-02-26 10:57:00,133.391452878
2020-02-26 10:58:00,133.440519108
2020-02-26 10:59:00,133.450332354
2020-02-26 11:00:00,133.450332354
2020-02-26 11:01:00,133.420892616
2020-02-26 11:02:00,133.205001204
2020-02-26 11:03:00,133.352199894
2020-02-26 11:04:00,133.406172747
2020-02-26 11:05:00,133.406172747
2020-02-26 11:06:00,133.337480025
2020-02-26 11:07:00,133.26388068
2020-02-26 11:08:00,133.26388068
2020-02-26 11:09:00,133.268787303
2020-02-26 11:10:00,133.254067434
2020-02-26 11:11:00,133.254067434
2020-02-26 11:12:00,133.1696735184
2020-02-26 11:13:00,133.155934974
2020-02-26 11:14:00,133.234440942
2020-02-26 11:15:00,133.258974057
2020-02-26 11:16:00,133.342386648
2020-02-26 11:17:00,133.494491961
2020-02-26 11:18:00,133.5965497194
2020-02-26 11:19:00,133.685850258
2020-02-26 11:20:00,133.636784028
2020-02-26 11:21:00,133.661317143
2020-02-26 11:22:00,133.676037012
2020-02-26 11:23:00,133.725103242
2020-02-26 11:24:00,133.813422456
2020-02-26 11:25:00,133.725103242
2020-02-26 11:26:00,133.739823111
2020-02-26 11:27:00,133.7147993337
2020-02-26 11:28:00,133.646597274
2020-02-26 11:29:00,133.671130389
2020-02-26 11:30:00,133.538651568
2020-02-26 11:31:00,133.465052223
2020-02-26 11:32:00,133.430705862
2020-02-26 11:33:00,133.469958846
2020-02-26 11:34:00,133.469958846
2020-02-26 11:35:00,133.538651568
2020-02-26 11:36:00,133.31294691
2020-02-26 11:37:00,133.5018518955
2020-02-26 11:38:00,133.469958846
2020-02-26 11:39:00,133.484678715
2020-02-26 11:40:00,133.538651568
2020-02-26 11:41:00,133.528838322
2020-02-26 11:42:00,133.489585338
2020-02-26 11:43:00,133.479772092
2020-02-26 11:44:00,133.36201314
2020-02-26 11:45:00,133.308040287
2020-02-26 11:46:00,133.26388068
2020-02-26 11:47:00,133.224627696
2020-02-26 11:48:00,133.219721073
2020-02-26 11:49:00,133.205001204
2020-02-26 11:50:00,133.155934974
2020-02-26 11:51:00,133.097055498
2020-02-26 11:52:00,133.09303206714
2020-02-26 11:53:00,133.097055498
2020-02-26 11:54:00,132.87135084
2020-02-26 11:55:00,132.895883955
2020-02-26 11:56:00,132.841911102
2020-02-26 11:57:00,133.01854953
2020-02-26 11:58:00,133.028362776
2020-02-26 11:59:00,133.06761576
2020-02-26 12:00:00,132.989109792
2020-02-26 12:01:00,133.131401859
2020-02-26 12:02:00,132.890977332
2020-02-26 12:03:00,132.812471364
2020-02-26 12:04:00,132.792844872
2020-02-26 12:05:00,132.65850153426
2020-02-26 12:06:00,132.62601969
2020-02-26 12:07:00,132.62601969
2020-02-26 12:08:00,132.518073984
2020-02-26 12:09:00,132.464101131
2020-02-26 12:10:00,132.513167361
2020-02-26 12:11:00,132.454287885
2020-02-26 12:12:00,132.478821
2020-02-26 12:13:00,132.243303096
2020-02-26 12:14:00,132.3885391368
2020-02-26 12:15:00,132.302182572
2020-02-26 12:16:00,132.262929588
2020-02-26 12:17:00,132.272742834
2020-02-26 12:18:00,132.213863358
2020-02-26 12:19:00,132.292369326
2020-02-26 12:20:00,132.478821
2020-02-26 12:21:00,132.469007754
2020-02-26 12:22:00,132.439568016
2020-02-26 12:23:00,132.31366406982
2020-02-26 12:24:00,132.503354115
2020-02-26 12:25:00,132.581860083
2020-02-26 12:26:00,132.518073984
2020-02-26 12:27:00,132.532793853
2020-02-26 12:28:00,132.469007754
2020-02-26 12:29:00,132.43191368412
2020-02-26 12:30:00,132.473914377
2020-02-26 12:31:00,132.567140214
2020-02-26 12:32:00,132.57695346
2020-02-26 12:33:00,132.557326968
2020-02-26 12:34:00,132.547513722
2020-02-26 12:35:00,132.586766706
2020-02-26 12:36:00,132.606393198
2020-02-26 12:37:00,132.537700476
2020-02-26 12:38:00,132.49089129258
2020-02-26 12:39:00,132.419941524
2020-02-26 12:40:00,132.449381262
2020-02-26 12:41:00,132.400315032
2020-02-26 12:42:00,132.52955548182
2020-02-26 12:43:00,132.478821
2020-02-26 12:44:00,132.513167361
2020-02-26 12:45:00,132.459194508
2020-02-26 12:46:00,132.557326968
2020-02-26 12:47:00,132.537700476
2020-02-26 12:48:00,132.567140214
2020-02-26 12:49:00,132.508260738
2020-02-26 12:50:00,132.478821
2020-02-26 12:51:00,132.45742812372
2020-02-26 12:52:00,132.459194508
2020-02-26 12:53:00,132.478821
2020-02-26 12:54:00,132.405221655
2020-02-26 12:55:00,132.444474639
2020-02-26 12:56:00,132.478821
2020-02-26 12:57:00,132.38068854
2020-02-26 12:58:00,132.410128278
2020-02-26 12:59:00,132.542607099
2020-02-26 13:00:00,132.557326968
2020-02-26 13:01:00,132.57695346
2020-02-26 13:02:00,132.61169235084
2020-02-26 13:03:00,132.655459428
2020-02-26 13:04:00,132.645646182
2020-02-26 13:05:00,132.635832936
2020-02-26 13:06:00,132.665272674
2020-02-26 13:07:00,132.459194508
2020-02-26 13:08:00,132.42975477
2020-02-26 13:09:00,132.370875294
2020-02-26 13:10:00,132.410128278
2020-02-26 13:11:00,132.44682981804
2020-02-26 13:12:00,132.444474639
2020-02-26 13:13:00,132.385595163
2020-02-26 13:14:00,132.361062048
2020-02-26 13:15:00,132.395408409
2020-02-26 13:16:00,132.459194508
2020-02-26 13:17:00,132.498447492
2020-02-26 13:18:00,132.390501786
2020-02-26 13:19:00,132.439568016
2020-02-26 13:20:00,132.410128278
2020-02-26 13:21:00,132.410128278
2020-02-26 13:22:00,132.434661393
2020-02-26 13:23:00,132.346342179
2020-02-26 13:24:00,132.385595163
2020-02-26 13:25:00,132.419941524
2020-02-26 13:26:00,132.361062048
2020-02-26 13:27:00,132.48402202038
2020-02-26 13:28:00,132.449381262
2020-02-26 13:29:00,132.469007754
2020-02-26 13:30:00,132.469007754
2020-02-26 13:31:00,132.321809064
2020-02-26 13:32:00,132.13535739
2020-02-26 13:33:00,132.174610374
2020-02-26 13:34:00,131.978345454
2020-02-26 13:35:00,131.845866633
2020-02-26 13:36:00,131.821333518
2020-02-26 13:37:00,131.59562886
2020-02-26 13:38:00,131.625068598
2020-02-26 13:39:00,131.556375876
2020-02-26 13:40:00,131.261978496
2020-02-26 13:41:00,131.257071873
2020-02-26 13:42:00,131.3910226809
2020-02-26 13:43:00,131.291418234
2020-02-26 13:44:00,131.320857972
2020-02-26 13:45:00,131.212912266
2020-02-26 13:46:00,131.257071873
2020-02-26 13:47:00,131.409177186
2020-02-26 13:48:00,131.433710301
2020-02-26 13:49:00,131.733014304
2020-02-26 13:50:00,131.723201058
2020-02-26 13:51:00,131.683948074
2020-02-26 13:52:00,131.79189378
2020-02-26 13:53:00,131.79189378
2020-02-26 13:54:00,131.752640796
2020-02-26 13:55:00,131.674134828
2020-02-26 13:56:00,131.4974964
2020-02-26 13:57:00,131.291418234
2020-02-26 13:58:00,131.31232044798
2020-02-26 13:59:00,131.193285774
2020-02-26 14:00:00,131.232538758
2020-02-26 14:01:00,131.232538758
2020-02-26 14:02:00,131.458243416
2020-02-26 14:03:00,131.6667748935
2020-02-26 14:04:00,131.507309646
2020-02-26 14:05:00,131.409177186
2020-02-26 14:06:00,131.605442106
2020-02-26 14:07:00,131.605442106
2020-02-26 14:08:00,131.59562886
2020-02-26 14:09:00,131.468056662
2020-02-26 14:10:00,131.39936394
2020-02-26 14:11:00,131.379737448
2020-02-26 14:12:00,131.517122892
2020-02-26 14:13:00,131.576002368
2020-02-26 14:14:00,131.634881844
2020-02-26 14:15:00,131.79189378
2020-02-26 14:16:00,131.723201058
2020-02-26 14:17:00,131.629975221
2020-02-26 14:18:00,131.566189122
2020-02-26 14:19:00,131.625068598
2020-02-26 14:20:00,131.507309646
2020-02-26 14:21:00,131.517122892
2020-02-26 14:22:00,131.654508336
2020-02-26 14:23:00,131.605442106
2020-02-26 14:24:00,131.59562886
2020-02-26 14:25:00,131.615255352
2020-02-26 14:26:00,131.782080534
2020-02-26 14:27:00,131.713387812
2020-02-26 14:28:00,131.59562886
2020-02-26 14:29:00,131.733014304
2020-02-26 14:30:00,131.477869908
2020-02-26 14:31:00,131.458243416
2020-02-26 14:32:00,131.477869908
2020-02-26 14:33:00,131.482776531
2020-02-26 14:34:00,131.507309646
2020-02-26 14:35:00,131.458243416
2020-02-26 14:36:00,131.531842761
2020-02-26 14:37:00,131.74282755
2020-02-26 14:38:00,131.703574566
2020-02-26 14:39:00,131.585815614
2020-02-26 14:40:00,131.576002368
2020-02-26 14:41:00,131.4974964
2020-02-26 14:42:00,131.360110956
2020-02-26 14:43:00,131.340484464
2020-02-26 14:44:00,131.163846036
2020-02-26 14:45:00,131.222725512
2020-02-26 14:46:00,131.39936394
2020-02-26 14:47:00,131.30123148
2020-02-26 14:48:00,131.144219544
2020-02-26 14:49:00,131.15403279
2020-02-26 14:50:00,131.281604988
2020-02-26 14:51:00,131.173659282
2020-02-26 14:52:00,131.193285774
2020-02-26 14:53:00,131.095153314
2020-02-26 14:54:00,130.977394362
2020-02-26 14:55:00,131.016647346
2020-02-26 14:56:00,130.967581116
2020-02-26 14:57:00,130.977394362
2020-02-26 14:58:00,130.933234755
2020-02-26 14:59:00,130.864542033
2020-02-26 15:00:00,130.923421509
2020-02-26 15:01:00,131.036273838
2020-02-26 15:02:00,131.050993707
2020-02-26 15:03:00,131.178565905
2020-02-26 15:04:00,131.222725512
2020-02-26 15:05:00,131.134406298
2020-02-26 15:06:00,131.036273838
2020-02-26 15:07:00,131.046087084
2020-02-26 15:08:00,131.016647346
2020-02-26 15:09:00,131.065713576
2020-02-26 15:10:00,131.080433445
2020-02-26 15:11:00,131.06846128488
2020-02-26 15:12:00,131.036273838
2020-02-26 15:13:00,131.232538758
2020-02-26 15:14:00,131.114779806
2020-02-26 15:15:00,131.217818889
2020-02-26 15:16:00,131.291418234
2020-02-26 15:17:00,131.389550694
2020-02-26 15:18:00,131.54656263
2020-02-26 15:19:00,131.502403023
2020-02-26 15:20:00,131.418990432
2020-02-26 15:21:00,131.379737448
2020-02-26 15:22:00,131.25216525
2020-02-26 15:23:00,131.193285774
2020-02-26 15:24:00,131.20309902
2020-02-26 15:25:00,131.183472528
2020-02-26 15:26:00,131.046087084
2020-02-26 15:27:00,130.967581116
2020-02-26 15:28:00,130.938141378
2020-02-26 15:29:00,130.997020854
2020-02-26 15:30:00,131.016647346
2020-02-26 15:31:00,131.041180461
2020-02-26 15:32:00,131.095153314
2020-02-26 15:33:00,131.114779806
2020-02-26 15:34:00,131.036273838
2020-02-26 15:35:00,130.997020854
2020-02-26 15:36:00,131.109873183
2020-02-26 15:37:00,131.15403279
2020-02-26 15:38:00,131.095153314
2020-02-26 15:39:00,131.075526822
2020-02-26 15:40:00,131.291418234
2020-02-26 15:41:00,131.20309902
2020-02-26 15:42:00,131.163846036
2020-02-26 15:43:00,131.144219544
2020-02-26 15:44:00,131.0828867565
2020-02-26 15:45:00,131.212912266
2020-02-26 15:46:00,131.163846036
2020-02-26 15:47:00,131.183472528
2020-02-26 15:48:00,131.119686429
2020-02-26 15:49:00,131.10496656
2020-02-26 15:50:00,131.065713576
2020-02-26 15:51:00,131.232538758
2020-02-26 15:52:00,131.369924202
2020-02-26 15:53:00,131.4557901045
2020-02-26 15:54:00,131.242352004
2020-02-26 15:55:00,131.212912266
2020-02-26 15:56:00,131.109873183
2020-02-26 15:57:00,131.139312921
2020-02-26 15:58:00,131.232538758
2020-02-26 15:59:00,131.070620199
2020-02-26 16:00:00,130.987207608
2020-02-27 09:31:00,130.80046153662
2020-02-27 09:32:00,130.972487739
2020-02-27 09:33:00,130.938141378
2020-02-27 09:34:00,131.320857972
2020-02-27 09:35:00,131.24598290502
2020-02-27 09:36:00,131.340484464
2020-02-27 09:37:00,130.95776787
2020-02-27 09:38:00,131.036273838
2020-02-27 09:39:00,130.918514886
2020-02-27 09:40:00,130.604491014
2020-02-27 09:41:00,130.629024129
2020-02-27 09:42:00,130.653557244
2020-02-27 09:43:00,130.511265177
2020-02-27 09:44:00,130.447479078
2020-02-27 09:45:00,130.329720126
2020-02-27 09:46:00,130.300280388
2020-02-27 09:47:00,129.956816778
2020-02-27 09:48:00,130.17270819
2020-02-27 09:49:00,130.113828714
2020-02-27 09:50:00,130.192334682
2020-02-27 09:51:00,130.1766334884
2020-02-27 09:52:00,130.359159864
2020-02-27 09:53:00,130.41803934
2020-02-27 09:54:00,130.378786356
2020-02-27 09:55:00,130.776222819
2020-02-27 09:56:00,130.682996982
2020-02-27 09:57:00,130.427852586
2020-02-27 09:58:00,130.41568416096
2020-02-27 09:59:00,130.506358554
2020-02-27 10:00:00,130.329720126
2020-02-27 10:01:00,130.310093634
2020-02-27 10:02:00,129.92737704
2020-02-27 10:03:00,130.0112802933
2020-02-27 10:04:00,129.736018743
2020-02-27 10:05:00,129.760551858
2020-02-27 10:06:00,129.888124056
2020-02-27 10:07:00,130.064762484
2020-02-27 10:08:00,130.143268452
2020-02-27 10:09:00,130.5161718
2020-02-27 10:10:00,130.251214158
2020-02-27 10:11:00,130.182521436
2020-02-27 10:12:00,130.22177442
2020-02-27 10:13:00,130.251214158
2020-02-27 10:14:00,130.388599602
2020-02-27 10:15:00,130.609397637
2020-02-27 10:16:00,130.66337049
2020-02-27 10:17:00,130.61430426
2020-02-27 10:18:00,130.41803934
2020-02-27 10:19:00,130.31990688
2020-02-27 10:20:00,130.315000257
2020-02-27 10:21:00,130.216867797
2020-02-27 10:22:00,130.261027404
2020-02-27 10:23:00,130.192334682
2020-02-27 10:24:00,129.868497564
2020-02-27 10:25:00,129.937190286
2020-02-27 10:26:00,129.848871072
2020-02-27 10:27:00,129.799804842
2020-02-27 10:28:00,129.789991596
2020-02-27 10:29:00,129.82924458
2020-02-27 10:30:00,129.809618088
2020-02-27 10:31:00,129.760551858
2020-02-27 10:32:00,129.564286938
2020-02-27 10:33:00,129.407275002
2020-02-27 10:34:00,129.603539922
2020-02-27 10:35:00,129.475967724
2020-02-27 10:36:00,129.446527986
2020-02-27 10:37:00,129.711485628
2020-02-27 10:38:00,129.907750548
2020-02-27 10:39:00,129.68312534706
2020-02-27 10:40:00,129.824337957
2020-02-27 10:41:00,129.8174686848
2020-02-27 10:42:00,129.789991596
2020-02-27 10:43:00,129.63297966
2020-02-27 10:44:00,129.618259791
2020-02-27 10:45:00,129.564286938
2020-02-27 10:46:00,129.848871072
2020-02-27 10:47:00,130.064762484
2020-02-27 10:48:00,130.157988321
2020-02-27 10:49:00,130.241400912
2020-02-27 10:50:00,130.2885044928
2020-02-27 10:51:00,130.329720126
2020-02-27 10:52:00,130.472012193
2020-02-27 10:53:00,130.535798292
2020-02-27 10:54:00,130.4911480227
2020-02-27 10:55:00,130.422945963
2020-02-27 10:56:00,130.349346618
2020-02-27 10:57:00,130.638837375
2020-02-27 10:58:00,130.66337049
2020-02-27 10:59:00,130.756596327
2020-02-27 11:00:00,130.997020854
2020-02-27 11:01:00,131.20309902
2020-02-27 11:02:00,131.26580566194
2020-02-27 11:03:00,131.242352004
2020-02-27 11:04:00,131.414083809
2020-02-27 11:05:00,131.261978496
2020-02-27 11:06:00,131.163846036
2020-02-27 11:07:00,131.046087084
2020-02-27 11:08:00,131.144219544
2020-02-27 11:09:00,131.271791742
2020-02-27 11:10:00,131.30123148
2020-02-27 11:11:00,131.026460592
2020-02-27 11:12:00,130.938141378
2020-02-27 11:13:00,131.070620199
2020-02-27 11:14:00,130.781129442
2020-02-27 11:15:00,130.918514886
2020-02-27 11:16:00,130.840008918
2020-02-27 11:17:00,130.776222819
2020-02-27 11:18:00,130.947954624
2020-02-27 11:19:00,131.065713576
2020-02-27 11:20:00,131.193285774
2020-02-27 11:21:00,131.046087084
2020-02-27 11:22:00,130.987207608
2020-02-27 11:23:00,131.114779806
2020-02-27 11:24:00,130.987207608
2020-02-27 11:25:00,130.943048001
2020-02-27 11:26:00,130.736969835
2020-02-27 11:27:00,130.81056918
2020-02-27 11:28:00,130.898888394
2020-02-27 11:29:00,130.805662557
2020-02-27 11:30:00,130.71243672
2020-02-27 11:31:00,130.71243672
2020-02-27 11:32:00,130.76150295
2020-02-27 11:33:00,130.928328132
2020-02-27 11:34:00,130.776222819
2020-02-27 11:35:00,130.682996982
2020-02-27 11:36:00,130.707530097
2020-02-27 11:37:00,130.5161718
2020-02-27 11:38:00,130.57338302418
2020-02-27 11:39:00,130.486732062
2020-02-27 11:40:00,130.398412848
2020-02-27 11:41:00,130.46710557
2020-02-27 11:42:00,130.457292324
2020-02-27 11:43:00,130.476918816
2020-02-27 11:44:00,130.447479078
2020-02-27 11:45:00,130.457292324
2020-02-27 11:46:00,130.310093634
2020-02-27 11:47:00,130.22177442
2020-02-27 11:48:00,130.46710557
2020-02-27 11:49:00,130.462198947
2020-02-27 11:50:00,130.584864522
2020-02-27 11:51:00,130.476918816
2020-02-27 11:52:00,130.682996982
2020-02-27 11:53:00,130.820382426
2020-02-27 11:54:00,130.820382426
2020-02-27 11:55:00,130.967581116
2020-02-27 11:56:00,130.849822164
2020-02-27 11:57:00,130.947954624
2020-02-27 11:58:00,131.065713576
2020-02-27 11:59:00,131.173659282
2020-02-27 12:00:00,131.330671218
2020-02-27 12:01:00,131.2904369094
2020-02-27 12:02:00,131.4974964
2020-02-27 12:03:00,131.59562886
2020-02-27 12:04:00,131.39936394
2020-02-27 12:05:00,131.369924202
2020-02-27 12:06:00,131.39936394
2020-02-27 12:07:00,131.379737448
2020-02-27 12:08:00,131.39936394
2020-02-27 12:09:00,131.44843017
2020-02-27 12:10:00,131.576002368
2020-02-27 12:11:00,131.566189122
2020-02-27 12:12:00,131.526936138
2020-02-27 12:13:00,131.502403023
2020-02-27 12:14:00,131.536749384
2020-02-27 12:15:00,131.625068598
2020-02-27 12:16:00,131.571095745
2020-02-27 12:17:00,131.5279174626
2020-02-27 12:18:00,131.683948074
2020-02-27 12:19:00,131.92064356752
2020-02-27 12:20:00,131.958718962
2020-02-27 12:21:00,131.708481189
2020-02-27 12:22:00,131.526936138
2020-02-27 12:23:00,131.379737448
2020-02-27 12:24:00,131.296324857
2020-02-27 12:25:00,131.227632135
2020-02-27 12:26:00,131.158939413
2020-02-27 12:27:00,131.261978496
2020-02-27 12:28:00,131.477869908
2020-02-27 12:29:00,131.384644071
2020-02-27 12:30:00,131.54656263
2020-02-27 12:31:00,131.733014304
2020-02-27 12:32:00,131.74282755
2020-02-27 12:33:00,131.909652732
2020-02-27 12:34:00,131.93909247
2020-02-27 12:35:00,131.79189378
2020-02-27 12:36:00,131.69376132
2020-02-27 12:37:00,131.85106765338
2020-02-27 12:38:00,131.963625585
2020-02-27 12:39:00,132.130450767
2020-02-27 12:40:00,132.1147495734
2020-02-27 12:41:00,131.870399748
2020-02-27 12:42:00,131.860586502
2020-02-27 12:43:00,131.9881587
2020-02-27 12:44:00,131.811520272
2020-02-27 12:45:00,131.737920927
2020-02-27 12:46:00,131.585815614
2020-02-27 12:47:00,131.585815614
2020-02-27 12:48:00,131.477869908
2020-02-27 12:49:00,131.507309646
2020-02-27 12:50:00,131.54656263
2020-02-27 12:51:00,131.507309646
2020-02-27 12:52:00,131.458243416
2020-02-27 12:53:00,131.629975221
2020-02-27 12:54:00,131.733014304
2020-02-27 12:55:00,131.674134828
2020-02-27 12:56:00,131.54656263
2020-02-27 12:57:00,131.64469509
2020-02-27 12:58:00,131.438616924
2020-02-27 12:59:00,131.4121211598
2020-02-27 13:00:00,131.15403279
2020-02-27 13:01:00,131.036273838
2020-02-27 13:02:00,131.00948367642
2020-02-27 13:03:00,131.173659282
2020-02-27 13:04:00,131.183472528
2020-02-27 13:05:00,131.29995575802
2020-02-27 13:06:00,131.291418234
2020-02-27 13:07:00,131.438616924
2020-02-27 13:08:00,131.561282499
2020-02-27 13:09:00,131.5642264728
2020-02-27 13:10:00,131.458243416
2020-02-27 13:11:00,131.634881844
2020-02-27 13:12:00,131.664321582
2020-02-27 13:13:00,131.69376132
2020-02-27 13:14:00,131.78080481202
2020-02-27 13:15:00,131.654508336
2020-02-27 13:16:00,131.64469509
2020-02-27 13:17:00,131.320857972
2020-02-27 13:18:00,131.34460602732
2020-02-27 13:19:00,131.360110956
2020-02-27 13:20:00,131.374830825
2020-02-27 13:21:00,131.365017579
2020-02-27 13:22:00,131.311044726
2020-02-27 13:23:00,131.1942670986
2020-02-27 13:24:00,131.114779806
2020-02-27 13:25:00,131.15403279
2020-02-27 13:26:00,131.222725512
2020-02-27 13:27:00,131.208005643
2020-02-27 13:28:00,131.080433445
2020-02-27 13:29:00,130.943048001
2020-02-27 13:30:00,130.928328132
2020-02-27 13:31:00,130.85963541
2020-02-27 13:32:00,130.746783081
2020-02-27 13:33:00,130.732063212
2020-02-27 13:34:00,130.653557244
2020-02-27 13:35:00,130.594677768
2020-02-27 13:36:00,130.476918816
2020-02-27 13:37:00,130.5161718
2020-02-27 13:38:00,130.17270819
2020-02-27 13:39:00,130.17270819
2020-02-27 13:40:00,130.182521436
2020-02-27 13:41:00,130.162894944
2020-02-27 13:42:00,130.17270819
2020-02-27 13:43:00,129.515220708
2020-02-27 13:44:00,129.358208772
2020-02-27 13:45:00,129.328769034
2020-02-27 13:46:00,129.0441849
2020-02-27 13:47:00,129.309142542
2020-02-27 13:48:00,129.407275002
2020-02-27 13:49:00,129.6040305843
2020-02-27 13:50:00,129.466154478
2020-02-27 13:51:00,129.510314085
2020-02-27 13:52:00,129.368022018
2020-02-27 13:53:00,129.397461756
2020-02-27 13:54:00,129.495594216
2020-02-27 13:55:00,129.799804842
2020-02-27 13:56:00,129.893030679
2020-02-27 13:57:00,129.78017835
2020-02-27 13:58:00,129.377835264
2020-02-27 13:59:00,129.397461756
2020-02-27 14:00:00,129.2070847836
2020-02-27 14:01:00,128.94605244
2020-02-27 14:02:00,129.20139310092
2020-02-27 14:03:00,129.279702804
2020-02-27 14:04:00,129.152130606
2020-02-27 14:05:00,129.201196836
2020-02-27 14:06:00,129.211010082
2020-02-27 14:07:00,129.14231736
2020-02-27 14:08:00,129.161943852
2020-02-27 14:09:00,129.053998146
2020-02-27 14:10:00,128.87745785046
2020-02-27 14:11:00,128.955865686
2020-02-27 14:12:00,128.882266341
2020-02-27 14:13:00,128.901892833
2020-02-27 14:14:00,128.8268215011
2020-02-27 14:15:00,129.112877622
2020-02-27 14:16:00,129.161943852
2020-02-27 14:17:00,129.073624638
2020-02-27 14:18:00,129.260076312
2020-02-27 14:19:00,129.073624638
2020-02-27 14:20:00,128.906799456
2020-02-27 14:21:00,128.921519325
2020-02-27 14:22:00,128.965678932
2020-02-27 14:23:00,128.94605244
2020-02-27 14:24:00,129.14231736
2020-02-27 14:25:00,129.152130606
2020-02-27 14:26:00,129.304235919
2020-02-27 14:27:00,129.510314085
2020-02-27 14:28:00,129.412181625
2020-02-27 14:29:00,129.397461756
2020-02-27 14:30:00,129.426901494
2020-02-27 14:31:00,129.368022018
2020-02-27 14:32:00,129.309142542
2020-02-27 14:33:00,129.279702804
2020-02-27 14:34:00,129.196290213
2020-02-27 14:35:00,129.181570344
2020-02-27 14:36:00,129.348395526
2020-02-27 14:37:00,129.309142542
2020-02-27 14:38:00,129.274796181
2020-02-27 14:39:00,129.304235919
2020-02-27 14:40:00,129.09325113
2020-02-27 14:41:00,129.039278277
2020-02-27 14:42:00,129.24044982
2020-02-27 14:43:00,129.250263066
2020-02-27 14:44:00,129.230636574
2020-02-27 14:45:00,129.112877622
2020-02-27 14:46:00,129.122690868
2020-02-27 14:47:00,129.053998146
2020-02-27 14:48:00,128.965678932
2020-02-27 14:49:00,128.9794174764
2020-02-27 14:50:00,128.99511867
2020-02-27 14:51:00,129.000025293
2020-02-27 14:52:00,128.990212047
2020-02-27 14:53:00,129.009838539
2020-02-27 14:54:00,128.94605244
2020-02-27 14:55:00,128.857733226
2020-02-27 14:56:00,128.710534536
2020-02-27 14:57:00,128.730161028
2020-02-27 14:58:00,128.720347782
2020-02-27 14:59:00,128.735067651
2020-02-27 15:00:00,128.695814667
2020-02-27 15:01:00,128.524082862
2020-02-27 15:02:00,128.582962338
2020-02-27 15:03:00,128.514269616
2020-02-27 15:04:00,128.386697418
2020-02-27 15:05:00,128.592775584
2020-02-27 15:06:00,128.578055715
2020-02-27 15:07:00,128.808666996
2020-02-27 15:08:00,128.833200111
2020-02-27 15:09:00,128.916612702
2020-02-27 15:10:00,129.053998146
2020-02-27 15:11:00,129.000025293
2020-02-27 15:12:00,129.181570344
2020-02-27 15:13:00,129.166850475
2020-02-27 15:14:00,129.068718015
2020-02-27 15:15:00,128.975492178
2020-02-27 15:16:00,128.941145817
2020-02-27 15:17:00,128.887172964
2020-02-27 15:18:00,129.0441849
2020-02-27 15:19:00,128.911706079
2020-02-27 15:20:00,128.739974274
2020-02-27 15:21:00,128.813573619
2020-02-27 15:22:00,128.789040504
2020-02-27 15:23:00,128.774320635
2020-02-27 15:24:00,128.725254405
2020-02-27 15:25:00,128.828293488
2020-02-27 15:26:00,128.965678932
2020-02-27 15:27:00,128.931332571
2020-02-27 15:28:00,128.833200111
2020-02-27 15:29:00,128.769414012
2020-02-27 15:30:00,128.671281552
2020-02-27 15:31:00,128.533896108
2020-02-27 15:32:00,128.514269616
2020-02-27 15:33:00,128.416137156
2020-02-27 15:34:00,128.50445637
2020-02-27 15:35:00,128.509362993
2020-02-27 15:36:00,128.35725768
2020-02-27 15:37:00,128.322911319
2020-02-27 15:38:00,128.21005899
2020-02-27 15:39:00,128.126646399
2020-02-27 15:40:00,128.126646399
2020-02-27 15:41:00,127.920568233
2020-02-27 15:42:00,127.974541086
2020-02-27 15:43:00,127.940194725
2020-02-27 15:44:00,127.91566161
2020-02-27 15:45:00,127.856782134
2020-02-27 15:46:00,128.043233808
2020-02-27 15:47:00,127.984354332
2020-02-27 15:48:00,128.141366268
2020-02-27 15:49:00,128.092300038
2020-02-27 15:50:00,128.082486792
2020-02-27 15:51:00,127.72567716744
2020-02-27 15:52:00,127.50674364918
2020-02-27 15:53:00,127.582011246
2020-02-27 15:54:00,127.62126423
2020-02-27 15:55:00,127.586917869
2020-02-27 15:56:00,127.542758262
2020-02-27 15:57:00,127.434812556
2020-02-27 15:58:00,127.071722454
2020-02-27 15:59:00,126.93433701
2020-02-27 16:00:00,126.777325074
2020-02-28 09:31:00,123.627273108
2020-02-28 09:32:00,123.627273108
2020-02-28 09:33:00,123.627273108
2020-02-28 09:34:00,123.784285044
2020-02-28 09:35:00,124.08849567
2020-02-28 09:36:00,124.073775801
2020-02-28 09:37:00,124.363266558
2020-02-28 09:38:00,124.20311438328
2020-02-28 09:39:00,124.1002715652
2020-02-28 09:40:00,124.00527934392
2020-02-28 09:41:00,123.6792833118
2020-02-28 09:42:00,123.588020124
2020-02-28 09:43:00,123.607646616
2020-02-28 09:44:00,123.1562373
2020-02-28 09:45:00,122.577255786
2020-02-28 09:46:00,122.572349163
2020-02-28 09:47:00,123.1272882243
2020-02-28 09:48:00,122.91885487926
2020-02-28 09:49:00,122.866746543
2020-02-28 09:50:00,122.533096179
2020-02-28 09:51:00,122.02771401
2020-02-28 09:52:00,122.37402346134
2020-02-28 09:53:00,122.606695524
2020-02-28 09:54:00,121.792196106
2020-02-28 09:55:00,121.330973544
2020-02-28 09:56:00,121.00154287578
2020-02-28 09:57:00,120.967883442
2020-02-28 09:58:00,120.879564228
2020-02-28 09:59:00,121.056202656
2020-02-28 10:00:00,120.60479334
2020-02-28 10:01:00,121.04638941
2020-02-28 10:02:00,121.183774854
2020-02-28 10:03:00,120.545913864
2020-02-28 10:04:00,120.3079426485
2020-02-28 10:05:00,120.084691302
2020-02-28 10:06:00,121.213214592
2020-02-28 10:07:00,120.85012449
2020-02-28 10:08:00,120.683299308
2020-02-28 10:09:00,120.66632239242
2020-02-28 10:10:00,120.594980094
2020-02-28 10:11:00,120.594980094
2020-02-28 10:12:00,120.374182059
2020-02-28 10:13:00,120.330022452
2020-02-28 10:14:00,120.305489337
2020-02-28 10:15:00,119.888426382
2020-02-28 10:16:00,120.82441378548
2020-02-28 10:17:00,120.904097343
2020-02-28 10:18:00,121.576304694
2020-02-28 10:19:00,121.591024563
2020-02-28 10:20:00,121.311347052
2020-02-28 10:21:00,121.301533806
2020-02-28 10:22:00,121.296627183
2020-02-28 10:23:00,121.34078679
2020-02-28 10:24:00,121.40869445232
2020-02-28 10:25:00,121.434012627
2020-02-28 10:26:00,121.429106004
2020-02-28 10:27:00,121.43891925
2020-02-28 10:28:00,121.296627183
2020-02-28 10:29:00,120.94825695
2020-02-28 10:30:00,120.231889992
2020-02-28 10:31:00,120.069971433
2020-02-28 10:32:00,120.094504548
2020-02-28 10:33:00,120.158290647
2020-02-28 10:34:00,120.364368813
2020-02-28 10:35:00,120.1165843515
2020-02-28 10:36:00,120.447781404
2020-02-28 10:37:00,120.747085407
2020-02-28 10:38:00,121.139615247
2020-02-28 10:39:00,121.1935881
2020-02-28 10:40:00,120.962976819
2020-02-28 10:41:00,121.016949672
2020-02-28 10:42:00,120.864844359
2020-02-28 10:43:00,120.585166848
2020-02-28 10:44:00,120.575353602
2020-02-28 10:45:00,120.437968158
2020-02-28 10:46:00,120.467407896
2020-02-28 10:47:00,120.23807233698
2020-02-28 10:48:00,120.35946219
2020-02-28 10:49:00,119.858986644
2020-02-28 10:50:00,120.2122635
2020-02-28 10:51:00,120.501754257
2020-02-28 10:52:00,120.53619875046
2020-02-28 10:53:00,120.634233078
2020-02-28 10:54:00,121.164148362
2020-02-28 10:55:00,121.512518595
2020-02-28 10:56:00,121.262280822
2020-02-28 10:57:00,121.051296033
2020-02-28 10:58:00,121.28210357892
2020-02-28 10:59:00,121.252467576
2020-02-28 11:00:00,121.365319905
2020-02-28 11:01:00,121.14452187
2020-02-28 11:02:00,120.889377474
2020-02-28 11:03:00,120.585166848
2020-02-28 11:04:00,120.590073471
2020-02-28 11:05:00,120.742178784
2020-02-28 11:06:00,120.330022452
2020-02-28 11:07:00,119.976745596
2020-02-28 11:08:00,120.099411171
2020-02-28 11:09:00,119.751040938
2020-02-28 11:10:00,119.878613136
2020-02-28 11:11:00,120.182823762
2020-02-28 11:12:00,120.55651216968
2020-02-28 11:13:00,120.74698727454
2020-02-28 11:14:00,120.5208900867
2020-02-28 11:15:00,120.693112554
2020-02-28 11:16:00,120.781431768
2020-02-28 11:17:00,121.056202656
2020-02-28 11:18:00,120.830497998
2020-02-28 11:19:00,120.766711899
2020-02-28 11:20:00,120.972790065
2020-02-28 11:21:00,121.281907314
2020-02-28 11:22:00,121.183774854
2020-02-28 11:23:00,120.987509934
2020-02-28 11:24:00,121.036576164
2020-02-28 11:25:00,121.134708624
2020-02-28 11:26:00,121.04638941
2020-02-28 11:27:00,121.04354356866
2020-02-28 11:28:00,121.036576164
2020-02-28 11:29:00,120.99732318
2020-02-28 11:30:00,121.2107612805
2020-02-28 11:31:00,121.419292758
2020-02-28 11:32:00,121.546864956
2020-02-28 11:33:00,122.145472962
2020-02-28 11:34:00,121.968834534
2020-02-28 11:35:00,122.096406732
2020-02-28 11:36:00,121.468358988
2020-02-28 11:37:00,121.762756368
2020-02-28 11:38:00,122.096406732
2020-02-28 11:39:00,122.25528318474
2020-02-28 11:40:00,122.430057096
2020-02-28 11:41:00,122.454590211
2020-02-28 11:42:00,122.37117762
2020-02-28 11:43:00,122.626322016
2020-02-28 11:44:00,123.372128712
2020-02-28 11:45:00,122.999225364
2020-02-28 11:46:00,122.95997238
2020-02-28 11:47:00,122.27304516
2020-02-28 11:48:00,122.263231914
2020-02-28 11:49:00,122.150379585
2020-02-28 11:50:00,122.012994141
2020-02-28 11:51:00,122.400617358
2020-02-28 11:52:00,121.88051532
2020-02-28 11:53:00,121.497798726
2020-02-28 11:54:00,121.384946397
2020-02-28 11:55:00,121.34078679
2020-02-28 11:56:00,121.43891925
2020-02-28 11:57:00,121.134708624
2020-02-28 11:58:00,121.360413282
2020-02-28 11:59:00,121.53705171
2020-02-28 12:00:00,121.694063646
2020-02-28 12:01:00,121.507611972
2020-02-28 12:02:00,121.085642394
2020-02-28 12:03:00,120.94825695
2020-02-28 12:04:00,120.781431768
2020-02-28 12:05:00,121.208307969
2020-02-28 12:06:00,121.625370924
2020-02-28 12:07:00,121.640090793
2020-02-28 12:08:00,121.566491448
2020-02-28 12:09:00,121.399666266
2020-02-28 12:10:00,121.443825873
2020-02-28 12:11:00,121.360413282
2020-02-28 12:12:00,121.429106004
2020-02-28 12:13:00,121.154335116
2020-02-28 12:14:00,121.380039774
2020-02-28 12:15:00,121.237747707
2020-02-28 12:16:00,121.056202656
2020-02-28 12:17:00,120.889377474
2020-02-28 12:18:00,120.967883442
2020-02-28 12:19:00,121.09545564
2020-02-28 12:20:00,121.365319905
2020-02-28 12:21:00,121.576304694
2020-02-28 12:22:00,121.63518417
2020-02-28 12:23:00,121.507611972
2020-02-28 12:24:00,121.644997416
2020-02-28 12:25:00,121.419292758
2020-02-28 12:26:00,121.419292758
2020-02-28 12:27:00,121.752943122
2020-02-28 12:28:00,121.738223253
2020-02-28 12:29:00,121.900141812
2020-02-28 12:30:00,122.008087518
2020-02-28 12:31:00,122.302484898
2020-02-28 12:32:00,122.145472962
2020-02-28 12:33:00,122.410430604
2020-02-28 12:34:00,122.179819323
2020-02-28 12:35:00,122.214165684
2020-02-28 12:36:00,122.150379585
2020-02-28 12:37:00,122.199445815
2020-02-28 12:38:00,122.636135262
2020-02-28 12:39:00,122.641041885
2020-02-28 12:40:00,122.405523981
2020-02-28 12:41:00,122.464403457
2020-02-28 12:42:00,122.753894214
2020-02-28 12:43:00,122.685201492
2020-02-28 12:44:00,122.430057096
2020-02-28 12:45:00,122.165099454
2020-02-28 12:46:00,121.855982205
2020-02-28 12:47:00,121.97864778
2020-02-28 12:48:00,121.934488173
2020-02-28 12:49:00,121.772569614
2020-02-28 12:50:00,121.83144909
2020-02-28 12:51:00,121.890328566
2020-02-28 12:52:00,122.116033224
2020-02-28 12:53:00,122.214165684
2020-02-28 12:54:00,122.233792176
2020-02-28 12:55:00,122.390804112
2020-02-28 12:56:00,122.56744254
2020-02-28 12:57:00,122.695014738
2020-02-28 12:58:00,122.71464123
2020-02-28 12:59:00,122.793147198
2020-02-28 13:00:00,122.842213428
2020-02-28 13:01:00,122.842213428
2020-02-28 13:02:00,122.704827984
2020-02-28 13:03:00,122.341737882
2020-02-28 13:04:00,122.380990866
2020-02-28 13:05:00,122.32211139
2020-02-28 13:06:00,122.351551128
2020-02-28 13:07:00,122.243605422
2020-02-28 13:08:00,122.400617358
2020-02-28 13:09:00,122.596882278
2020-02-28 13:10:00,122.601788901
2020-02-28 13:11:00,122.415337227
2020-02-28 13:12:00,122.170006077
2020-02-28 13:13:00,122.194539192
2020-02-28 13:14:00,121.772569614
2020-02-28 13:15:00,121.63518417
2020-02-28 13:16:00,121.53724797492
2020-02-28 13:17:00,121.566491448
2020-02-28 13:18:00,121.743129876
2020-02-28 13:19:00,121.993367649
2020-02-28 13:20:00,121.909955058
2020-02-28 13:21:00,121.870702074
2020-02-28 13:22:00,121.669530531
2020-02-28 13:23:00,121.870702074
2020-02-28 13:24:00,121.968834534
2020-02-28 13:25:00,121.949208042
2020-02-28 13:26:00,122.155286208
2020-02-28 13:27:00,122.361364374
2020-02-28 13:28:00,122.263231914
2020-02-28 13:29:00,122.16882848748
2020-02-28 13:30:00,121.792196106
2020-02-28 13:31:00,121.507611972
2020-02-28 13:32:00,121.43322756732
2020-02-28 13:33:00,121.409479512
2020-02-28 13:34:00,121.04638941
2020-02-28 13:35:00,121.134708624
2020-02-28 13:36:00,120.869750982
2020-02-28 13:37:00,120.938443704
2020-02-28 13:38:00,121.075829148
2020-02-28 13:39:00,121.07376836634
2020-02-28 13:40:00,121.0871143809
2020-02-28 13:41:00,120.859937736
2020-02-28 13:42:00,120.65385957
2020-02-28 13:43:00,120.756898653
2020-02-28 13:44:00,120.683299308
2020-02-28 13:45:00,120.55572711
2020-02-28 13:46:00,120.01599858
2020-02-28 13:47:00,120.040531695
2020-02-28 13:48:00,119.912959497
2020-02-28 13:49:00,120.084691302
2020-02-28 13:50:00,120.256423107
2020-02-28 13:51:00,120.173010516
2020-02-28 13:52:00,120.325115829
2020-02-28 13:53:00,120.51470774172
2020-02-28 13:54:00,120.349648944
2020-02-28 13:55:00,120.271142976
2020-02-28 13:56:00,120.11413104
2020-02-28 13:57:00,120.182823762
2020-02-28 13:58:00,120.330022452
2020-02-28 13:59:00,120.477221142
2020-02-28 14:00:00,120.487034388
2020-02-28 14:01:00,120.030718449
2020-02-28 14:02:00,119.8859730705
2020-02-28 14:03:00,119.937492612
2020-02-28 14:04:00,119.81973366
2020-02-28 14:05:00,119.682348216
2020-02-28 14:06:00,119.57440251
2020-02-28 14:07:00,119.54457024216
2020-02-28 14:08:00,119.579309133
2020-02-28 14:09:00,119.417390574
2020-02-28 14:10:00,119.319258114
2020-02-28 14:11:00,119.466456804
2020-02-28 14:12:00,119.68421273274
2020-02-28 14:13:00,119.564589264
2020-02-28 14:14:00,119.726507823
2020-02-28 14:15:00,119.7279798099
2020-02-28 14:16:00,119.67253497
2020-02-28 14:17:00,119.77066743
2020-02-28 14:18:00,119.731414446
2020-02-28 14:19:00,119.883519759
2020-02-28 14:20:00,120.069971433
2020-02-28 14:21:00,119.805013791
2020-02-28 14:22:00,120.143570778
2020-02-28 14:23:00,120.31039596
2020-02-28 14:24:00,120.222076746
2020-02-28 14:25:00,120.11422917246
2020-02-28 14:26:00,120.16319727
2020-02-28 14:27:00,120.13061729328
2020-02-28 14:28:00,120.006185334
2020-02-28 14:29:00,119.99274118698
2020-02-28 14:30:00,120.133757532
2020-02-28 14:31:00,121.262280822
2020-02-28 14:32:00,120.909003966
2020-02-28 14:33:00,121.1935881
2020-02-28 14:34:00,120.913910589
2020-02-28 14:35:00,121.115082132
2020-02-28 14:36:00,120.918817212
2020-02-28 14:37:00,120.869750982
2020-02-28 14:38:00,121.031669541
2020-02-28 14:39:00,121.178868231
2020-02-28 14:40:00,120.972790065
2020-02-28 14:41:00,120.99732318
2020-02-28 14:42:00,121.468358988
2020-02-28 14:43:00,121.73331663
2020-02-28 14:44:00,121.83007523556
2020-02-28 14:45:00,122.282858406
2020-02-28 14:46:00,122.209259061
2020-02-28 14:47:00,122.233792176
2020-02-28 14:48:00,121.792196106
2020-02-28 14:49:00,121.59701064306
2020-02-28 14:50:00,121.566491448
2020-02-28 14:51:00,121.625370924
2020-02-28 14:52:00,121.497798726
2020-02-28 14:53:00,121.380039774
2020-02-28 14:54:00,121.468358988
2020-02-28 14:55:00,121.281907314
2020-02-28 14:56:00,121.223027838
2020-02-28 14:57:00,121.34078679
2020-02-28 14:58:00,121.34078679
2020-02-28 14:59:00,121.360413282
2020-02-28 15:00:00,121.48798548
2020-02-28 15:01:00,121.272094068
2020-02-28 15:02:00,121.154335116
2020-02-28 15:03:00,120.958070196
2020-02-28 15:04:00,120.918817212
2020-02-28 15:05:00,120.791245014
2020-02-28 15:06:00,120.428154912
2020-02-28 15:07:00,120.840311244
2020-02-28 15:08:00,120.663672816
2020-02-28 15:09:00,120.859937736
2020-02-28 15:10:00,120.75199203
2020-02-28 15:11:00,120.536100618
2020-02-28 15:12:00,120.663672816
2020-02-28 15:13:00,120.92411636484
2020-02-28 15:14:00,120.928630458
2020-02-28 15:15:00,120.859937736
2020-02-28 15:16:00,121.321160298
2020-02-28 15:17:00,121.900141812
2020-02-28 15:18:00,121.821635844
2020-02-28 15:19:00,121.851075582
2020-02-28 15:20:00,121.841262336
2020-02-28 15:21:00,121.527238464
2020-02-28 15:22:00,121.27336978998
2020-02-28 15:23:00,121.124895378
2020-02-28 15:24:00,121.07327770404
2020-02-28 15:25:00,121.105268886
2020-02-28 15:26:00,121.026762918
2020-02-28 15:27:00,120.928630458
2020-02-28 15:28:00,120.781431768
2020-02-28 15:29:00,120.761805276
2020-02-28 15:30:00,120.388901928
2020-02-28 15:31:00,120.585166848
2020-02-28 15:32:00,121.026762918
2020-02-28 15:33:00,120.958070196
2020-02-28 15:34:00,120.712739046
2020-02-28 15:35:00,120.634233078
2020-02-28 15:36:00,120.644046324
2020-02-28 15:37:00,120.673486062
2020-02-28 15:38:00,120.74208065154
2020-02-28 15:39:00,120.398715174
2020-02-28 15:40:00,120.560633733
2020-02-28 15:41:00,120.35946219
2020-02-28 15:42:00,120.339835698
2020-02-28 15:43:00,120.06506481
2020-02-28 15:44:00,120.045438318
2020-02-28 15:45:00,119.947305858
2020-02-28 15:46:00,120.526287372
2020-02-28 15:47:00,121.085642394
2020-02-28 15:48:00,120.904097343
2020-02-28 15:49:00,120.85012449
2020-02-28 15:50:00,121.085642394
2020-02-28 15:51:00,121.016949672
2020-02-28 15:52:00,121.272094068
2020-02-28 15:53:00,121.257374199
2020-02-28 15:54:00,121.419292758
2020-02-28 15:55:00,121.556678202
2020-02-28 15:56:00,122.233792176
2020-02-28 15:57:00,122.351551128
2020-02-28 15:58:00,122.704827984
2020-02-28 15:59:00,123.067918086
2020-02-28 16:00:00,123.774471798
2020-03-02 09:31:00,125.050193778
2020-03-02 09:32:00,125.845066704
2020-03-02 09:33:00,127.003029732
2020-03-02 09:34:00,126.404421726
2020-03-02 09:35:00,125.737120998
2020-03-02 09:36:00,125.207205714
2020-03-02 09:37:00,125.231738829
2020-03-02 09:38:00,125.305338174
2020-03-02 09:39:00,125.21701896
2020-03-02 09:40:00,125.0850308013
2020-03-02 09:41:00,124.932434826
2020-03-02 09:42:00,125.26608519
2020-03-02 09:43:00,125.1188865
2020-03-02 09:44:00,125.354404404
2020-03-02 09:45:00,125.295524928
2020-03-02 09:46:00,125.80581372
2020-03-02 09:47:00,125.501603094
2020-03-02 09:48:00,125.697868014
2020-03-02 09:49:00,125.619362046
2020-03-02 09:50:00,125.648801784
2020-03-02 09:51:00,125.442723618
2020-03-02 09:52:00,124.755796398
2020-03-02 09:53:00,124.549718232
2020-03-02 09:54:00,125.2881649935
2020-03-02 09:55:00,125.172859353
2020-03-02 09:56:00,125.295524928
2020-03-02 09:57:00,125.128699746
2020-03-02 09:58:00,125.614455423
2020-03-02 09:59:00,125.207205714
2020-03-02 10:00:00,124.853928858
2020-03-02 10:01:00,124.750889775
2020-03-02 10:02:00,124.559531478
2020-03-02 10:03:00,124.520278494
2020-03-02 10:04:00,124.319106951
2020-03-02 10:05:00,124.48102551
2020-03-02 10:06:00,123.852977766
2020-03-02 10:07:00,124.049242686
2020-03-02 10:08:00,123.921670488
2020-03-02 10:09:00,124.324013574
2020-03-02 10:10:00,124.1375619
2020-03-02 10:11:00,124.574251347
2020-03-02 10:12:00,124.696916922
2020-03-02 10:13:00,124.834302366
2020-03-02 10:14:00,124.834302366
2020-03-02 10:15:00,124.932434826
2020-03-02 10:16:00,124.92271971246
2020-03-02 10:17:00,124.86295704432
2020-03-02 10:18:00,124.858835481
2020-03-02 10:19:00,124.67719229754
2020-03-02 10:20:00,124.878461973
2020-03-02 10:21:00,124.755796398
2020-03-02 10:22:00,124.588971216
2020-03-02 10:23:00,124.490838756
2020-03-02 10:24:00,124.314200328
2020-03-02 10:25:00,124.304387082
2020-03-02 10:26:00,124.451585772
2020-03-02 10:27:00,124.559531478
2020-03-02 10:28:00,124.92262158
2020-03-02 10:29:00,124.829395743
2020-03-02 10:30:00,124.87355535
2020-03-02 10:31:00,124.755796398
2020-03-02 10:32:00,124.5722886978
2020-03-02 10:33:00,124.559531478
2020-03-02 10:34:00,124.765609644
2020-03-02 10:35:00,124.736169906
2020-03-02 10:36:00,124.863742104
2020-03-02 10:37:00,125.393657388
2020-03-02 10:38:00,125.408377257
2020-03-02 10:39:00,125.6723535744
2020-03-02 10:40:00,125.70768126
2020-03-02 10:41:00,125.781280605
2020-03-02 10:42:00,125.634081915
2020-03-02 10:43:00,125.737120998
2020-03-02 10:44:00,125.638988538
2020-03-02 10:45:00,125.899039557
2020-03-02 10:46:00,126.129650838
2020-03-02 10:47:00,126.188530314
2020-03-02 10:48:00,126.208156806
2020-03-02 10:49:00,126.531993924
2020-03-02 10:50:00,126.620313138
2020-03-02 10:51:00,126.733165467
2020-03-02 10:52:00,126.83620455
2020-03-02 10:53:00,126.846017796
2020-03-02 10:54:00,126.659566122
2020-03-02 10:55:00,126.531993924
2020-03-02 10:56:00,126.581060154
2020-03-02 10:57:00,126.571246908
2020-03-02 10:58:00,126.29647602
2020-03-02 10:59:00,126.316102512
2020-03-02 11:00:00,126.060958116
2020-03-02 11:01:00,126.325915758
2020-03-02 11:02:00,126.24740979
2020-03-02 11:03:00,125.972638902
2020-03-02 11:04:00,126.110024346
2020-03-02 11:05:00,126.1002111
2020-03-02 11:06:00,126.1002111
2020-03-02 11:07:00,126.090397854
2020-03-02 11:08:00,126.119837592
2020-03-02 11:09:00,125.85487995
2020-03-02 11:10:00,126.021705132
2020-03-02 11:11:00,126.154183953
2020-03-02 11:12:00,126.404421726
2020-03-02 11:13:00,126.630126384
2020-03-02 11:14:00,126.63787884834
2020-03-02 11:15:00,126.895084026
2020-03-02 11:16:00,126.83620455
2020-03-02 11:17:00,127.086442323
2020-03-02 11:18:00,126.792044943
2020-03-02 11:19:00,127.150228422
2020-03-02 11:20:00,127.17966816
2020-03-02 11:21:00,127.37593308
2020-03-02 11:22:00,127.317053604
2020-03-02 11:23:00,127.346493342
2020-03-02 11:24:00,127.37593308
2020-03-02 11:25:00,127.155135045
2020-03-02 11:26:00,127.282707243
2020-03-02 11:27:00,127.253267505
2020-03-02 11:28:00,127.336680096
2020-03-02 11:29:00,127.562384754
2020-03-02 11:30:00,127.562384754
2020-03-02 11:31:00,127.62126423
2020-03-02 11:32:00,127.572198
2020-03-02 11:33:00,127.542758262
2020-03-02 11:34:00,127.572198
2020-03-02 11:35:00,127.42499931
2020-03-02 11:36:00,127.586917869
2020-03-02 11:37:00,127.699770198
2020-03-02 11:38:00,127.81752915
2020-03-02 11:39:00,127.886221872
2020-03-02 11:40:00,127.827342396
2020-03-02 11:41:00,127.591824492
2020-03-02 11:42:00,127.385746326
2020-03-02 11:43:00,127.22873439
2020-03-02 11:44:00,127.307240358
2020-03-02 11:45:00,127.660517214
2020-03-02 11:46:00,127.52313177
2020-03-02 11:47:00,127.743929805
2020-03-02 11:48:00,127.778276166
2020-03-02 11:49:00,127.886221872
2020-03-02 11:50:00,127.86659538
2020-03-02 11:51:00,127.945101348
2020-03-02 11:52:00,128.053047054
2020-03-02 11:53:00,128.268938466
2020-03-02 11:54:00,128.3940573525
2020-03-02 11:55:00,128.4180998052
2020-03-02 11:56:00,128.543709354
2020-03-02 11:57:00,128.465203386
2020-03-02 11:58:00,128.396510664
2020-03-02 11:59:00,128.219872236
2020-03-02 12:00:00,128.1433289172
2020-03-02 12:01:00,128.396510664
2020-03-02 12:02:00,128.376884172
2020-03-02 12:03:00,128.42958130302
2020-03-02 12:04:00,128.494643124
2020-03-02 12:05:00,128.376884172
2020-03-02 12:06:00,128.465203386
2020-03-02 12:07:00,128.592775584
2020-03-02 12:08:00,128.425950402
2020-03-02 12:09:00,128.367070926
2020-03-02 12:10:00,128.318004696
2020-03-02 12:11:00,128.200245744
2020-03-02 12:12:00,128.180619252
2020-03-02 12:13:00,128.249311974
2020-03-02 12:14:00,128.249311974
2020-03-02 12:15:00,128.318004696
2020-03-02 12:16:00,128.11192653
2020-03-02 12:17:00,127.974541086
2020-03-02 12:18:00,127.96472784
2020-03-02 12:19:00,128.0628603
2020-03-02 12:20:00,128.03430375414
2020-03-02 12:21:00,127.945101348
2020-03-02 12:22:00,127.81752915
2020-03-02 12:23:00,127.8636514062
2020-03-02 12:24:00,127.562384754
2020-03-02 12:25:00,127.709583444
2020-03-02 12:26:00,127.86659538
2020-03-02 12:27:00,127.905848364
2020-03-02 12:28:00,128.033420562
2020-03-02 12:29:00,127.974541086
2020-03-02 12:30:00,128.0628603
2020-03-02 12:31:00,128.185525875
2020-03-02 12:32:00,128.219872236
2020-03-02 12:33:00,128.298378204
2020-03-02 12:34:00,128.268938466
2020-03-02 12:35:00,128.239498728
2020-03-02 12:36:00,128.16099276
2020-03-02 12:37:00,128.033420562
2020-03-02 12:38:00,128.273845089
2020-03-02 12:39:00,128.303284827
2020-03-02 12:40:00,128.25912522
2020-03-02 12:41:00,128.440670271
2020-03-02 12:42:00,128.278751712
2020-03-02 12:43:00,128.156086137
2020-03-02 12:44:00,127.96472784
2020-03-02 12:45:00,128.146272891
2020-03-02 12:46:00,128.416137156
2020-03-02 12:47:00,128.35725768
2020-03-02 12:48:00,128.396510664
2020-03-02 12:49:00,128.386697418
2020-03-02 12:50:00,128.386697418
2020-03-02 12:51:00,128.318004696
2020-03-02 12:52:00,128.268938466
2020-03-02 12:53:00,128.288564958
2020-03-02 12:54:00,128.3253646305
2020-03-02 12:55:00,128.28748550094
2020-03-02 12:56:00,128.170806006
2020-03-02 12:57:00,128.229685482
2020-03-02 12:58:00,128.13665590992
2020-03-02 12:59:00,128.165899383
2020-03-02 13:00:00,128.26540569744
2020-03-02 13:01:00,128.45539014
2020-03-02 13:02:00,128.268938466
2020-03-02 13:03:00,128.156086137
2020-03-02 13:04:00,128.21005899
2020-03-02 13:05:00,128.396510664
2020-03-02 13:06:00,128.043233808
2020-03-02 13:07:00,128.131553022
2020-03-02 13:08:00,128.033420562
2020-03-02 13:09:00,127.994167578
2020-03-02 13:10:00,127.96472784
2020-03-02 13:11:00,128.141366268
2020-03-02 13:12:00,128.053047054
2020-03-02 13:13:00,128.033420562
2020-03-02 13:14:00,128.023607316
2020-03-02 13:15:00,127.954914594
2020-03-02 13:16:00,127.86659538
2020-03-02 13:17:00,127.81752915
2020-03-02 13:18:00,127.680143706
2020-03-02 13:19:00,127.689956952
2020-03-02 13:20:00,127.591824492
2020-03-02 13:21:00,127.689956952
2020-03-02 13:22:00,127.59957695634
2020-03-02 13:23:00,127.67033046
2020-03-02 13:24:00,127.5358889898
2020-03-02 13:25:00,127.591824492
2020-03-02 13:26:00,127.67033046
2020-03-02 13:27:00,127.582011246
2020-03-02 13:28:00,127.238547636
2020-03-02 13:29:00,127.415186064
2020-03-02 13:30:00,127.444625802
2020-03-02 13:31:00,127.42499931
2020-03-02 13:32:00,127.415186064
2020-03-02 13:33:00,127.562384754
2020-03-02 13:34:00,127.562384754
2020-03-02 13:35:00,127.616357607
2020-03-02 13:36:00,127.945101348
2020-03-02 13:37:00,127.8445155765
2020-03-02 13:38:00,127.925474856
2020-03-02 13:39:00,127.802809281
2020-03-02 13:40:00,127.886221872
2020-03-02 13:41:00,127.910754987
2020-03-02 13:42:00,128.0628603
2020-03-02 13:43:00,127.940194725
2020-03-02 13:44:00,128.033420562
2020-03-02 13:45:00,128.033420562
2020-03-02 13:46:00,127.925474856
2020-03-02 13:47:00,128.072673546
2020-03-02 13:48:00,127.729209936
2020-03-02 13:49:00,127.709583444
2020-03-02 13:50:00,127.71939669
2020-03-02 13:51:00,127.86659538
2020-03-02 13:52:00,127.788089412
2020-03-02 13:53:00,127.513318524
2020-03-02 13:54:00,127.366119834
2020-03-02 13:55:00,127.405372818
2020-03-02 13:56:00,127.366119834
2020-03-02 13:57:00,127.591824492
2020-03-02 13:58:00,127.709583444
2020-03-02 13:59:00,127.778276166
2020-03-02 14:00:00,127.856782134
2020-03-02 14:01:00,127.827342396
2020-03-02 14:02:00,127.90643715876
2020-03-02 14:03:00,127.640890722
2020-03-02 14:04:00,127.680143706
2020-03-02 14:05:00,127.694863575
2020-03-02 14:06:00,127.660517214
2020-03-02 14:07:00,127.76846292
2020-03-02 14:08:00,127.758649674
2020-03-02 14:09:00,127.846968888
2020-03-02 14:10:00,127.85737092876
2020-03-02 14:11:00,127.76846292
2020-03-02 14:12:00,127.86659538
2020-03-02 14:13:00,127.846968888
2020-03-02 14:14:00,127.797902658
2020-03-02 14:15:00,127.81752915
2020-03-02 14:16:00,127.827342396
2020-03-02 14:17:00,127.91566161
2020-03-02 14:18:00,127.994167578
2020-03-02 14:19:00,128.102113284
2020-03-02 14:20:00,128.033420562
2020-03-02 14:21:00,128.229685482
2020-03-02 14:22:00,128.141366268
2020-03-02 14:23:00,128.082486792
2020-03-02 14:24:00,128.008887447
2020-03-02 14:25:00,127.778276166
2020-03-02 14:26:00,127.837155642
2020-03-02 14:27:00,127.739023182
2020-03-02 14:28:00,127.856782134
2020-03-02 14:29:00,127.709583444
2020-03-02 14:30:00,127.532945016
2020-03-02 14:31:00,127.67033046
2020-03-02 14:32:00,127.552571508
2020-03-02 14:33:00,127.626170853
2020-03-02 14:34:00,127.807715904
2020-03-02 14:35:00,127.680143706
2020-03-02 14:36:00,127.562384754
2020-03-02 14:37:00,127.591824492
2020-03-02 14:38:00,127.52313177
2020-03-02 14:39:00,127.336680096
2020-03-02 14:40:00,127.307240358
2020-03-02 14:41:00,126.929430387
2020-03-02 14:42:00,126.973589994
2020-03-02 14:43:00,126.796951566
2020-03-02 14:44:00,126.796951566
2020-03-02 14:45:00,126.93433701
2020-03-02 14:46:00,126.875457534
2020-03-02 14:47:00,126.88527078
2020-03-02 14:48:00,127.13060193
2020-03-02 14:49:00,127.356306588
2020-03-02 14:50:00,127.380839703
2020-03-02 14:51:00,127.199294652
2020-03-02 14:52:00,127.150228422
2020-03-02 14:53:00,127.366119834
2020-03-02 14:54:00,127.464252294
2020-03-02 14:55:00,127.52313177
2020-03-02 14:56:00,127.567291377
2020-03-02 14:57:00,127.395559572
2020-03-02 14:58:00,127.356306588
2020-03-02 14:59:00,127.282707243
2020-03-02 15:00:00,127.223827767
2020-03-02 15:01:00,127.454439048
2020-03-02 15:02:00,127.493692032
2020-03-02 15:03:00,127.62126423
2020-03-02 15:04:00,127.395559572
2020-03-02 15:05:00,127.50115009896
2020-03-02 15:06:00,127.71939669
2020-03-02 15:07:00,127.729209936
2020-03-02 15:08:00,127.758649674
2020-03-02 15:09:00,127.88494615002
2020-03-02 15:10:00,127.994167578
2020-03-02 15:11:00,128.00849491716
2020-03-02 15:12:00,127.876408626
2020-03-02 15:13:00,127.91566161
2020-03-02 15:14:00,127.91566161
2020-03-02 15:15:00,127.886221872
2020-03-02 15:16:00,127.71939669
2020-03-02 15:17:00,127.797902658
2020-03-02 15:18:00,127.86659538
2020-03-02 15:19:00,127.846968888
2020-03-02 15:20:00,127.758649674
2020-03-02 15:21:00,127.724303313
2020-03-02 15:22:00,127.797902658
2020-03-02 15:23:00,127.86659538
2020-03-02 15:24:00,127.871502003
2020-03-02 15:25:00,128.362164303
2020-03-02 15:26:00,128.386697418
2020-03-02 15:27:00,128.533896108
2020-03-02 15:28:00,128.475016632
2020-03-02 15:29:00,128.543709354
2020-03-02 15:30:00,128.445576894
2020-03-02 15:31:00,128.475016632
2020-03-02 15:32:00,128.573149092
2020-03-02 15:33:00,128.524082862
2020-03-02 15:34:00,128.465203386
2020-03-02 15:35:00,128.475016632
2020-03-02 15:36:00,128.632028568
2020-03-02 15:37:00,128.671281552
2020-03-02 15:38:00,128.632028568
2020-03-02 15:39:00,128.632028568
2020-03-02 15:40:00,128.74164252582
2020-03-02 15:41:00,128.6339912172
2020-03-02 15:42:00,128.936239194
2020-03-02 15:43:00,129.166850475
2020-03-02 15:44:00,128.8704904458
2020-03-02 15:45:00,129.09325113
2020-03-02 15:46:00,129.034371654
2020-03-02 15:47:00,129.711485628
2020-03-02 15:48:00,129.407275002
2020-03-02 15:49:00,129.544660446
2020-03-02 15:50:00,129.691859136
2020-03-02 15:51:00,129.642792906
2020-03-02 15:52:00,129.73111212
2020-03-02 15:53:00,129.642792906
2020-03-02 15:54:00,130.064762484
2020-03-02 15:55:00,130.41803934
2020-03-02 15:56:00,130.064762484
2020-03-02 15:57:00,129.760551858
2020-03-02 15:58:00,129.87831081
2020-03-02 15:59:00,129.888124056
2020-03-02 16:00:00,130.457292324
2020-03-03 09:31:00,130.310093634
2020-03-03 09:32:00,130.310093634
2020-03-03 09:33:00,128.965678932
2020-03-03 09:34:00,129.691859136
2020-03-03 09:35:00,130.000976385
2020-03-03 09:36:00,130.133455206
2020-03-03 09:37:00,129.770365104
2020-03-03 09:38:00,129.839057826
2020-03-03 09:39:00,130.118735337
2020-03-03 09:40:00,129.760551858
2020-03-03 09:41:00,129.873404187
2020-03-03 09:42:00,130.084388976
2020-03-03 09:43:00,130.143268452
2020-03-03 09:44:00,129.996069762
2020-03-03 09:45:00,129.603539922
2020-03-03 09:46:00,129.269889558
2020-03-03 09:47:00,129.691859136
2020-03-03 09:48:00,129.564286938
2020-03-03 09:49:00,129.789991596
2020-03-03 09:50:00,129.574100184
2020-03-03 09:51:00,129.544660446
2020-03-03 09:52:00,129.623166414
2020-03-03 09:53:00,129.417088248
2020-03-03 09:54:00,129.181570344
2020-03-03 09:55:00,129.024558408
2020-03-03 09:56:00,129.230636574
2020-03-03 09:57:00,129.068718015
2020-03-03 09:58:00,129.157037229
2020-03-03 09:59:00,129.318955788
2020-03-03 10:00:00,129.368022018
2020-03-03 10:01:00,131.929279224
2020-03-03 10:02:00,131.909652732
2020-03-03 10:03:00,131.752640796
2020-03-03 10:04:00,132.13535739
2020-03-03 10:05:00,131.98187822256
2020-03-03 10:06:00,132.341435556
2020-03-03 10:07:00,132.28255608
2020-03-03 10:08:00,132.08413224588
2020-03-03 10:09:00,132.23348985
2020-03-03 10:10:00,132.3787258908
2020-03-03 10:11:00,132.469007754
2020-03-03 10:12:00,132.557326968
2020-03-03 10:13:00,132.125544144
2020-03-03 10:14:00,131.752640796
2020-03-03 10:15:00,131.70985504344
2020-03-03 10:16:00,130.840008918
2020-03-03 10:17:00,131.271791742
2020-03-03 10:18:00,130.830195672
2020-03-03 10:19:00,130.840008918
2020-03-03 10:20:00,130.722249966
2020-03-03 10:21:00,131.281604988
2020-03-03 10:22:00,131.237445381
2020-03-03 10:23:00,131.517122892
2020-03-03 10:24:00,131.919465978
2020-03-03 10:25:00,131.93909247
2020-03-03 10:26:00,131.79189378
2020-03-03 10:27:00,131.919465978
2020-03-03 10:28:00,131.74282755
2020-03-03 10:29:00,131.61250764312
2020-03-03 10:30:00,131.10496656
2020-03-03 10:31:00,131.428803678
2020-03-03 10:32:00,131.296324857
2020-03-03 10:33:00,131.075526822
2020-03-03 10:34:00,131.384644071
2020-03-03 10:35:00,131.20309902
2020-03-03 10:36:00,131.276698365
2020-03-03 10:37:00,131.409177186
2020-03-03 10:38:00,131.625068598
2020-03-03 10:39:00,131.566189122
2020-03-03 10:40:00,131.423897055
2020-03-03 10:41:00,131.477869908
2020-03-03 10:42:00,131.89002624
2020-03-03 10:43:00,131.69376132
2020-03-03 10:44:00,131.625068598
2020-03-03 10:45:00,131.713387812
2020-03-03 10:46:00,131.713387812
2020-03-03 10:47:00,131.772267288
2020-03-03 10:48:00,131.25216525
2020-03-03 10:49:00,131.25216525
2020-03-03 10:50:00,131.05590033
2020-03-03 10:51:00,131.20309902
2020-03-03 10:52:00,130.889075148
2020-03-03 10:53:00,131.080433445
2020-03-03 10:54:00,131.15403279
2020-03-03 10:55:00,131.1432382194
2020-03-03 10:56:00,131.281604988
2020-03-03 10:57:00,131.477869908
2020-03-03 10:58:00,131.193285774
2020-03-03 10:59:00,131.163846036
2020-03-03 11:00:00,131.183472528
2020-03-03 11:01:00,131.075526822
2020-03-03 11:02:00,131.222725512
2020-03-03 11:03:00,131.036273838
2020-03-03 11:04:00,130.967581116
2020-03-03 11:05:00,131.114779806
2020-03-03 11:06:00,130.830195672
2020-03-03 11:07:00,130.903795017
2020-03-03 11:08:00,130.830195672
2020-03-03 11:09:00,131.026460592
2020-03-03 11:10:00,130.874355279
2020-03-03 11:11:00,130.800755934
2020-03-03 11:12:00,130.70645063994
2020-03-03 11:13:00,130.339533372
2020-03-03 11:14:00,130.295373765
2020-03-03 11:15:00,130.211961174
2020-03-03 11:16:00,130.6810343328
2020-03-03 11:17:00,130.741876458
2020-03-03 11:18:00,130.771316196
2020-03-03 11:19:00,130.653557244
2020-03-03 11:20:00,130.457292324
2020-03-03 11:21:00,130.148175075
2020-03-03 11:22:00,130.064762484
2020-03-03 11:23:00,130.3768237068
2020-03-03 11:24:00,129.726205497
2020-03-03 11:25:00,129.28951605
2020-03-03 11:26:00,129.083437884
2020-03-03 11:27:00,129.363115395
2020-03-03 11:28:00,129.201196836
2020-03-03 11:29:00,129.269889558
2020-03-03 11:30:00,128.710534536
2020-03-03 11:31:00,128.661468306
2020-03-03 11:32:00,129.034371654
2020-03-03 11:33:00,129.260076312
2020-03-03 11:34:00,129.230636574
2020-03-03 11:35:00,129.171757098
2020-03-03 11:36:00,129.152130606
2020-03-03 11:37:00,129.24044982
2020-03-03 11:38:00,129.103064376
2020-03-03 11:39:00,129.201196836
2020-03-03 11:40:00,129.3685126803
2020-03-03 11:41:00,129.33858228
2020-03-03 11:42:00,129.152130606
2020-03-03 11:43:00,129.08284908924
2020-03-03 11:44:00,129.04742327118
2020-03-03 11:45:00,129.225729951
2020-03-03 11:46:00,129.078531261
2020-03-03 11:47:00,129.112877622
2020-03-03 11:48:00,128.950959063
2020-03-03 11:49:00,129.009838539
2020-03-03 11:50:00,128.955865686
2020-03-03 11:51:00,128.990212047
2020-03-03 11:52:00,129.17195336292
2020-03-03 11:53:00,129.152130606
2020-03-03 11:54:00,129.3586994343
2020-03-03 11:55:00,129.740925366
2020-03-03 11:56:00,129.91913391336
2020-03-03 11:57:00,130.182521436
2020-03-03 11:58:00,130.211961174
2020-03-03 11:59:00,130.310093634
2020-03-03 12:00:00,130.211961174
2020-03-03 12:01:00,130.113828714
2020-03-03 12:02:00,130.045135992
2020-03-03 12:03:00,130.064762484
2020-03-03 12:04:00,129.78017835
2020-03-03 12:05:00,129.937190286
2020-03-03 12:06:00,129.883217433
2020-03-03 12:07:00,129.848871072
2020-03-03 12:08:00,129.961723401
2020-03-03 12:09:00,130.005883008
2020-03-03 12:10:00,130.133455206
2020-03-03 12:11:00,130.0255095
2020-03-03 12:12:00,129.996069762
2020-03-03 12:13:00,129.937190286
2020-03-03 12:14:00,129.991163139
2020-03-03 12:15:00,129.65005470804
2020-03-03 12:16:00,129.652606152
2020-03-03 12:17:00,129.466154478
2020-03-03 12:18:00,129.446527986
2020-03-03 12:19:00,129.466154478
2020-03-03 12:20:00,129.446527986
2020-03-03 12:21:00,129.33858228
2020-03-03 12:22:00,129.475967724
2020-03-03 12:23:00,129.593726676
2020-03-03 12:24:00,129.515220708
2020-03-03 12:25:00,129.642792906
2020-03-03 12:26:00,129.495594216
2020-03-03 12:27:00,129.417088248
2020-03-03 12:28:00,129.19138359
2020-03-03 12:29:00,129.112877622
2020-03-03 12:30:00,129.309142542
2020-03-03 12:31:00,129.43671474
2020-03-03 12:32:00,129.446527986
2020-03-03 12:33:00,129.230636574
2020-03-03 12:34:00,129.456341232
2020-03-03 12:35:00,129.525033954
2020-03-03 12:36:00,129.368022018
2020-03-03 12:37:00,129.260076312
2020-03-03 12:38:00,129.426901494
2020-03-03 12:39:00,129.446527986
2020-03-03 12:40:00,129.574100184
2020-03-03 12:41:00,129.672232644
2020-03-03 12:42:00,129.63297966
2020-03-03 12:43:00,129.47341628004
2020-03-03 12:44:00,129.672232644
2020-03-03 12:45:00,129.642792906
2020-03-03 12:46:00,129.82914644754
2020-03-03 12:47:00,129.73228970952
2020-03-03 12:48:00,129.92737704
2020-03-03 12:49:00,129.961723401
2020-03-03 12:50:00,129.819431334
2020-03-03 12:51:00,129.691859136
2020-03-03 12:52:00,129.672232644
2020-03-03 12:53:00,129.652606152
2020-03-03 12:54:00,129.623166414
2020-03-03 12:55:00,129.544660446
2020-03-03 12:56:00,129.43671474
2020-03-03 12:57:00,129.132504114
2020-03-03 12:58:00,129.034371654
2020-03-03 12:59:00,129.132504114
2020-03-03 13:00:00,129.152130606
2020-03-03 13:01:00,128.690908044
2020-03-03 13:02:00,128.661468306
2020-03-03 13:03:00,128.641841814
2020-03-03 13:04:00,128.65165506
2020-03-03 13:05:00,128.79698923326
2020-03-03 13:06:00,128.5535226
2020-03-03 13:07:00,128.543709354
2020-03-03 13:08:00,128.475016632
2020-03-03 13:09:00,128.347444434
2020-03-03 13:10:00,128.450483517
2020-03-03 13:11:00,128.676188175
2020-03-03 13:12:00,128.72093657676
2020-03-03 13:13:00,128.730161028
2020-03-03 13:14:00,128.612402076
2020-03-03 13:15:00,128.5623545214
2020-03-03 13:16:00,128.681094798
2020-03-03 13:17:00,128.592775584
2020-03-03 13:18:00,128.65126253016
2020-03-03 13:19:00,128.435763648
2020-03-03 13:20:00,128.151179514
2020-03-03 13:21:00,128.494643124
2020-03-03 13:22:00,128.028513939
2020-03-03 13:23:00,128.102113284
2020-03-03 13:24:00,127.974541086
2020-03-03 13:25:00,127.748836428
2020-03-03 13:26:00,127.704676821
2020-03-03 13:27:00,127.47406554
2020-03-03 13:28:00,127.582011246
2020-03-03 13:29:00,127.724303313
2020-03-03 13:30:00,127.714490067
2020-03-03 13:31:00,127.680143706
2020-03-03 13:32:00,127.699770198
2020-03-03 13:33:00,127.71939669
2020-03-03 13:34:00,127.959821217
2020-03-03 13:35:00,128.082486792
2020-03-03 13:36:00,128.769414012
2020-03-03 13:37:00,128.739974274
2020-03-03 13:38:00,128.641841814
2020-03-03 13:39:00,128.94605244
2020-03-03 13:40:00,128.985305424
2020-03-03 13:41:00,128.960772309
2020-03-03 13:42:00,128.739974274
2020-03-03 13:43:00,128.543709354
2020-03-03 13:44:00,128.367070926
2020-03-03 13:45:00,128.023607316
2020-03-03 13:46:00,127.935288102
2020-03-03 13:47:00,128.02625689242
2020-03-03 13:48:00,128.072673546
2020-03-03 13:49:00,128.141366268
2020-03-03 13:50:00,128.008887447
2020-03-03 13:51:00,128.082486792
2020-03-03 13:52:00,128.023607316
2020-03-03 13:53:00,127.758649674
2020-03-03 13:54:00,127.748836428
2020-03-03 13:55:00,127.910754987
2020-03-03 13:56:00,127.758649674
2020-03-03 13:57:00,127.650703968
2020-03-03 13:58:00,127.837155642
2020-03-03 13:59:00,127.82596854156
2020-03-03 14:00:00,127.552571508
2020-03-03 14:01:00,127.685050329
2020-03-03 14:02:00,127.660517214
2020-03-03 14:03:00,127.56748764192
2020-03-03 14:04:00,127.478972163
2020-03-03 14:05:00,127.22843999262
2020-03-03 14:06:00,127.209107898
2020-03-03 14:07:00,126.98340324
2020-03-03 14:08:00,126.865644288
2020-03-03 14:09:00,127.150228422
2020-03-03 14:10:00,126.571246908
2020-03-03 14:11:00,126.806764812
2020-03-03 14:12:00,127.385746326
2020-03-03 14:13:00,127.091348946
2020-03-03 14:14:00,127.356306588
2020-03-03 14:15:00,127.459345671
2020-03-03 14:16:00,127.405372818
2020-03-03 14:17:00,127.096255569
2020-03-03 14:18:00,126.875457534
2020-03-03 14:19:00,126.61678036944
2020-03-03 14:20:00,126.63993963
2020-03-03 14:21:00,126.374981988
2020-03-03 14:22:00,126.772418451
2020-03-03 14:23:00,126.993216486
2020-03-03 14:24:00,126.708632352
2020-03-03 14:25:00,126.531993924
2020-03-03 14:26:00,126.747885336
2020-03-03 14:27:00,126.904897272
2020-03-03 14:28:00,127.258174128
2020-03-03 14:29:00,127.150228422
2020-03-03 14:30:00,127.22873439
2020-03-03 14:31:00,127.110975438
2020-03-03 14:32:00,127.591824492
2020-03-03 14:33:00,127.896035118
2020-03-03 14:34:00,127.8950537934
2020-03-03 14:35:00,127.87670302338
2020-03-03 14:36:00,127.63706355606
2020-03-03 14:37:00,127.748836428
2020-03-03 14:38:00,127.86659538
2020-03-03 14:39:00,127.67033046
2020-03-03 14:40:00,127.27780062
2020-03-03 14:41:00,127.076629077
2020-03-03 14:42:00,127.106068815
2020-03-03 14:43:00,127.061909208
2020-03-03 14:44:00,127.341586719
2020-03-03 14:45:00,127.366119834
2020-03-03 14:46:00,127.454439048
2020-03-03 14:47:00,128.121739776
2020-03-03 14:48:00,128.023607316
2020-03-03 14:49:00,127.71939669
2020-03-03 14:50:00,128.0628603
2020-03-03 14:51:00,127.856782134
2020-03-03 14:52:00,127.405372818
2020-03-03 14:53:00,127.81752915
2020-03-03 14:54:00,127.984354332
2020-03-03 14:55:00,128.239498728
2020-03-03 14:56:00,128.421043779
2020-03-03 14:57:00,128.278751712
2020-03-03 14:58:00,128.053047054
2020-03-03 14:59:00,127.729209936
2020-03-03 15:00:00,127.91566161
2020-03-03 15:01:00,127.994167578
2020-03-03 15:02:00,128.092300038
2020-03-03 15:03:00,127.974541086
2020-03-03 15:04:00,128.396510664
2020-03-03 15:05:00,128.430857025
2020-03-03 15:06:00,128.121739776
2020-03-03 15:07:00,128.082486792
2020-03-03 15:08:00,128.023607316
2020-03-03 15:09:00,128.023607316
2020-03-03 15:10:00,128.043233808
2020-03-03 15:11:00,128.151179514
2020-03-03 15:12:00,128.774320635
2020-03-03 15:13:00,128.818480242
2020-03-03 15:14:00,128.81926530168
2020-03-03 15:15:00,128.955865686
2020-03-03 15:16:00,128.862639849
2020-03-03 15:17:00,128.70072129
2020-03-03 15:18:00,129.14231736
2020-03-03 15:19:00,129.186476967
2020-03-03 15:20:00,129.27077275014
2020-03-03 15:21:00,128.901892833
2020-03-03 15:22:00,128.828293488
2020-03-03 15:23:00,128.681094798
2020-03-03 15:24:00,128.249311974
2020-03-03 15:25:00,128.288564958
2020-03-03 15:26:00,128.445576894
2020-03-03 15:27:00,128.769414012
2020-03-03 15:28:00,129.024558408
2020-03-03 15:29:00,129.274796181
2020-03-03 15:30:00,128.916612702
2020-03-03 15:31:00,128.79885375
2020-03-03 15:32:00,128.396510664
2020-03-03 15:33:00,127.935288102
2020-03-03 15:34:00,127.71939669
2020-03-03 15:35:00,127.640890722
2020-03-03 15:36:00,127.758649674
2020-03-03 15:37:00,127.76846292
2020-03-03 15:38:00,127.385746326
2020-03-03 15:39:00,127.110975438
2020-03-03 15:40:00,126.993216486
2020-03-03 15:41:00,127.238547636
2020-03-03 15:42:00,127.876408626
2020-03-03 15:43:00,128.053047054
2020-03-03 15:44:00,128.26874220108
2020-03-03 15:45:00,128.396510664
2020-03-03 15:46:00,128.926425948
2020-03-03 15:47:00,128.852826603
2020-03-03 15:48:00,128.582962338
2020-03-03 15:49:00,128.445576894
2020-03-03 15:50:00,128.003980824
2020-03-03 15:51:00,127.508411901
2020-03-03 15:52:00,127.174761537
2020-03-03 15:53:00,127.022656224
2020-03-03 15:54:00,127.071722454
2020-03-03 15:55:00,127.493692032
2020-03-03 15:56:00,127.699770198
2020-03-03 15:57:00,127.189481406
2020-03-03 15:58:00,127.395559572
2020-03-03 15:59:00,127.601637738
2020-03-03 16:00:00,127.86659538
2020-03-04 09:31:00,130.781129442
2020-03-04 09:32:00,130.771316196
2020-03-04 09:33:00,131.19858492684
2020-03-04 09:34:00,132.243303096
2020-03-04 09:35:00,131.54656263
2020-03-04 09:36:00,131.458243416
2020-03-04 09:37:00,131.654508336
2020-03-04 09:38:00,131.958718962
2020-03-04 09:39:00,131.517122892
2020-03-04 09:40:00,132.03722493
2020-03-04 09:41:00,132.096104406
2020-03-04 09:42:00,131.767360665
2020-03-04 09:43:00,131.9881587
2020-03-04 09:44:00,131.909652732
2020-03-04 09:45:00,131.978345454
2020-03-04 09:46:00,131.70435962568
2020-03-04 09:47:00,131.747734173
2020-03-04 09:48:00,132.066664668
2020-03-04 09:49:00,131.870399748
2020-03-04 09:50:00,131.654508336
2020-03-04 09:51:00,131.93830741032
2020-03-04 09:52:00,131.64469509
2020-03-04 09:53:00,131.737920927
2020-03-04 09:54:00,131.74999121958
2020-03-04 09:55:00,131.615255352
2020-03-04 09:56:00,131.723201058
2020-03-04 09:57:00,131.585815614
2020-03-04 09:58:00,131.76029512788
2020-03-04 09:59:00,131.59562886
2020-03-04 10:00:00,131.811520272
2020-03-04 10:01:00,132.056851422
2020-03-04 10:02:00,131.865493125
2020-03-04 10:03:00,131.919465978
2020-03-04 10:04:00,131.654508336
2020-03-04 10:05:00,131.919465978
2020-03-04 10:06:00,131.733014304
2020-03-04 10:07:00,131.860586502
2020-03-04 10:08:00,132.164797128
2020-03-04 10:09:00,132.071571291
2020-03-04 10:10:00,132.316902441
2020-03-04 10:11:00,132.243303096
2020-03-04 10:12:00,132.321809064
2020-03-04 10:13:00,132.424848147
2020-03-04 10:14:00,132.841911102
2020-03-04 10:15:00,132.881164086
2020-03-04 10:16:00,132.998923038
2020-03-04 10:17:00,133.21481445
2020-03-04 10:18:00,133.244254188
2020-03-04 10:19:00,133.420892616
2020-03-04 10:20:00,133.371826386
2020-03-04 10:21:00,133.430705862
2020-03-04 10:22:00,133.332573402
2020-03-04 10:23:00,133.50921183
2020-03-04 10:24:00,133.725103242
2020-03-04 10:25:00,133.636784028
2020-03-04 10:26:00,133.50921183
2020-03-04 10:27:00,133.440519108
2020-03-04 10:28:00,133.582811175
2020-03-04 10:29:00,133.538651568
2020-03-04 10:30:00,133.548464814
2020-03-04 10:31:00,133.455238977
2020-03-04 10:32:00,133.342386648
2020-03-04 10:33:00,133.303133664
2020-03-04 10:34:00,133.155934974
2020-03-04 10:35:00,133.293320418
2020-03-04 10:36:00,133.352199894
2020-03-04 10:37:00,133.50921183
2020-03-04 10:38:00,133.126495236
2020-03-04 10:39:00,132.753591888
2020-03-04 10:40:00,132.82228461
2020-03-04 10:41:00,132.743778642
2020-03-04 10:42:00,132.77321838
2020-03-04 10:43:00,132.557326968
2020-03-04 10:44:00,132.586766706
2020-03-04 10:45:00,132.949856808
2020-03-04 10:46:00,133.254067434
2020-03-04 10:47:00,133.11992036118
2020-03-04 10:48:00,132.989109792
2020-03-04 10:49:00,132.925323693
2020-03-04 10:50:00,133.038176022
2020-03-04 10:51:00,133.293320418
2020-03-04 10:52:00,133.288413795
2020-03-04 10:53:00,133.401266124
2020-03-04 10:54:00,133.209907827
2020-03-04 10:55:00,133.101962121
2020-03-04 10:56:00,133.047989268
2020-03-04 10:57:00,132.989109792
2020-03-04 10:58:00,133.028362776
2020-03-04 10:59:00,133.1289485475
2020-03-04 11:00:00,133.126495236
2020-03-04 11:01:00,133.234440942
2020-03-04 11:02:00,133.332573402
2020-03-04 11:03:00,133.057802514
2020-03-04 11:04:00,132.832097856
2020-03-04 11:05:00,132.82228461
2020-03-04 11:06:00,133.185374712
2020-03-04 11:07:00,133.136308482
2020-03-04 11:08:00,132.87135084
2020-03-04 11:09:00,132.886070709
2020-03-04 11:10:00,133.195187958
2020-03-04 11:11:00,133.420892616
2020-03-04 11:12:00,133.617157536
2020-03-04 11:13:00,133.680943635
2020-03-04 11:14:00,133.931181408
2020-03-04 11:15:00,133.940994654
2020-03-04 11:16:00,133.734916488
2020-03-04 11:17:00,133.710383373
2020-03-04 11:18:00,133.774169472
2020-03-04 11:19:00,133.99987413
2020-03-04 11:20:00,134.068566852
2020-03-04 11:21:00,133.862488686
2020-03-04 11:22:00,133.931181408
2020-03-04 11:23:00,133.906648293
2020-03-04 11:24:00,134.029313868
2020-03-04 11:25:00,134.039127114
2020-03-04 11:26:00,133.9508079
2020-03-04 11:27:00,134.044033737
2020-03-04 11:28:00,134.0675855274
2020-03-04 11:29:00,134.215765542
2020-03-04 11:30:00,134.29427151
2020-03-04 11:31:00,134.186325804
2020-03-04 11:32:00,134.09800659
2020-03-04 11:33:00,133.965527769
2020-03-04 11:34:00,133.833048948
2020-03-04 11:35:00,134.09800659
2020-03-04 11:36:00,134.107819836
2020-03-04 11:37:00,133.842862194
2020-03-04 11:38:00,133.764356226
2020-03-04 11:39:00,133.75454298
2020-03-04 11:40:00,133.813422456
2020-03-04 11:41:00,133.65356467866
2020-03-04 11:42:00,133.65641052
2020-03-04 11:43:00,133.406172747
2020-03-04 11:44:00,133.504305207
2020-03-04 11:45:00,133.587717798
2020-03-04 11:46:00,133.813422456
2020-03-04 11:47:00,133.70547675
2020-03-04 11:48:00,133.65621425508
2020-03-04 11:49:00,133.685850258
2020-03-04 11:50:00,133.577904552
2020-03-04 11:51:00,133.695663504
2020-03-04 11:52:00,133.911554916
2020-03-04 11:53:00,133.764356226
2020-03-04 11:54:00,133.882115178
2020-03-04 11:55:00,133.90174167
2020-03-04 11:56:00,134.009687376
2020-03-04 11:57:00,134.205952296
2020-03-04 11:58:00,134.107819836
2020-03-04 11:59:00,134.078380098
2020-03-04 12:00:00,133.980247638
2020-03-04 12:01:00,134.274645018
2020-03-04 12:02:00,134.191232427
2020-03-04 12:03:00,134.04894036
2020-03-04 12:04:00,134.083286721
2020-03-04 12:05:00,134.156886066
2020-03-04 12:06:00,134.16306841098
2020-03-04 12:07:00,134.24520528
2020-03-04 12:08:00,134.215765542
2020-03-04 12:09:00,134.107819836
2020-03-04 12:10:00,134.215765542
2020-03-04 12:11:00,134.34333774
2020-03-04 12:12:00,134.186325804
2020-03-04 12:13:00,134.09800659
2020-03-04 12:14:00,134.058753606
2020-03-04 12:15:00,134.225578788
2020-03-04 12:16:00,134.362964232
2020-03-04 12:17:00,134.480723184
2020-03-04 12:18:00,134.333524494
2020-03-04 12:19:00,134.402217216
2020-03-04 12:20:00,134.480723184
2020-03-04 12:21:00,134.63773512
2020-03-04 12:22:00,134.510162922
2020-03-04 12:23:00,134.5896502146
2020-03-04 12:24:00,134.676988104
2020-03-04 12:25:00,134.667174858
2020-03-04 12:26:00,134.691707973
2020-03-04 12:27:00,134.716241088
2020-03-04 12:28:00,134.887972893
2020-03-04 12:29:00,134.902692762
2020-03-04 12:30:00,135.07933119
2020-03-04 12:31:00,135.040078206
2020-03-04 12:32:00,135.07933119
2020-03-04 12:33:00,135.167650404
2020-03-04 12:34:00,134.9321325
2020-03-04 12:35:00,134.991011976
2020-03-04 12:36:00,135.010638468
2020-03-04 12:37:00,135.069517944
2020-03-04 12:38:00,134.9321325
2020-03-04 12:39:00,134.853626532
2020-03-04 12:40:00,134.824186794
2020-03-04 12:41:00,134.902692762
2020-03-04 12:42:00,134.73586758
2020-03-04 12:43:00,134.73586758
2020-03-04 12:44:00,134.858533155
2020-03-04 12:45:00,134.83400004
2020-03-04 12:46:00,135.020451714
2020-03-04 12:47:00,134.98119873
2020-03-04 12:48:00,134.961572238
2020-03-04 12:49:00,134.98119873
2020-03-04 12:50:00,135.32466234
2020-03-04 12:51:00,135.285409356
2020-03-04 12:52:00,135.285409356
2020-03-04 12:53:00,135.329568963
2020-03-04 12:54:00,135.37294351032
2020-03-04 12:55:00,135.363915324
2020-03-04 12:56:00,135.393355062
2020-03-04 12:57:00,135.491487522
2020-03-04 12:58:00,135.491487522
2020-03-04 12:59:00,135.452234538
2020-03-04 13:00:00,135.677939196
2020-03-04 13:01:00,135.6921684027
2020-03-04 13:02:00,135.560180244
2020-03-04 13:03:00,135.57745155696
2020-03-04 13:04:00,135.658312704
2020-03-04 13:05:00,135.658312704
2020-03-04 13:06:00,135.96252333
2020-03-04 13:07:00,136.06065579
2020-03-04 13:08:00,136.031216052
2020-03-04 13:09:00,135.952710084
2020-03-04 13:10:00,135.785884902
2020-03-04 13:11:00,135.707378934
2020-03-04 13:12:00,135.874204116
2020-03-04 13:13:00,135.893830608
2020-03-04 13:14:00,135.933083592
2020-03-04 13:15:00,136.036122675
2020-03-04 13:16:00,135.991963068
2020-03-04 13:17:00,136.031216052
2020-03-04 13:18:00,136.0778289705
2020-03-04 13:19:00,136.085188905
2020-03-04 13:20:00,136.35505317
2020-03-04 13:21:00,136.379586285
2020-03-04 13:22:00,136.477718745
2020-03-04 13:23:00,136.45318563
2020-03-04 13:24:00,136.487531991
2020-03-04 13:25:00,136.52796256452
2020-03-04 13:26:00,136.492438614
2020-03-04 13:27:00,136.350146547
2020-03-04 13:28:00,136.315800186
2020-03-04 13:29:00,136.296173694
2020-03-04 13:30:00,136.315800186
2020-03-04 13:31:00,136.33523041308
2020-03-04 13:32:00,136.286360448
2020-03-04 13:33:00,136.276547202
2020-03-04 13:34:00,136.24092511902
2020-03-04 13:35:00,136.345239924
2020-03-04 13:36:00,136.296173694
2020-03-04 13:37:00,136.183321365
2020-03-04 13:38:00,136.227480972
2020-03-04 13:39:00,136.0076642616
2020-03-04 13:40:00,135.805511394
2020-03-04 13:41:00,135.923270346
2020-03-04 13:42:00,135.94152298356
2020-03-04 13:43:00,135.97449549012
2020-03-04 13:44:00,135.736818672
2020-03-04 13:45:00,135.727005426
2020-03-04 13:46:00,135.805511394
2020-03-04 13:47:00,135.776071656
2020-03-04 13:48:00,135.746631918
2020-03-04 13:49:00,135.884017362
2020-03-04 13:50:00,135.933083592
2020-03-04 13:51:00,135.982149822
2020-03-04 13:52:00,135.972336576
2020-03-04 13:53:00,136.139161758
2020-03-04 13:54:00,136.286360448
2020-03-04 13:55:00,136.119535266
2020-03-04 13:56:00,136.041029298
2020-03-04 13:57:00,136.080282282
2020-03-04 13:58:00,136.10972202
2020-03-04 13:59:00,136.031216052
2020-03-04 14:00:00,136.139161758
2020-03-04 14:01:00,136.55131809
2020-03-04 14:02:00,136.286360448
2020-03-04 14:03:00,136.031216052
2020-03-04 14:04:00,135.874204116
2020-03-04 14:05:00,135.844764378
2020-03-04 14:06:00,135.673032573
2020-03-04 14:07:00,135.756445164
2020-03-04 14:08:00,135.903643854
2020-03-04 14:09:00,136.036122675
2020-03-04 14:10:00,136.065562413
2020-03-04 14:11:00,136.168601496
2020-03-04 14:12:00,136.01158956
2020-03-04 14:13:00,135.903643854
2020-03-04 14:14:00,135.874204116
2020-03-04 14:15:00,135.697565688
2020-03-04 14:16:00,135.884017362
2020-03-04 14:17:00,135.795698148
2020-03-04 14:18:00,135.795698148
2020-03-04 14:19:00,135.795698148
2020-03-04 14:20:00,135.756445164
2020-03-04 14:21:00,135.776071656
2020-03-04 14:22:00,135.653406081
2020-03-04 14:23:00,135.653406081
2020-03-04 14:24:00,135.599433228
2020-03-04 14:25:00,135.60816701694
2020-03-04 14:26:00,135.795698148
2020-03-04 14:27:00,135.991963068
2020-03-04 14:28:00,135.96252333
2020-03-04 14:29:00,136.050842544
2020-03-04 14:30:00,136.099908774
2020-03-04 14:31:00,136.271640579
2020-03-04 14:32:00,136.2348409065
2020-03-04 14:33:00,136.20785448
2020-03-04 14:34:00,136.252014087
2020-03-04 14:35:00,136.129348512
2020-03-04 14:36:00,136.193134611
2020-03-04 14:37:00,136.35505317
2020-03-04 14:38:00,136.394306154
2020-03-04 14:39:00,136.35505317
2020-03-04 14:40:00,136.433559138
2020-03-04 14:41:00,136.374679662
2020-03-04 14:42:00,136.35505317
2020-03-04 14:43:00,136.55131809
2020-03-04 14:44:00,136.56741181344
2020-03-04 14:45:00,136.4041194
2020-03-04 14:46:00,136.315800186
2020-03-04 14:47:00,136.281453825
2020-03-04 14:48:00,136.232387595
2020-03-04 14:49:00,136.276547202
2020-03-04 14:50:00,136.212761103
2020-03-04 14:51:00,136.22365380606
2020-03-04 14:52:00,136.031216052
2020-03-04 14:53:00,136.050842544
2020-03-04 14:54:00,136.070469036
2020-03-04 14:55:00,136.095002151
2020-03-04 14:56:00,136.168601496
2020-03-04 14:57:00,136.168601496
2020-03-04 14:58:00,136.168601496
2020-03-04 14:59:00,136.232387595
2020-03-04 15:00:00,136.252014087
2020-03-04 15:01:00,136.374679662
2020-03-04 15:02:00,136.4041194
2020-03-04 15:03:00,136.433559138
2020-03-04 15:04:00,136.413932646
2020-03-04 15:05:00,136.462998876
2020-03-04 15:06:00,136.590571074
2020-03-04 15:07:00,136.394306154
2020-03-04 15:08:00,136.217667726
2020-03-04 15:09:00,136.1823400404
2020-03-04 15:10:00,136.178414742
2020-03-04 15:11:00,136.217667726
2020-03-04 15:12:00,136.335426678
2020-03-04 15:13:00,136.325613432
2020-03-04 15:14:00,136.384492908
2020-03-04 15:15:00,136.212761103
2020-03-04 15:16:00,136.25692071
2020-03-04 15:17:00,136.227480972
2020-03-04 15:18:00,136.188227988
2020-03-04 15:19:00,136.15878825
2020-03-04 15:20:00,136.20785448
2020-03-04 15:21:00,136.335426678
2020-03-04 15:22:00,136.315800186
2020-03-04 15:23:00,136.570944582
2020-03-04 15:24:00,136.60038432
2020-03-04 15:25:00,136.629824058
2020-03-04 15:26:00,136.835902224
2020-03-04 15:27:00,136.826088978
2020-03-04 15:28:00,136.816275732
2020-03-04 15:29:00,136.88506658646
2020-03-04 15:30:00,137.012540652
2020-03-04 15:31:00,137.228432064
2020-03-04 15:32:00,137.28731154
2020-03-04 15:33:00,137.493389706
2020-03-04 15:34:00,137.375630754
2020-03-04 15:35:00,137.591522166
2020-03-04 15:36:00,137.53264269
2020-03-04 15:37:00,137.591522166
2020-03-04 15:38:00,137.48357646
2020-03-04 15:39:00,137.488483083
2020-03-04 15:40:00,137.517922821
2020-03-04 15:41:00,137.365817508
2020-03-04 15:42:00,137.454136722
2020-03-04 15:43:00,137.297124786
2020-03-04 15:44:00,137.277498294
2020-03-04 15:45:00,137.100859866
2020-03-04 15:46:00,137.326564524
2020-03-04 15:47:00,137.179365834
2020-03-04 15:48:00,137.18917908
2020-03-04 15:49:00,137.130299604
2020-03-04 15:50:00,137.208805572
2020-03-04 15:51:00,137.601335412
2020-03-04 15:52:00,137.885919546
2020-03-04 15:53:00,137.866293054
2020-03-04 15:54:00,137.92517253
2020-03-04 15:55:00,138.003678498
2020-03-04 15:56:00,138.0630486363
2020-03-04 15:57:00,138.003678498
2020-03-04 15:58:00,138.111624204
2020-03-04 15:59:00,138.07237122
2020-03-04 16:00:00,137.797600332
2020-03-05 09:31:00,135.545460375
2020-03-05 09:32:00,135.540553752
2020-03-05 09:33:00,135.108770928
2020-03-05 09:34:00,135.3815791668
2020-03-05 09:35:00,135.628872966
2020-03-05 09:36:00,135.795698148
2020-03-05 09:37:00,135.844764378
2020-03-05 09:38:00,135.820231263
2020-03-05 09:39:00,135.609246474
2020-03-05 09:40:00,135.442421292
2020-03-05 09:41:00,135.52092726
2020-03-05 09:42:00,135.20798284506
2020-03-05 09:43:00,135.344288832
2020-03-05 09:44:00,135.437514669
2020-03-05 09:45:00,136.021402806
2020-03-05 09:46:00,135.8462363649
2020-03-05 09:47:00,135.942896838
2020-03-05 09:48:00,135.849671001
2020-03-05 09:49:00,135.452234538
2020-03-05 09:50:00,135.363915324
2020-03-05 09:51:00,135.241249749
2020-03-05 09:52:00,135.246156372
2020-03-05 09:53:00,135.354102078
2020-03-05 09:54:00,135.314849094
2020-03-05 09:55:00,135.412981554
2020-03-05 09:56:00,135.236343126
2020-03-05 09:57:00,135.113677551
2020-03-05 09:58:00,134.995918599
2020-03-05 09:59:00,135.123490797
2020-03-05 10:00:00,135.334475586
2020-03-05 10:01:00,135.50247835752
2020-03-05 10:02:00,135.486580899
2020-03-05 10:03:00,135.66812595
2020-03-05 10:04:00,135.658312704
2020-03-05 10:05:00,135.511114014
2020-03-05 10:06:00,135.579806736
2020-03-05 10:07:00,135.530740506
2020-03-05 10:08:00,135.486580899
2020-03-05 10:09:00,135.530740506
2020-03-05 10:10:00,135.560180244
2020-03-05 10:11:00,135.589619982
2020-03-05 10:12:00,135.692659065
2020-03-05 10:13:00,135.516020637
2020-03-05 10:14:00,135.540553752
2020-03-05 10:15:00,135.687752442
2020-03-05 10:16:00,135.67087365888
2020-03-05 10:17:00,135.599433228
2020-03-05 10:18:00,135.579806736
2020-03-05 10:19:00,135.736818672
2020-03-05 10:20:00,135.81532464
2020-03-05 10:21:00,135.579806736
2020-03-05 10:22:00,135.825137886
2020-03-05 10:23:00,136.139161758
2020-03-05 10:24:00,136.247107464
2020-03-05 10:25:00,135.996869691
2020-03-05 10:26:00,135.771165033
2020-03-05 10:27:00,135.86439087
2020-03-05 10:28:00,135.85330190202
2020-03-05 10:29:00,135.834951132
2020-03-05 10:30:00,136.001776314
2020-03-05 10:31:00,135.99971553234
2020-03-05 10:32:00,136.016496183
2020-03-05 10:33:00,136.129348512
2020-03-05 10:34:00,136.237294218
2020-03-05 10:35:00,136.315800186
2020-03-05 10:36:00,136.266733956
2020-03-05 10:37:00,136.20785448
2020-03-05 10:38:00,136.30598694
2020-03-05 10:39:00,136.286360448
2020-03-05 10:40:00,136.217667726
2020-03-05 10:41:00,136.15878825
2020-03-05 10:42:00,136.20785448
2020-03-05 10:43:00,136.247107464
2020-03-05 10:44:00,136.217667726
2020-03-05 10:45:00,136.237294218
2020-03-05 10:46:00,136.276547202
2020-03-05 10:47:00,136.247107464
2020-03-05 10:48:00,136.364866416
2020-03-05 10:49:00,136.413932646
2020-03-05 10:50:00,136.64945055
2020-03-05 10:51:00,136.541504844
2020-03-05 10:52:00,136.512065106
2020-03-05 10:53:00,136.624917435
2020-03-05 10:54:00,136.840808847
2020-03-05 10:55:00,136.884968454
2020-03-05 10:56:00,136.99291416
2020-03-05 10:57:00,136.99291416
2020-03-05 10:58:00,137.051793636
2020-03-05 10:59:00,137.130299604
2020-03-05 11:00:00,137.115579735
2020-03-05 11:01:00,137.395257246
2020-03-05 11:02:00,137.63077515
2020-03-05 11:03:00,137.591522166
2020-03-05 11:04:00,137.67984138
2020-03-05 11:05:00,137.73057586182
2020-03-05 11:06:00,137.856479808
2020-03-05 11:07:00,138.175410303
2020-03-05 11:08:00,138.067464597
2020-03-05 11:09:00,138.15745206282
2020-03-05 11:10:00,138.209756664
2020-03-05 11:11:00,138.131250696
2020-03-05 11:12:00,138.229383156
2020-03-05 11:13:00,138.396208338
2020-03-05 11:14:00,138.778924932
2020-03-05 11:15:00,138.680792472
2020-03-05 11:16:00,138.901590507
2020-03-05 11:17:00,138.95556336
2020-03-05 11:18:00,139.083135558
2020-03-05 11:19:00,139.191081264
2020-03-05 11:20:00,139.1140472829
2020-03-05 11:21:00,138.935936868
2020-03-05 11:22:00,139.00462959
2020-03-05 11:23:00,138.798551424
2020-03-05 11:24:00,138.877057392
2020-03-05 11:25:00,138.788738178
2020-03-05 11:26:00,138.886870638
2020-03-05 11:27:00,139.024256082
2020-03-05 11:28:00,139.12121095248
2020-03-05 11:29:00,138.778924932
2020-03-05 11:30:00,138.690605718
2020-03-05 11:31:00,138.51396729
2020-03-05 11:32:00,138.21956991
2020-03-05 11:33:00,138.033118236
2020-03-05 11:34:00,138.082184466
2020-03-05 11:35:00,138.003678498
2020-03-05 11:36:00,137.866293054
2020-03-05 11:37:00,137.944799022
2020-03-05 11:38:00,137.993865252
2020-03-05 11:39:00,137.866293054
2020-03-05 11:40:00,138.052744728
2020-03-05 11:41:00,137.8761063
2020-03-05 11:42:00,138.003678498
2020-03-05 11:43:00,137.92517253
2020-03-05 11:44:00,137.856479808
2020-03-05 11:45:00,137.709281118
2020-03-05 11:46:00,137.58926511942
2020-03-05 11:47:00,137.67984138
2020-03-05 11:48:00,137.670028134
2020-03-05 11:49:00,137.82704007
2020-03-05 11:50:00,137.792693709
2020-03-05 11:51:00,137.885919546
2020-03-05 11:52:00,137.77797384
2020-03-05 11:53:00,137.67984138
2020-03-05 11:54:00,137.67984138
2020-03-05 11:55:00,137.797600332
2020-03-05 11:56:00,137.635681773
2020-03-05 11:57:00,137.822133447
2020-03-05 11:58:00,137.817226824
2020-03-05 11:59:00,137.954612268
2020-03-05 12:00:00,137.988958629
2020-03-05 12:01:00,138.02330499
2020-03-05 12:02:00,138.101810958
2020-03-05 12:03:00,137.993865252
2020-03-05 12:04:00,138.052744728
2020-03-05 12:05:00,138.033118236
2020-03-05 12:06:00,138.042931482
2020-03-05 12:07:00,138.042931482
2020-03-05 12:08:00,137.993865252
2020-03-05 12:09:00,138.018398367
2020-03-05 12:10:00,138.07237122
2020-03-05 12:11:00,138.101810958
2020-03-05 12:12:00,138.111624204
2020-03-05 12:13:00,138.160690434
2020-03-05 12:14:00,138.199943418
2020-03-05 12:15:00,138.145970565
2020-03-05 12:16:00,138.229383156
2020-03-05 12:17:00,138.12143745
2020-03-05 12:18:00,138.180316926
2020-03-05 12:19:00,138.042931482
2020-03-05 12:20:00,137.915359284
2020-03-05 12:21:00,137.92517253
2020-03-05 12:22:00,138.02330499
2020-03-05 12:23:00,138.12143745
2020-03-05 12:24:00,137.90534977308
2020-03-05 12:25:00,137.905546038
2020-03-05 12:26:00,137.964425514
2020-03-05 12:27:00,137.993865252
2020-03-05 12:28:00,138.150877188
2020-03-05 12:29:00,138.165597057
2020-03-05 12:30:00,138.180316926
2020-03-05 12:31:00,138.298075878
2020-03-05 12:32:00,138.494340798
2020-03-05 12:33:00,138.31770237
2020-03-05 12:34:00,138.469807683
2020-03-05 12:35:00,138.406021584
2020-03-05 12:36:00,138.31770237
2020-03-05 12:37:00,138.298075878
2020-03-05 12:38:00,138.160690434
2020-03-05 12:39:00,137.998771875
2020-03-05 12:40:00,137.934985776
2020-03-05 12:41:00,137.885919546
2020-03-05 12:42:00,137.699467872
2020-03-05 12:43:00,137.25846059676
2020-03-05 12:44:00,137.218618818
2020-03-05 12:45:00,136.983100914
2020-03-05 12:46:00,136.904594946
2020-03-05 12:47:00,137.08937836818
2020-03-05 12:48:00,136.816275732
2020-03-05 12:49:00,136.84571547
2020-03-05 12:50:00,137.100859866
2020-03-05 12:51:00,137.120486358
2020-03-05 12:52:00,137.04198039
2020-03-05 12:53:00,137.22529182528
2020-03-05 12:54:00,137.120486358
2020-03-05 12:55:00,137.380537377
2020-03-05 12:56:00,137.277498294
2020-03-05 12:57:00,137.267685048
2020-03-05 12:58:00,137.297124786
2020-03-05 12:59:00,137.228432064
2020-03-05 13:00:00,137.257871802
2020-03-05 13:01:00,137.316751278
2020-03-05 13:02:00,137.409977115
2020-03-05 13:03:00,137.3098820058
2020-03-05 13:04:00,137.53264269
2020-03-05 13:05:00,137.547362559
2020-03-05 13:06:00,137.704374495
2020-03-05 13:07:00,137.513016198
2020-03-05 13:08:00,137.48357646
2020-03-05 13:09:00,137.552269182
2020-03-05 13:10:00,137.493389706
2020-03-05 13:11:00,137.43451023
2020-03-05 13:12:00,137.625868527
2020-03-05 13:13:00,137.650401642
2020-03-05 13:14:00,137.601335412
2020-03-05 13:15:00,137.650401642
2020-03-05 13:16:00,137.571895674
2020-03-05 13:17:00,137.63077515
2020-03-05 13:18:00,137.53264269
2020-03-05 13:19:00,137.586615543
2020-03-05 13:20:00,137.758347348
2020-03-05 13:21:00,137.522829444
2020-03-05 13:22:00,137.748534102
2020-03-05 13:23:00,137.817226824
2020-03-05 13:24:00,137.885919546
2020-03-05 13:25:00,137.866293054
2020-03-05 13:26:00,137.910452661
2020-03-05 13:27:00,137.934985776
2020-03-05 13:28:00,138.033118236
2020-03-05 13:29:00,137.920265907
2020-03-05 13:30:00,138.1140775155
2020-03-05 13:31:00,138.131250696
2020-03-05 13:32:00,138.101810958
2020-03-05 13:33:00,138.067464597
2020-03-05 13:34:00,138.190130172
2020-03-05 13:35:00,138.249009648
2020-03-05 13:36:00,138.337328862
2020-03-05 13:37:00,138.381488469
2020-03-05 13:38:00,138.3667686
2020-03-05 13:39:00,138.209756664
2020-03-05 13:40:00,138.052744728
2020-03-05 13:41:00,137.91055079346
2020-03-05 13:42:00,137.979145383
2020-03-05 13:43:00,137.969332137
2020-03-05 13:44:00,137.993865252
2020-03-05 13:45:00,137.91447609186
2020-03-05 13:46:00,138.018398367
2020-03-05 13:47:00,138.209756664
2020-03-05 13:48:00,138.23929453446
2020-03-05 13:49:00,138.2058313656
2020-03-05 13:50:00,138.327515616
2020-03-05 13:51:00,138.337328862
2020-03-05 13:52:00,138.224476533
2020-03-05 13:53:00,138.141063942
2020-03-05 13:54:00,137.915359284
2020-03-05 13:55:00,137.670028134
2020-03-05 13:56:00,137.8761063
2020-03-05 13:57:00,137.797600332
2020-03-05 13:58:00,137.861386431
2020-03-05 13:59:00,138.013491744
2020-03-05 14:00:00,137.895732792
2020-03-05 14:01:00,137.905546038
2020-03-05 14:02:00,137.812320201
2020-03-05 14:03:00,137.719094364
2020-03-05 14:04:00,137.797600332
2020-03-05 14:05:00,137.738720856
2020-03-05 14:06:00,137.547362559
2020-03-05 14:07:00,137.67984138
2020-03-05 14:08:00,137.513016198
2020-03-05 14:09:00,137.552269182
2020-03-05 14:10:00,137.493389706
2020-03-05 14:11:00,137.571895674
2020-03-05 14:12:00,137.616055281
2020-03-05 14:13:00,137.748534102
2020-03-05 14:14:00,137.984052006
2020-03-05 14:15:00,137.934985776
2020-03-05 14:16:00,137.895732792
2020-03-05 14:17:00,137.689654626
2020-03-05 14:18:00,137.719094364
2020-03-05 14:19:00,137.562082428
2020-03-05 14:20:00,137.611148658
2020-03-05 14:21:00,137.463949968
2020-03-05 14:22:00,137.28731154
2020-03-05 14:23:00,137.262778425
2020-03-05 14:24:00,137.179365834
2020-03-05 14:25:00,137.0851586724
2020-03-05 14:26:00,137.24746976124
2020-03-05 14:27:00,137.28731154
2020-03-05 14:28:00,137.463949968
2020-03-05 14:29:00,137.400163869
2020-03-05 14:30:00,137.198992326
2020-03-05 14:31:00,137.248058556
2020-03-05 14:32:00,137.228432064
2020-03-05 14:33:00,137.513016198
2020-03-05 14:34:00,137.316751278
2020-03-05 14:35:00,137.228432064
2020-03-05 14:36:00,137.18917908
2020-03-05 14:37:00,137.33637777
2020-03-05 14:38:00,137.522829444
2020-03-05 14:39:00,137.419790361
2020-03-05 14:40:00,137.699467872
2020-03-05 14:41:00,137.699467872
2020-03-05 14:42:00,137.635681773
2020-03-05 14:43:00,137.650401642
2020-03-05 14:44:00,137.836853316
2020-03-05 14:45:00,137.635681773
2020-03-05 14:46:00,137.689654626
2020-03-05 14:47:00,137.719094364
2020-03-05 14:48:00,137.655308265
2020-03-05 14:49:00,137.748534102
2020-03-05 14:50:00,137.934985776
2020-03-05 14:51:00,137.895732792
2020-03-05 14:52:00,137.944799022
2020-03-05 14:53:00,137.846666562
2020-03-05 14:54:00,137.63077515
2020-03-05 14:55:00,137.552269182
2020-03-05 14:56:00,137.571895674
2020-03-05 14:57:00,137.674934757
2020-03-05 14:58:00,137.934985776
2020-03-05 14:59:00,138.17050368
2020-03-05 15:00:00,137.812320201
2020-03-05 15:01:00,137.473763214
2020-03-05 15:02:00,137.365817508
2020-03-05 15:03:00,137.454136722
2020-03-05 15:04:00,137.385444
2020-03-05 15:05:00,137.424696984
2020-03-05 15:06:00,137.48357646
2020-03-05 15:07:00,137.542455936
2020-03-05 15:08:00,137.640588396
2020-03-05 15:09:00,137.552269182
2020-03-05 15:10:00,137.493389706
2020-03-05 15:11:00,137.228432064
2020-03-05 15:12:00,137.00881161852
2020-03-05 15:13:00,137.022353898
2020-03-05 15:14:00,136.924221438
2020-03-05 15:15:00,136.953661176
2020-03-05 15:16:00,136.97318953554
2020-03-05 15:17:00,136.659263796
2020-03-05 15:18:00,136.855528716
2020-03-05 15:19:00,136.777022748
2020-03-05 15:20:00,136.855528716
2020-03-05 15:21:00,137.022353898
2020-03-05 15:22:00,136.94384793
2020-03-05 15:23:00,136.880061831
2020-03-05 15:24:00,136.718143272
2020-03-05 15:25:00,136.561131336
2020-03-05 15:26:00,136.296173694
2020-03-05 15:27:00,136.2068731554
2020-03-05 15:28:00,136.4041194
2020-03-05 15:29:00,136.669077042
2020-03-05 15:30:00,136.69851678
2020-03-05 15:31:00,136.742676387
2020-03-05 15:32:00,137.056700259
2020-03-05 15:33:00,137.228432064
2020-03-05 15:34:00,137.405070492
2020-03-05 15:35:00,137.493389706
2020-03-05 15:36:00,137.655308265
2020-03-05 15:37:00,137.454136722
2020-03-05 15:38:00,137.316751278
2020-03-05 15:39:00,137.28731154
2020-03-05 15:40:00,137.233338687
2020-03-05 15:41:00,137.248058556
2020-03-05 15:42:00,137.28731154
2020-03-05 15:43:00,137.120486358
2020-03-05 15:44:00,137.385444
2020-03-05 15:45:00,137.463949968
2020-03-05 15:46:00,137.243151933
2020-03-05 15:47:00,137.43451023
2020-03-05 15:48:00,137.390350623
2020-03-05 15:49:00,137.513016198
2020-03-05 15:50:00,137.591522166
2020-03-05 15:51:00,137.8761063
2020-03-05 15:52:00,137.405070492
2020-03-05 15:53:00,137.385444
2020-03-05 15:54:00,137.375630754
2020-03-05 15:55:00,137.306938032
2020-03-05 15:56:00,137.405070492
2020-03-05 15:57:00,137.228432064
2020-03-05 15:58:00,137.58170892
2020-03-05 15:59:00,137.58170892
2020-03-05 16:00:00,137.53264269
2020-03-06 09:31:00,134.402217216
2020-03-06 09:32:00,134.593575513
2020-03-06 09:33:00,135.776071656
2020-03-06 09:34:00,135.550366998
2020-03-06 09:35:00,134.137259574
2020-03-06 09:36:00,134.706427842
2020-03-06 09:37:00,134.716241088
2020-03-06 09:38:00,134.745680826
2020-03-06 09:39:00,134.765307318
2020-03-06 09:40:00,134.461096692
2020-03-06 09:41:00,134.39240397
2020-03-06 09:42:00,134.53960266
2020-03-06 09:43:00,134.961572238
2020-03-06 09:44:00,134.240298657
2020-03-06 09:45:00,133.872301932
2020-03-06 09:46:00,133.577904552
2020-03-06 09:47:00,134.215765542
2020-03-06 09:48:00,134.269738395
2020-03-06 09:49:00,134.068566852
2020-03-06 09:50:00,134.166699312
2020-03-06 09:51:00,134.19613905
2020-03-06 09:52:00,134.09574954342
2020-03-06 09:53:00,134.186325804
2020-03-06 09:54:00,134.313898002
2020-03-06 09:55:00,134.578855644
2020-03-06 09:56:00,134.3914226454
2020-03-06 09:57:00,134.264831772
2020-03-06 09:58:00,134.53960266
2020-03-06 09:59:00,134.667174858
2020-03-06 10:00:00,134.510162922
2020-03-06 10:01:00,134.573949021
2020-03-06 10:02:00,134.681894727
2020-03-06 10:03:00,134.853626532
2020-03-06 10:04:00,134.951758992
2020-03-06 10:05:00,135.118584174
2020-03-06 10:06:00,135.32466234
2020-03-06 10:07:00,135.4227948
2020-03-06 10:08:00,135.501300768
2020-03-06 10:09:00,135.579806736
2020-03-06 10:10:00,135.525833883
2020-03-06 10:11:00,135.481674276
2020-03-06 10:12:00,135.71719218
2020-03-06 10:13:00,135.4227948
2020-03-06 10:14:00,135.462047784
2020-03-06 10:15:00,135.403168308
2020-03-06 10:16:00,135.43388376798
2020-03-06 10:17:00,135.501300768
2020-03-06 10:18:00,135.216716634
2020-03-06 10:19:00,135.113677551
2020-03-06 10:20:00,135.216716634
2020-03-06 10:21:00,135.27559611
2020-03-06 10:22:00,135.3016012119
2020-03-06 10:23:00,135.432608046
2020-03-06 10:24:00,135.560180244
2020-03-06 10:25:00,135.599433228
2020-03-06 10:26:00,136.20785448
2020-03-06 10:27:00,136.409026023
2020-03-06 10:28:00,136.531691598
2020-03-06 10:29:00,136.50225186
2020-03-06 10:30:00,136.580757828
2020-03-06 10:31:00,136.816275732
2020-03-06 10:32:00,136.737769764
2020-03-06 10:33:00,136.74758301
2020-03-06 10:34:00,136.561131336
2020-03-06 10:35:00,137.53264269
2020-03-06 10:36:00,136.94384793
2020-03-06 10:37:00,137.002727406
2020-03-06 10:38:00,137.10939739002
2020-03-06 10:39:00,137.179365834
2020-03-06 10:40:00,137.375630754
2020-03-06 10:41:00,137.375630754
2020-03-06 10:42:00,137.571895674
2020-03-06 10:43:00,137.846666562
2020-03-06 10:44:00,137.53264269
2020-03-06 10:45:00,137.468856591
2020-03-06 10:46:00,137.625868527
2020-03-06 10:47:00,137.571895674
2020-03-06 10:48:00,137.895732792
2020-03-06 10:49:00,137.48357646
2020-03-06 10:50:00,137.53264269
2020-03-06 10:51:00,137.395257246
2020-03-06 10:52:00,137.463949968
2020-03-06 10:53:00,137.444323476
2020-03-06 10:54:00,137.346191016
2020-03-06 10:55:00,137.58170892
2020-03-06 10:56:00,137.542455936
2020-03-06 10:57:00,137.562082428
2020-03-06 10:58:00,137.454136722
2020-03-06 10:59:00,137.28731154
2020-03-06 11:00:00,137.513016198
2020-03-06 11:01:00,137.59014831156
2020-03-06 11:02:00,137.655308265
2020-03-06 11:03:00,137.42548204368
2020-03-06 11:04:00,137.228432064
2020-03-06 11:05:00,137.198992326
2020-03-06 11:06:00,137.120486358
2020-03-06 11:07:00,137.429603607
2020-03-06 11:08:00,137.444323476
2020-03-06 11:09:00,137.277498294
2020-03-06 11:10:00,137.248058556
2020-03-06 11:11:00,137.18917908
2020-03-06 11:12:00,137.33637777
2020-03-06 11:13:00,137.375630754
2020-03-06 11:14:00,137.463949968
2020-03-06 11:15:00,137.43451023
2020-03-06 11:16:00,137.620961904
2020-03-06 11:17:00,137.846666562
2020-03-06 11:18:00,137.704374495
2020-03-06 11:19:00,137.782880463
2020-03-06 11:20:00,137.606242035
2020-03-06 11:21:00,137.689654626
2020-03-06 11:22:00,137.625868527
2020-03-06 11:23:00,137.547362559
2020-03-06 11:24:00,137.48357646
2020-03-06 11:25:00,137.473763214
2020-03-06 11:26:00,137.48357646
2020-03-06 11:27:00,137.792693709
2020-03-06 11:28:00,137.738720856
2020-03-06 11:29:00,137.640588396
2020-03-06 11:30:00,137.866293054
2020-03-06 11:31:00,137.969332137
2020-03-06 11:32:00,138.101810958
2020-03-06 11:33:00,137.905546038
2020-03-06 11:34:00,138.386395092
2020-03-06 11:35:00,138.406021584
2020-03-06 11:36:00,138.239196402
2020-03-06 11:37:00,138.209756664
2020-03-06 11:38:00,138.342235485
2020-03-06 11:39:00,138.199943418
2020-03-06 11:40:00,138.263729517
2020-03-06 11:41:00,137.934985776
2020-03-06 11:42:00,137.954612268
2020-03-06 11:43:00,137.660214888
2020-03-06 11:44:00,137.488483083
2020-03-06 11:45:00,137.14011285
2020-03-06 11:46:00,137.297124786
2020-03-06 11:47:00,137.218618818
2020-03-06 11:48:00,137.120486358
2020-03-06 11:49:00,136.94384793
2020-03-06 11:50:00,137.022353898
2020-03-06 11:51:00,137.022353898
2020-03-06 11:52:00,137.149926096
2020-03-06 11:53:00,137.306938032
2020-03-06 11:54:00,137.248058556
2020-03-06 11:55:00,137.257871802
2020-03-06 11:56:00,137.257871802
2020-03-06 11:57:00,137.306938032
2020-03-06 11:58:00,137.375630754
2020-03-06 11:59:00,137.198992326
2020-03-06 12:00:00,137.267685048
2020-03-06 12:01:00,137.179365834
2020-03-06 12:02:00,137.179365834
2020-03-06 12:03:00,137.228432064
2020-03-06 12:04:00,136.99291416
2020-03-06 12:05:00,137.130299604
2020-03-06 12:06:00,137.081233374
2020-03-06 12:07:00,137.130299604
2020-03-06 12:08:00,137.277498294
2020-03-06 12:09:00,137.061606882
2020-03-06 12:10:00,136.870248585
2020-03-06 12:11:00,136.777022748
2020-03-06 12:12:00,136.669077042
2020-03-06 12:13:00,136.521878352
2020-03-06 12:14:00,136.958567799
2020-03-06 12:15:00,136.840808847
2020-03-06 12:16:00,136.875155208
2020-03-06 12:17:00,137.022353898
2020-03-06 12:18:00,136.8437528208
2020-03-06 12:19:00,136.84571547
2020-03-06 12:20:00,136.767209502
2020-03-06 12:21:00,136.978194291
2020-03-06 12:22:00,137.198992326
2020-03-06 12:23:00,137.277498294
2020-03-06 12:24:00,137.33637777
2020-03-06 12:25:00,137.316751278
2020-03-06 12:26:00,137.297124786
2020-03-06 12:27:00,137.493389706
2020-03-06 12:28:00,137.58229771476
2020-03-06 12:29:00,137.454136722
2020-03-06 12:30:00,137.306938032
2020-03-06 12:31:00,137.542455936
2020-03-06 12:32:00,137.650401642
2020-03-06 12:33:00,137.58170892
2020-03-06 12:34:00,137.645495019
2020-03-06 12:35:00,137.807413578
2020-03-06 12:36:00,137.807413578
2020-03-06 12:37:00,137.885919546
2020-03-06 12:38:00,138.091997712
2020-03-06 12:39:00,137.88385876434
2020-03-06 12:40:00,137.807413578
2020-03-06 12:41:00,137.797600332
2020-03-06 12:42:00,137.993865252
2020-03-06 12:43:00,137.998771875
2020-03-06 12:44:00,138.013491744
2020-03-06 12:45:00,137.993865252
2020-03-06 12:46:00,137.984052006
2020-03-06 12:47:00,137.797600332
2020-03-06 12:48:00,137.5807275954
2020-03-06 12:49:00,137.571895674
2020-03-06 12:50:00,137.542455936
2020-03-06 12:51:00,137.463949968
2020-03-06 12:52:00,137.547362559
2020-03-06 12:53:00,137.356004262
2020-03-06 12:54:00,137.297124786
2020-03-06 12:55:00,137.326564524
2020-03-06 12:56:00,137.33637777
2020-03-06 12:57:00,137.316751278
2020-03-06 12:58:00,137.267685048
2020-03-06 12:59:00,137.248058556
2020-03-06 13:00:00,137.228432064
2020-03-06 13:01:00,137.198992326
2020-03-06 13:02:00,137.341284393
2020-03-06 13:03:00,137.321657901
2020-03-06 13:04:00,137.444323476
2020-03-06 13:05:00,137.473763214
2020-03-06 13:06:00,137.768160594
2020-03-06 13:07:00,137.846666562
2020-03-06 13:08:00,137.851573185
2020-03-06 13:09:00,137.895732792
2020-03-06 13:10:00,137.930079153
2020-03-06 13:11:00,137.905546038
2020-03-06 13:12:00,137.8059415911
2020-03-06 13:13:00,137.773067217
2020-03-06 13:14:00,137.861386431
2020-03-06 13:15:00,137.782880463
2020-03-06 13:16:00,137.856479808
2020-03-06 13:17:00,138.052744728
2020-03-06 13:18:00,138.13684424622
2020-03-06 13:19:00,138.131250696
2020-03-06 13:20:00,138.131250696
2020-03-06 13:21:00,138.474714306
2020-03-06 13:22:00,138.356955354
2020-03-06 13:23:00,138.312795747
2020-03-06 13:24:00,138.61209975
2020-03-06 13:25:00,138.54674353164
2020-03-06 13:26:00,138.239196402
2020-03-06 13:27:00,138.160690434
2020-03-06 13:28:00,138.07237122
2020-03-06 13:29:00,138.013491744
2020-03-06 13:30:00,138.042931482
2020-03-06 13:31:00,138.17050368
2020-03-06 13:32:00,138.07237122
2020-03-06 13:33:00,138.02330499
2020-03-06 13:34:00,137.964425514
2020-03-06 13:35:00,137.866293054
2020-03-06 13:36:00,137.856479808
2020-03-06 13:37:00,137.8761063
2020-03-06 13:38:00,137.944799022
2020-03-06 13:39:00,137.885919546
2020-03-06 13:40:00,138.180316926
2020-03-06 13:41:00,138.307889124
2020-03-06 13:42:00,138.425648076
2020-03-06 13:43:00,138.396208338
2020-03-06 13:44:00,138.101810958
2020-03-06 13:45:00,138.136157319
2020-03-06 13:46:00,137.97423876
2020-03-06 13:47:00,137.92517253
2020-03-06 13:48:00,138.033118236
2020-03-06 13:49:00,137.959518891
2020-03-06 13:50:00,137.72890761
2020-03-06 13:51:00,137.684748003
2020-03-06 13:52:00,137.67984138
2020-03-06 13:53:00,137.616055281
2020-03-06 13:54:00,137.660214888
2020-03-06 13:55:00,137.660214888
2020-03-06 13:56:00,137.8280213946
2020-03-06 13:57:00,138.062557974
2020-03-06 13:58:00,138.229383156
2020-03-06 13:59:00,138.307889124
2020-03-06 14:00:00,138.052744728
2020-03-06 14:01:00,137.77797384
2020-03-06 14:02:00,137.8761063
2020-03-06 14:03:00,137.473763214
2020-03-06 14:04:00,137.542455936
2020-03-06 14:05:00,137.48357646
2020-03-06 14:06:00,137.375630754
2020-03-06 14:07:00,137.154832719
2020-03-06 14:08:00,136.988007537
2020-03-06 14:09:00,136.880061831
2020-03-06 14:10:00,136.988007537
2020-03-06 14:11:00,136.973287668
2020-03-06 14:12:00,136.855528716
2020-03-06 14:13:00,136.8947817
2020-03-06 14:14:00,136.934034684
2020-03-06 14:15:00,136.880061831
2020-03-06 14:16:00,136.8947817
2020-03-06 14:17:00,136.727956518
2020-03-06 14:18:00,136.50225186
2020-03-06 14:19:00,136.448279007
2020-03-06 14:20:00,136.531691598
2020-03-06 14:21:00,136.423745892
2020-03-06 14:22:00,136.570944582
2020-03-06 14:23:00,136.60038432
2020-03-06 14:24:00,136.708330026
2020-03-06 14:25:00,136.64945055
2020-03-06 14:26:00,136.835902224
2020-03-06 14:27:00,136.924221438
2020-03-06 14:28:00,136.988007537
2020-03-06 14:29:00,136.880061831
2020-03-06 14:30:00,136.742676387
2020-03-06 14:31:00,136.855528716
2020-03-06 14:32:00,136.74758301
2020-03-06 14:33:00,136.610197566
2020-03-06 14:34:00,136.531691598
2020-03-06 14:35:00,136.448279007
2020-03-06 14:36:00,136.364866416
2020-03-06 14:37:00,136.104815397
2020-03-06 14:38:00,136.168601496
2020-03-06 14:39:00,136.25692071
2020-03-06 14:40:00,136.364866416
2020-03-06 14:41:00,136.20785448
2020-03-06 14:42:00,135.9134571
2020-03-06 14:43:00,136.001776314
2020-03-06 14:44:00,136.217667726
2020-03-06 14:45:00,136.163694873
2020-03-06 14:46:00,136.25692071
2020-03-06 14:47:00,135.96252333
2020-03-06 14:48:00,136.031216052
2020-03-06 14:49:00,135.9134571
2020-03-06 14:50:00,135.76625841
2020-03-06 14:51:00,135.628872966
2020-03-06 14:52:00,135.535647129
2020-03-06 14:53:00,135.432608046
2020-03-06 14:54:00,135.511114014
2020-03-06 14:55:00,135.56999349
2020-03-06 14:56:00,135.942896838
2020-03-06 14:57:00,136.050842544
2020-03-06 14:58:00,135.84172227174
2020-03-06 14:59:00,136.041029298
2020-03-06 15:00:00,135.834951132
2020-03-06 15:01:00,135.648499458
2020-03-06 15:02:00,135.511114014
2020-03-06 15:03:00,135.550366998
2020-03-06 15:04:00,135.599433228
2020-03-06 15:05:00,135.393355062
2020-03-06 15:06:00,135.60669503004
2020-03-06 15:07:00,135.383541816
2020-03-06 15:08:00,135.285409356
2020-03-06 15:09:00,135.236343126
2020-03-06 15:10:00,135.22878692658
2020-03-06 15:11:00,135.501300768
2020-03-06 15:12:00,135.658312704
2020-03-06 15:13:00,136.070469036
2020-03-06 15:14:00,136.00197257892
2020-03-06 15:15:00,135.52092726
2020-03-06 15:16:00,135.540553752
2020-03-06 15:17:00,136.090095528
2020-03-06 15:18:00,136.0685063868
2020-03-06 15:19:00,136.20785448
2020-03-06 15:20:00,136.20785448
2020-03-06 15:21:00,136.139161758
2020-03-06 15:22:00,136.090095528
2020-03-06 15:23:00,136.090095528
2020-03-06 15:24:00,136.099908774
2020-03-06 15:25:00,136.217667726
2020-03-06 15:26:00,136.413932646
2020-03-06 15:27:00,136.35505317
2020-03-06 15:28:00,136.423745892
2020-03-06 15:29:00,136.20785448
2020-03-06 15:30:00,135.982149822
2020-03-06 15:31:00,136.531691598
2020-03-06 15:32:00,136.629824058
2020-03-06 15:33:00,136.963474422
2020-03-06 15:34:00,137.022353898
2020-03-06 15:35:00,137.23824531
2020-03-06 15:36:00,137.493389706
2020-03-06 15:37:00,136.983100914
2020-03-06 15:38:00,136.610197566
2020-03-06 15:39:00,136.786835994
2020-03-06 15:40:00,136.585664451
2020-03-06 15:41:00,136.723049895
2020-03-06 15:42:00,137.145019473
2020-03-06 15:43:00,137.071420128
2020-03-06 15:44:00,137.33637777
2020-03-06 15:45:00,138.062557974
2020-03-06 15:46:00,138.278449386
2020-03-06 15:47:00,138.288262632
2020-03-06 15:48:00,138.199943418
2020-03-06 15:49:00,137.984052006
2020-03-06 15:50:00,138.17050368
2020-03-06 15:51:00,138.935936868
2020-03-06 15:52:00,139.210707756
2020-03-06 15:53:00,138.916310376
2020-03-06 15:54:00,139.161641526
2020-03-06 15:55:00,138.818177916
2020-03-06 15:56:00,138.827991162
2020-03-06 15:57:00,138.877057392
2020-03-06 15:58:00,139.387346184
2020-03-06 15:59:00,139.269587232
2020-03-06 16:00:00,138.818177916
2020-03-09 09:31:00,131.526936138
2020-03-09 09:32:00,131.526936138
2020-03-09 09:33:00,133.283507172
2020-03-09 09:34:00,133.631877405
2020-03-09 09:35:00,133.538651568
2020-03-09 09:36:00,133.538651568
2020-03-09 09:37:00,133.538651568
2020-03-09 09:38:00,133.538651568
2020-03-09 09:39:00,133.538651568
2020-03-09 09:40:00,133.538651568
2020-03-09 09:41:00,133.538651568
2020-03-09 09:42:00,133.538651568
2020-03-09 09:43:00,133.538651568
2020-03-09 09:44:00,133.538651568
2020-03-09 09:45:00,133.538651568
2020-03-09 09:46:00,133.538651568
2020-03-09 09:47:00,133.538651568
2020-03-09 09:48:00,133.538651568
2020-03-09 09:49:00,133.538651568
2020-03-09 09:50:00,133.538651568
2020-03-09 09:51:00,133.538651568
2020-03-09 09:52:00,133.538651568
2020-03-09 09:53:00,133.538651568
2020-03-09 09:54:00,133.538651568
2020-03-09 09:55:00,133.538651568
2020-03-09 09:56:00,133.538651568
2020-03-09 09:57:00,133.430705862
2020-03-09 09:58:00,133.715289996
2020-03-09 09:59:00,134.382590724
2020-03-09 10:00:00,134.186325804
2020-03-09 10:01:00,134.205952296
2020-03-09 10:02:00,134.892879516
2020-03-09 10:03:00,136.021402806
2020-03-09 10:04:00,135.825137886
2020-03-09 10:05:00,135.884017362
2020-03-09 10:06:00,136.654357173
2020-03-09 10:07:00,137.184272457
2020-03-09 10:08:00,137.081233374
2020-03-09 10:09:00,137.051793636
2020-03-09 10:10:00,137.164645965
2020-03-09 10:11:00,136.4041194
2020-03-09 10:12:00,136.35505317
2020-03-09 10:13:00,136.389399531
2020-03-09 10:14:00,136.595477697
2020-03-09 10:15:00,136.7402230755
2020-03-09 10:16:00,137.032167144
2020-03-09 10:17:00,137.100859866
2020-03-09 10:18:00,137.243151933
2020-03-09 10:19:00,136.87525334046
2020-03-09 10:20:00,136.786835994
2020-03-09 10:21:00,137.061606882
2020-03-09 10:22:00,136.693610157
2020-03-09 10:23:00,136.620010812
2020-03-09 10:24:00,136.850622093
2020-03-09 10:25:00,136.590571074
2020-03-09 10:26:00,136.47291025446
2020-03-09 10:27:00,136.870248585
2020-03-09 10:28:00,137.248058556
2020-03-09 10:29:00,137.012540652
2020-03-09 10:30:00,137.012540652
2020-03-09 10:31:00,137.233338687
2020-03-09 10:32:00,137.562082428
2020-03-09 10:33:00,137.208805572
2020-03-09 10:34:00,137.405070492
2020-03-09 10:35:00,137.409977115
2020-03-09 10:36:00,137.380537377
2020-03-09 10:37:00,137.061606882
2020-03-09 10:38:00,137.086139997
2020-03-09 10:39:00,137.09104662
2020-03-09 10:40:00,137.18917908
2020-03-09 10:41:00,137.33637777
2020-03-09 10:42:00,137.341284393
2020-03-09 10:43:00,137.012540652
2020-03-09 10:44:00,137.154832719
2020-03-09 10:45:00,137.169552588
2020-03-09 10:46:00,136.830995601
2020-03-09 10:47:00,136.786835994
2020-03-09 10:48:00,136.659263796
2020-03-09 10:49:00,136.781929371
2020-03-09 10:50:00,136.394306154
2020-03-09 10:51:00,136.521878352
2020-03-09 10:52:00,136.4041194
2020-03-09 10:53:00,136.364866416
2020-03-09 10:54:00,136.261827333
2020-03-09 10:55:00,135.589619982
2020-03-09 10:56:00,135.07933119
2020-03-09 10:57:00,135.241249749
2020-03-09 10:58:00,135.049891452
2020-03-09 10:59:00,135.285409356
2020-03-09 11:00:00,134.58866889
2020-03-09 11:01:00,134.549415906
2020-03-09 11:02:00,134.534696037
2020-03-09 11:03:00,134.892879516
2020-03-09 11:04:00,134.549415906
2020-03-09 11:05:00,134.377684101
2020-03-09 11:06:00,134.451283446
2020-03-09 11:07:00,134.22548065554
2020-03-09 11:08:00,134.304084756
2020-03-09 11:09:00,134.4144837735
2020-03-09 11:10:00,134.416937085
2020-03-09 11:11:00,134.667174858
2020-03-09 11:12:00,134.775120564
2020-03-09 11:13:00,134.961572238
2020-03-09 11:14:00,135.069517944
2020-03-09 11:15:00,135.069517944
2020-03-09 11:16:00,135.187276896
2020-03-09 11:17:00,135.412981554
2020-03-09 11:18:00,135.501300768
2020-03-09 11:19:00,135.96252333
2020-03-09 11:20:00,136.15878825
2020-03-09 11:21:00,136.345239924
2020-03-09 11:22:00,136.134255135
2020-03-09 11:23:00,136.364866416
2020-03-09 11:24:00,136.50225186
2020-03-09 11:25:00,136.590571074
2020-03-09 11:26:00,136.521878352
2020-03-09 11:27:00,136.74758301
2020-03-09 11:28:00,136.64945055
2020-03-09 11:29:00,136.64945055
2020-03-09 11:30:00,136.855528716
2020-03-09 11:31:00,136.590571074
2020-03-09 11:32:00,136.703423403
2020-03-09 11:33:00,136.69851678
2020-03-09 11:34:00,136.659263796
2020-03-09 11:35:00,136.757396256
2020-03-09 11:36:00,137.14011285
2020-03-09 11:37:00,137.198992326
2020-03-09 11:38:00,137.37553262154
2020-03-09 11:39:00,137.248058556
2020-03-09 11:40:00,137.306938032
2020-03-09 11:41:00,137.356004262
2020-03-09 11:42:00,137.316751278
2020-03-09 11:43:00,137.400163869
2020-03-09 11:44:00,137.179365834
2020-03-09 11:45:00,137.787787086
2020-03-09 11:46:00,137.758347348
2020-03-09 11:47:00,137.522829444
2020-03-09 11:48:00,137.984052006
2020-03-09 11:49:00,137.768160594
2020-03-09 11:50:00,138.131250696
2020-03-09 11:51:00,138.091997712
2020-03-09 11:52:00,138.101810958
2020-03-09 11:53:00,138.131250696
2020-03-09 11:54:00,137.763253971
2020-03-09 11:55:00,137.473763214
2020-03-09 11:56:00,137.43451023
2020-03-09 11:57:00,137.53264269
2020-03-09 11:58:00,137.468856591
2020-03-09 11:59:00,137.547362559
2020-03-09 12:00:00,137.218618818
2020-03-09 12:01:00,136.865341962
2020-03-09 12:02:00,136.536598221
2020-03-09 12:03:00,136.669077042
2020-03-09 12:04:00,136.48272350046
2020-03-09 12:05:00,136.423745892
2020-03-09 12:06:00,136.35505317
2020-03-09 12:07:00,136.521878352
2020-03-09 12:08:00,136.94384793
2020-03-09 12:09:00,136.835902224
2020-03-09 12:10:00,136.835902224
2020-03-09 12:11:00,136.914408192
2020-03-09 12:12:00,136.79664924
2020-03-09 12:13:00,136.767209502
2020-03-09 12:14:00,136.335426678
2020-03-09 12:15:00,136.30598694
2020-03-09 12:16:00,136.188227988
2020-03-09 12:17:00,136.006682937
2020-03-09 12:18:00,135.957616707
2020-03-09 12:19:00,135.722098803
2020-03-09 12:20:00,135.677939196
2020-03-09 12:21:00,135.61905972
2020-03-09 12:22:00,135.736818672
2020-03-09 12:23:00,135.854577624
2020-03-09 12:24:00,135.628872966
2020-03-09 12:25:00,135.452234538
2020-03-09 12:26:00,135.412981554
2020-03-09 12:27:00,135.236343126
2020-03-09 12:28:00,135.049891452
2020-03-09 12:29:00,134.873253024
2020-03-09 12:30:00,134.941945746
2020-03-09 12:31:00,134.794747056
2020-03-09 12:32:00,134.9321325
2020-03-09 12:33:00,135.07933119
2020-03-09 12:34:00,134.863439778
2020-03-09 12:35:00,134.58866889
2020-03-09 12:36:00,134.24520528
2020-03-09 12:37:00,134.480723184
2020-03-09 12:38:00,134.578855644
2020-03-09 12:39:00,134.853626532
2020-03-09 12:40:00,134.961572238
2020-03-09 12:41:00,134.745680826
2020-03-09 12:42:00,134.362964232
2020-03-09 12:43:00,134.255018526
2020-03-09 12:44:00,134.137259574
2020-03-09 12:45:00,133.80360921
2020-03-09 12:46:00,134.078380098
2020-03-09 12:47:00,133.985154261
2020-03-09 12:48:00,133.931181408
2020-03-09 12:49:00,133.74482786646
2020-03-09 12:50:00,133.872301932
2020-03-09 12:51:00,133.97053252446
2020-03-09 12:52:00,134.34333774
2020-03-09 12:53:00,134.412030462
2020-03-09 12:54:00,134.51987803554
2020-03-09 12:55:00,134.480723184
2020-03-09 12:56:00,134.372777478
2020-03-09 12:57:00,134.279551641
2020-03-09 12:58:00,134.313898002
2020-03-09 12:59:00,134.225578788
2020-03-09 13:00:00,134.446376823
2020-03-09 13:01:00,134.215765542
2020-03-09 13:02:00,134.573949021
2020-03-09 13:03:00,134.819280171
2020-03-09 13:04:00,134.53960266
2020-03-09 13:05:00,134.34333774
2020-03-09 13:06:00,133.99987413
2020-03-09 13:07:00,134.009687376
2020-03-09 13:08:00,134.063660229
2020-03-09 13:09:00,134.451283446
2020-03-09 13:10:00,134.29427151
2020-03-09 13:11:00,134.333524494
2020-03-09 13:12:00,134.559229152
2020-03-09 13:13:00,134.58866889
2020-03-09 13:14:00,134.88306627
2020-03-09 13:15:00,134.848719909
2020-03-09 13:16:00,134.667174858
2020-03-09 13:17:00,134.647548366
2020-03-09 13:18:00,134.431656954
2020-03-09 13:19:00,134.313898002
2020-03-09 13:20:00,134.156886066
2020-03-09 13:21:00,133.980247638
2020-03-09 13:22:00,133.8021372231
2020-03-09 13:23:00,133.813422456
2020-03-09 13:24:00,133.882115178
2020-03-09 13:25:00,134.107819836
2020-03-09 13:26:00,133.833048948
2020-03-09 13:27:00,133.891928424
2020-03-09 13:28:00,133.921368162
2020-03-09 13:29:00,133.833048948
2020-03-09 13:30:00,133.725103242
2020-03-09 13:31:00,133.4601456
2020-03-09 13:32:00,133.450332354
2020-03-09 13:33:00,133.381639632
2020-03-09 13:34:00,133.391452878
2020-03-09 13:35:00,133.401266124
2020-03-09 13:36:00,133.568091306
2020-03-09 13:37:00,133.440519108
2020-03-09 13:38:00,133.587717798
2020-03-09 13:39:00,133.430705862
2020-03-09 13:40:00,133.27379205846
2020-03-09 13:41:00,133.538651568
2020-03-09 13:42:00,133.469958846
2020-03-09 13:43:00,133.469958846
2020-03-09 13:44:00,133.55827806
2020-03-09 13:45:00,133.35985422588
2020-03-09 13:46:00,133.36201314
2020-03-09 13:47:00,133.126495236
2020-03-09 13:48:00,133.440519108
2020-03-09 13:49:00,133.401266124
2020-03-09 13:50:00,133.244254188
2020-03-09 13:51:00,132.861537594
2020-03-09 13:52:00,132.729058773
2020-03-09 13:53:00,132.532793853
2020-03-09 13:54:00,132.82228461
2020-03-09 13:55:00,132.635832936
2020-03-09 13:56:00,132.356155425
2020-03-09 13:57:00,132.547513722
2020-03-09 13:58:00,132.743778642
2020-03-09 13:59:00,132.802658118
2020-03-09 14:00:00,132.621113067
2020-03-09 14:01:00,132.635832936
2020-03-09 14:02:00,132.77321838
2020-03-09 14:03:00,132.194236866
2020-03-09 14:04:00,132.145170636
2020-03-09 14:05:00,131.958718962
2020-03-09 14:06:00,132.007785192
2020-03-09 14:07:00,131.93909247
2020-03-09 14:08:00,132.5946173028
2020-03-09 14:09:00,132.616206444
2020-03-09 14:10:00,132.213863358
2020-03-09 14:11:00,132.243303096
2020-03-09 14:12:00,132.655459428
2020-03-09 14:13:00,132.733965396
2020-03-09 14:14:00,132.630926313
2020-03-09 14:15:00,132.846817725
2020-03-09 14:16:00,133.254067434
2020-03-09 14:17:00,133.32590039472
2020-03-09 14:18:00,133.420892616
2020-03-09 14:19:00,133.06761576
2020-03-09 14:20:00,133.047989268
2020-03-09 14:21:00,133.31294691
2020-03-09 14:22:00,132.979296546
2020-03-09 14:23:00,133.26388068
2020-03-09 14:24:00,133.293320418
2020-03-09 14:25:00,133.322760156
2020-03-09 14:26:00,132.812471364
2020-03-09 14:27:00,132.900790578
2020-03-09 14:28:00,132.851724348
2020-03-09 14:29:00,132.72415215
2020-03-09 14:30:00,132.4012963566
2020-03-09 14:31:00,131.9597002866
2020-03-09 14:32:00,132.213863358
2020-03-09 14:33:00,132.061758045
2020-03-09 14:34:00,132.52788723
2020-03-09 14:35:00,132.405221655
2020-03-09 14:36:00,132.28255608
2020-03-09 14:37:00,132.262929588
2020-03-09 14:38:00,131.963625585
2020-03-09 14:39:00,132.18442362
2020-03-09 14:40:00,132.415034901
2020-03-09 14:41:00,132.351248802
2020-03-09 14:42:00,131.899839486
2020-03-09 14:43:00,131.69376132
2020-03-09 14:44:00,131.664321582
2020-03-09 14:45:00,131.664321582
2020-03-09 14:46:00,131.831146764
2020-03-09 14:47:00,131.850773256
2020-03-09 14:48:00,132.370875294
2020-03-09 14:49:00,132.056851422
2020-03-09 14:50:00,131.899839486
2020-03-09 14:51:00,132.67508592
2020-03-09 14:52:00,132.92041707
2020-03-09 14:53:00,132.851724348
2020-03-09 14:54:00,133.047989268
2020-03-09 14:55:00,133.038176022
2020-03-09 14:56:00,133.322760156
2020-03-09 14:57:00,133.273693926
2020-03-09 14:58:00,133.911554916
2020-03-09 14:59:00,133.499398584
2020-03-09 15:00:00,133.283507172
2020-03-09 15:01:00,133.401266124
2020-03-09 15:02:00,133.072522383
2020-03-09 15:03:00,132.944950185
2020-03-09 15:04:00,133.3885089042
2020-03-09 15:05:00,133.563184683
2020-03-09 15:06:00,133.695663504
2020-03-09 15:07:00,133.234440942
2020-03-09 15:08:00,133.474865469
2020-03-09 15:09:00,133.7486550324
2020-03-09 15:10:00,133.568091306
2020-03-09 15:11:00,133.4267805636
2020-03-09 15:12:00,133.391452878
2020-03-09 15:13:00,133.386546255
2020-03-09 15:14:00,132.900790578
2020-03-09 15:15:00,133.16574822
2020-03-09 15:16:00,133.0293441006
2020-03-09 15:17:00,133.155934974
2020-03-09 15:18:00,133.342386648
2020-03-09 15:19:00,133.793795964
2020-03-09 15:20:00,133.303133664
2020-03-09 15:21:00,133.057802514
2020-03-09 15:22:00,133.205001204
2020-03-09 15:23:00,133.842862194
2020-03-09 15:24:00,133.877208555
2020-03-09 15:25:00,134.19613905
2020-03-09 15:26:00,134.529789414
2020-03-09 15:27:00,134.461096692
2020-03-09 15:28:00,134.412030462
2020-03-09 15:29:00,134.58866889
2020-03-09 15:30:00,134.186325804
2020-03-09 15:31:00,134.088193344
2020-03-09 15:32:00,133.837955571
2020-03-09 15:33:00,133.60734429
2020-03-09 15:34:00,133.55827806
2020-03-09 15:35:00,133.646597274
2020-03-09 15:36:00,133.90174167
2020-03-09 15:37:00,134.274645018
2020-03-09 15:38:00,134.53960266
2020-03-09 15:39:00,134.647548366
2020-03-09 15:40:00,134.63773512
2020-03-09 15:41:00,134.4326382786
2020-03-09 15:42:00,134.353150986
2020-03-09 15:43:00,134.421843708
2020-03-09 15:44:00,134.480723184
2020-03-09 15:45:00,134.3457910515
2020-03-09 15:46:00,133.774169472
2020-03-09 15:47:00,134.421843708
2020-03-09 15:48:00,134.529789414
2020-03-09 15:49:00,134.88306627
2020-03-09 15:50:00,134.66580100356
2020-03-09 15:51:00,133.93343845458
2020-03-09 15:52:00,134.451283446
2020-03-09 15:53:00,134.529789414
2020-03-09 15:54:00,133.985154261
2020-03-09 15:55:00,134.726054334
2020-03-09 15:56:00,134.362964232
2020-03-09 15:57:00,133.882115178
2020-03-09 15:58:00,133.450332354
2020-03-09 15:59:00,133.26388068
2020-03-09 16:00:00,132.792844872
2020-03-10 09:31:00,136.001776314
2020-03-10 09:32:00,136.090095528
2020-03-10 09:33:00,135.45753369084
2020-03-10 09:34:00,135.933083592
2020-03-10 09:35:00,135.898737231
2020-03-10 09:36:00,136.001776314
2020-03-10 09:37:00,136.006682937
2020-03-10 09:38:00,136.590571074
2020-03-10 09:39:00,136.561131336
2020-03-10 09:40:00,136.68114733458
2020-03-10 09:41:00,136.60038432
2020-03-10 09:42:00,136.379586285
2020-03-10 09:43:00,136.45318563
2020-03-10 09:44:00,136.556224713
2020-03-10 09:45:00,136.521878352
2020-03-10 09:46:00,136.25692071
2020-03-10 09:47:00,136.06065579
2020-03-10 09:48:00,136.041029298
2020-03-10 09:49:00,136.188227988
2020-03-10 09:50:00,136.482625368
2020-03-10 09:51:00,136.737769764
2020-03-10 09:52:00,136.50225186
2020-03-10 09:53:00,136.384492908
2020-03-10 09:54:00,136.031216052
2020-03-10 09:55:00,135.893830608
2020-03-10 09:56:00,135.952710084
2020-03-10 09:57:00,135.898737231
2020-03-10 09:58:00,135.9134571
2020-03-10 09:59:00,135.66812595
2020-03-10 10:00:00,135.66812595
2020-03-10 10:01:00,135.265782864
2020-03-10 10:02:00,135.481674276
2020-03-10 10:03:00,135.530740506
2020-03-10 10:04:00,135.265782864
2020-03-10 10:05:00,135.37372857
2020-03-10 10:06:00,135.192183519
2020-03-10 10:07:00,135.265782864
2020-03-10 10:08:00,135.393355062
2020-03-10 10:09:00,135.47186103
2020-03-10 10:10:00,135.368821947
2020-03-10 10:11:00,135.4561598364
2020-03-10 10:12:00,135.403168308
2020-03-10 10:13:00,135.403168308
2020-03-10 10:14:00,135.4227948
2020-03-10 10:15:00,135.4227948
2020-03-10 10:16:00,135.334475586
2020-03-10 10:17:00,135.152930535
2020-03-10 10:18:00,135.108770928
2020-03-10 10:19:00,135.2422310736
2020-03-10 10:20:00,135.010638468
2020-03-10 10:21:00,135.28118966022
2020-03-10 10:22:00,135.010638468
2020-03-10 10:23:00,134.7422461899
2020-03-10 10:24:00,134.500349676
2020-03-10 10:25:00,134.24520528
2020-03-10 10:26:00,133.980247638
2020-03-10 10:27:00,133.626970782
2020-03-10 10:28:00,133.626970782
2020-03-10 10:29:00,133.80360921
2020-03-10 10:30:00,133.676037012
2020-03-10 10:31:00,133.75454298
2020-03-10 10:32:00,133.538651568
2020-03-10 10:33:00,133.548464814
2020-03-10 10:34:00,133.401266124
2020-03-10 10:35:00,133.519025076
2020-03-10 10:36:00,133.420892616
2020-03-10 10:37:00,133.391452878
2020-03-10 10:38:00,133.41107937
2020-03-10 10:39:00,133.4601456
2020-03-10 10:40:00,133.538651568
2020-03-10 10:41:00,133.592624421
2020-03-10 10:42:00,133.744729734
2020-03-10 10:43:00,133.386546255
2020-03-10 10:44:00,133.602437667
2020-03-10 10:45:00,133.720196619
2020-03-10 10:46:00,133.744729734
2020-03-10 10:47:00,133.617157536
2020-03-10 10:48:00,133.636784028
2020-03-10 10:49:00,133.75454298
2020-03-10 10:50:00,133.553371437
2020-03-10 10:51:00,133.626970782
2020-03-10 10:52:00,133.715289996
2020-03-10 10:53:00,133.538651568
2020-03-10 10:54:00,133.55827806
2020-03-10 10:55:00,133.469958846
2020-03-10 10:56:00,133.734916488
2020-03-10 10:57:00,133.80360921
2020-03-10 10:58:00,134.24363516064
2020-03-10 10:59:00,134.186325804
2020-03-10 11:00:00,133.764356226
2020-03-10 11:01:00,133.764356226
2020-03-10 11:02:00,133.730009865
2020-03-10 11:03:00,133.936088031
2020-03-10 11:04:00,134.093099967
2020-03-10 11:05:00,134.058753606
2020-03-10 11:06:00,133.994967507
2020-03-10 11:07:00,134.333524494
2020-03-10 11:08:00,134.26492990446
2020-03-10 11:09:00,134.529789414
2020-03-10 11:10:00,134.765307318
2020-03-10 11:11:00,134.480723184
2020-03-10 11:12:00,134.402217216
2020-03-10 11:13:00,134.63773512
2020-03-10 11:14:00,134.4414702
2020-03-10 11:15:00,134.112726459
2020-03-10 11:16:00,134.093099967
2020-03-10 11:17:00,134.009687376
2020-03-10 11:18:00,133.940994654
2020-03-10 11:19:00,133.568091306
2020-03-10 11:20:00,133.401266124
2020-03-10 11:21:00,133.543558191
2020-03-10 11:22:00,133.420892616
2020-03-10 11:23:00,133.31294691
2020-03-10 11:24:00,133.229534319
2020-03-10 11:25:00,132.92041707
2020-03-10 11:26:00,132.567140214
2020-03-10 11:27:00,133.322760156
2020-03-10 11:28:00,133.420892616
2020-03-10 11:29:00,133.617157536
2020-03-10 11:30:00,132.567140214
2020-03-10 11:31:00,132.537700476
2020-03-10 11:32:00,132.851724348
2020-03-10 11:33:00,133.052895891
2020-03-10 11:34:00,132.704525658
2020-03-10 11:35:00,132.596579952
2020-03-10 11:36:00,132.729058773
2020-03-10 11:37:00,132.439568016
2020-03-10 11:38:00,132.439568016
2020-03-10 11:39:00,132.67508592
2020-03-10 11:40:00,132.812471364
2020-03-10 11:41:00,132.9694833
2020-03-10 11:42:00,132.890977332
2020-03-10 11:43:00,133.420892616
2020-03-10 11:44:00,133.484678715
2020-03-10 11:45:00,133.779076095
2020-03-10 11:46:00,133.990060884
2020-03-10 11:47:00,134.029313868
2020-03-10 11:48:00,134.078380098
2020-03-10 11:49:00,134.333524494
2020-03-10 11:50:00,134.156886066
2020-03-10 11:51:00,133.65641052
2020-03-10 11:52:00,133.82706286794
2020-03-10 11:53:00,133.676037012
2020-03-10 11:54:00,133.695663504
2020-03-10 11:55:00,133.70547675
2020-03-10 11:56:00,133.813422456
2020-03-10 11:57:00,133.533744945
2020-03-10 11:58:00,133.636784028
2020-03-10 11:59:00,133.774169472
2020-03-10 12:00:00,133.548464814
2020-03-10 12:01:00,134.323711248
2020-03-10 12:02:00,134.578855644
2020-03-10 12:03:00,134.922319254
2020-03-10 12:04:00,134.765307318
2020-03-10 12:05:00,134.583762267
2020-03-10 12:06:00,134.426750331
2020-03-10 12:07:00,134.804560302
2020-03-10 12:08:00,134.618108628
2020-03-10 12:09:00,134.510162922
2020-03-10 12:10:00,134.500349676
2020-03-10 12:11:00,134.780027187
2020-03-10 12:12:00,134.902692762
2020-03-10 12:13:00,135.182370273
2020-03-10 12:14:00,135.334475586
2020-03-10 12:15:00,135.491487522
2020-03-10 12:16:00,135.71719218
2020-03-10 12:17:00,135.722098803
2020-03-10 12:18:00,135.727005426
2020-03-10 12:19:00,135.52092726
2020-03-10 12:20:00,136.129348512
2020-03-10 12:21:00,136.168601496
2020-03-10 12:22:00,135.62897109846
2020-03-10 12:23:00,135.393355062
2020-03-10 12:24:00,135.52092726
2020-03-10 12:25:00,135.354102078
2020-03-10 12:26:00,134.82163535004
2020-03-10 12:27:00,134.657361612
2020-03-10 12:28:00,134.991011976
2020-03-10 12:29:00,134.775120564
2020-03-10 12:30:00,134.73586758
2020-03-10 12:31:00,134.338431117
2020-03-10 12:32:00,133.744729734
2020-03-10 12:33:00,133.50921183
2020-03-10 12:34:00,133.077429006
2020-03-10 12:35:00,133.11668199
2020-03-10 12:36:00,132.949856808
2020-03-10 12:37:00,133.087242252
2020-03-10 12:38:00,133.352199894
2020-03-10 12:39:00,133.469958846
2020-03-10 12:40:00,133.695663504
2020-03-10 12:41:00,133.381639632
2020-03-10 12:42:00,133.568091306
2020-03-10 12:43:00,133.88741433084
2020-03-10 12:44:00,133.99987413
2020-03-10 12:45:00,133.896835047
2020-03-10 12:46:00,134.156886066
2020-03-10 12:47:00,134.205952296
2020-03-10 12:48:00,134.107819836
2020-03-10 12:49:00,134.225578788
2020-03-10 12:50:00,134.19613905
2020-03-10 12:51:00,134.029313868
2020-03-10 12:52:00,134.353150986
2020-03-10 12:53:00,134.510162922
2020-03-10 12:54:00,134.515069545
2020-03-10 12:55:00,134.79464892354
2020-03-10 12:56:00,134.726054334
2020-03-10 12:57:00,134.68621255524
2020-03-10 12:58:00,134.4414702
2020-03-10 12:59:00,134.49053643
2020-03-10 13:00:00,134.402217216
2020-03-10 13:01:00,134.456190069
2020-03-10 13:02:00,134.431656954
2020-03-10 13:03:00,134.205952296
2020-03-10 13:04:00,134.205952296
2020-03-10 13:05:00,134.500349676
2020-03-10 13:06:00,134.461096692
2020-03-10 13:07:00,134.4414702
2020-03-10 13:08:00,134.941945746
2020-03-10 13:09:00,135.221623257
2020-03-10 13:10:00,135.246156372
2020-03-10 13:11:00,134.9321325
2020-03-10 13:12:00,135.089144436
2020-03-10 13:13:00,135.118584174
2020-03-10 13:14:00,135.216716634
2020-03-10 13:15:00,135.255969618
2020-03-10 13:16:00,135.172557027
2020-03-10 13:17:00,134.6058420705
2020-03-10 13:18:00,135.22652988
2020-03-10 13:19:00,135.447327915
2020-03-10 13:20:00,135.26146503576
2020-03-10 13:21:00,135.638686212
2020-03-10 13:22:00,135.4227948
2020-03-10 13:23:00,135.246156372
2020-03-10 13:24:00,135.550366998
2020-03-10 13:25:00,135.412981554
2020-03-10 13:26:00,134.966478861
2020-03-10 13:27:00,134.7137877765
2020-03-10 13:28:00,134.843813286
2020-03-10 13:29:00,134.60917857414
2020-03-10 13:30:00,134.667174858
2020-03-10 13:31:00,134.760400695
2020-03-10 13:32:00,134.510162922
2020-03-10 13:33:00,134.559229152
2020-03-10 13:34:00,134.627921874
2020-03-10 13:35:00,134.853626532
2020-03-10 13:36:00,134.971385484
2020-03-10 13:37:00,135.344288832
2020-03-10 13:38:00,135.133304043
2020-03-10 13:39:00,134.951758992
2020-03-10 13:40:00,134.4414702
2020-03-10 13:41:00,134.9321325
2020-03-10 13:42:00,134.726054334
2020-03-10 13:43:00,134.721147711
2020-03-10 13:44:00,135.113677551
2020-03-10 13:45:00,135.025358337
2020-03-10 13:46:00,134.912506008
2020-03-10 13:47:00,134.88306627
2020-03-10 13:48:00,134.730960957
2020-03-10 13:49:00,135.07933119
2020-03-10 13:50:00,135.049891452
2020-03-10 13:51:00,135.22652988
2020-03-10 13:52:00,135.236343126
2020-03-10 13:53:00,135.192183519
2020-03-10 13:54:00,134.765307318
2020-03-10 13:55:00,134.53960266
2020-03-10 13:56:00,134.804560302
2020-03-10 13:57:00,134.706427842
2020-03-10 13:58:00,135.236343126
2020-03-10 13:59:00,135.255969618
2020-03-10 14:00:00,135.22652988
2020-03-10 14:01:00,134.9247725655
2020-03-10 14:02:00,134.897786139
2020-03-10 14:03:00,134.73586758
2020-03-10 14:04:00,134.58866889
2020-03-10 14:05:00,134.402217216
2020-03-10 14:06:00,134.348244363
2020-03-10 14:07:00,134.765307318
2020-03-10 14:08:00,134.937039123
2020-03-10 14:09:00,134.745680826
2020-03-10 14:10:00,135.201996765
2020-03-10 14:11:00,135.329568963
2020-03-10 14:12:00,135.501300768
2020-03-10 14:13:00,135.4227948
2020-03-10 14:14:00,135.354102078
2020-03-10 14:15:00,135.584713359
2020-03-10 14:16:00,135.403168308
2020-03-10 14:17:00,135.4227948
2020-03-10 14:18:00,135.319755717
2020-03-10 14:19:00,135.285409356
2020-03-10 14:20:00,135.4227948
2020-03-10 14:21:00,135.530740506
2020-03-10 14:22:00,135.359008701
2020-03-10 14:23:00,135.427701423
2020-03-10 14:24:00,134.804560302
2020-03-10 14:25:00,134.485629807
2020-03-10 14:26:00,134.53960266
2020-03-10 14:27:00,134.362964232
2020-03-10 14:28:00,134.529789414
2020-03-10 14:29:00,134.696614596
2020-03-10 14:30:00,135.069517944
2020-03-10 14:31:00,135.15597264126
2020-03-10 14:32:00,135.113677551
2020-03-10 14:33:00,135.231436503
2020-03-10 14:34:00,135.334475586
2020-03-10 14:35:00,135.452234538
2020-03-10 14:36:00,135.61905972
2020-03-10 14:37:00,135.66753715524
2020-03-10 14:38:00,135.452234538
2020-03-10 14:39:00,135.354102078
2020-03-10 14:40:00,135.157837158
2020-03-10 14:41:00,135.19277231376
2020-03-10 14:42:00,135.746631918
2020-03-10 14:43:00,135.687752442
2020-03-10 14:44:00,135.71748657738
2020-03-10 14:45:00,135.560180244
2020-03-10 14:46:00,135.869297493
2020-03-10 14:47:00,136.075375659
2020-03-10 14:48:00,136.384492908
2020-03-10 14:49:00,136.25692071
2020-03-10 14:50:00,136.561131336
2020-03-10 14:51:00,136.06065579
2020-03-10 14:52:00,136.080282282
2020-03-10 14:53:00,136.148975004
2020-03-10 14:54:00,136.315800186
2020-03-10 14:55:00,136.526784975
2020-03-10 14:56:00,136.418839269
2020-03-10 14:57:00,136.099908774
2020-03-10 14:58:00,135.56999349
2020-03-10 14:59:00,135.893830608
2020-03-10 15:00:00,135.76625841
2020-03-10 15:01:00,136.090095528
2020-03-10 15:02:00,135.589619982
2020-03-10 15:03:00,135.785884902
2020-03-10 15:04:00,136.345239924
2020-03-10 15:05:00,136.624917435
2020-03-10 15:06:00,136.688703534
2020-03-10 15:07:00,136.71088146996
2020-03-10 15:08:00,136.6219734612
2020-03-10 15:09:00,136.639637304
2020-03-10 15:10:00,136.683796911
2020-03-10 15:11:00,136.983100914
2020-03-10 15:12:00,136.938941307
2020-03-10 15:13:00,136.826088978
2020-03-10 15:14:00,136.988007537
2020-03-10 15:15:00,137.09104662
2020-03-10 15:16:00,136.806462486
2020-03-10 15:17:00,137.071420128
2020-03-10 15:18:00,137.463949968
2020-03-10 15:19:00,138.028211613
2020-03-10 15:20:00,137.993865252
2020-03-10 15:21:00,137.812320201
2020-03-10 15:22:00,137.915359284
2020-03-10 15:23:00,138.356955354
2020-03-10 15:24:00,138.160690434
2020-03-10 15:25:00,137.915359284
2020-03-10 15:26:00,137.365817508
2020-03-10 15:27:00,136.914408192
2020-03-10 15:28:00,136.919314815
2020-03-10 15:29:00,137.316751278
2020-03-10 15:30:00,136.904594946
2020-03-10 15:31:00,136.826088978
2020-03-10 15:32:00,136.58115035784
2020-03-10 15:33:00,137.012540652
2020-03-10 15:34:00,137.8761063
2020-03-10 15:35:00,137.297124786
2020-03-10 15:36:00,137.459043345
2020-03-10 15:37:00,137.395257246
2020-03-10 15:38:00,137.566989051
2020-03-10 15:39:00,137.841759939
2020-03-10 15:40:00,138.347142108
2020-03-10 15:41:00,138.02330499
2020-03-10 15:42:00,138.190130172
2020-03-10 15:43:00,138.101810958
2020-03-10 15:44:00,137.797600332
2020-03-10 15:45:00,137.694561249
2020-03-10 15:46:00,138.150877188
2020-03-10 15:47:00,138.190130172
2020-03-10 15:48:00,137.861386431
2020-03-10 15:49:00,138.12143745
2020-03-10 15:50:00,138.327515616
2020-03-10 15:51:00,138.646446111
2020-03-10 15:52:00,138.572846766
2020-03-10 15:53:00,138.342235485
2020-03-10 15:54:00,138.141063942
2020-03-10 15:55:00,138.435461322
2020-03-10 15:56:00,138.356955354
2020-03-10 15:57:00,138.602286504
2020-03-10 15:58:00,138.46490106
2020-03-10 15:59:00,139.195987887
2020-03-10 16:00:00,138.474714306
2020-03-11 09:31:00,137.208805572
2020-03-11 09:32:00,137.606242035
2020-03-11 09:33:00,137.385444
2020-03-11 09:34:00,137.218618818
2020-03-11 09:35:00,137.380537377
2020-03-11 09:36:00,137.385444
2020-03-11 09:37:00,137.316751278
2020-03-11 09:38:00,137.944799022
2020-03-11 09:39:00,137.380537377
2020-03-11 09:40:00,137.395257246
2020-03-11 09:41:00,137.77797384
2020-03-11 09:42:00,137.414883738
2020-03-11 09:43:00,138.082184466
2020-03-11 09:44:00,137.915359284
2020-03-11 09:45:00,137.92517253
2020-03-11 09:46:00,137.846666562
2020-03-11 09:47:00,137.660214888
2020-03-11 09:48:00,137.601335412
2020-03-11 09:49:00,137.385444
2020-03-11 09:50:00,137.63077515
2020-03-11 09:51:00,137.552269182
2020-03-11 09:52:00,137.768160594
2020-03-11 09:53:00,137.998771875
2020-03-11 09:54:00,137.78955347028
2020-03-11 09:55:00,138.008585121
2020-03-11 09:56:00,138.013491744
2020-03-11 09:57:00,138.05343165522
2020-03-11 09:58:00,138.396208338
2020-03-11 09:59:00,138.66116598
2020-03-11 10:00:00,138.700418964
2020-03-11 10:01:00,138.558126897
2020-03-11 10:02:00,138.406021584
2020-03-11 10:03:00,138.386395092
2020-03-11 10:04:00,138.033118236
2020-03-11 10:05:00,138.249009648
2020-03-11 10:06:00,138.356955354
2020-03-11 10:07:00,138.239196402
2020-03-11 10:08:00,138.391301715
2020-03-11 10:09:00,138.739671948
2020-03-11 10:10:00,138.621912996
2020-03-11 10:11:00,138.504154044
2020-03-11 10:12:00,138.46843382856
2020-03-11 10:13:00,138.553220274
2020-03-11 10:14:00,138.823084539
2020-03-11 10:15:00,138.48227050542
2020-03-11 10:16:00,138.356955354
2020-03-11 10:17:00,138.484527552
2020-03-11 10:18:00,138.278449386
2020-03-11 10:19:00,138.396208338
2020-03-11 10:20:00,138.455087814
2020-03-11 10:21:00,138.288262632
2020-03-11 10:22:00,138.26863614
2020-03-11 10:23:00,138.41583483
2020-03-11 10:24:00,138.445274568
2020-03-11 10:25:00,138.435461322
2020-03-11 10:26:00,138.631726242
2020-03-11 10:27:00,138.7435972464
2020-03-11 10:28:00,138.75929844
2020-03-11 10:29:00,138.391301715
2020-03-11 10:30:00,138.504154044
2020-03-11 10:31:00,138.523780536
2020-03-11 10:32:00,138.61209975
2020-03-11 10:33:00,138.666072603
2020-03-11 10:34:00,138.720045456
2020-03-11 10:35:00,139.034069328
2020-03-11 10:36:00,138.935936868
2020-03-11 10:37:00,138.749485194
2020-03-11 10:38:00,138.926123622
2020-03-11 10:39:00,138.95556336
2020-03-11 10:40:00,138.867244146
2020-03-11 10:41:00,138.66116598
2020-03-11 10:42:00,138.916310376
2020-03-11 10:43:00,138.720045456
2020-03-11 10:44:00,138.798551424
2020-03-11 10:45:00,138.538500405
2020-03-11 10:46:00,138.651352734
2020-03-11 10:47:00,139.127295165
2020-03-11 10:48:00,138.729858702
2020-03-11 10:49:00,138.88323973698
2020-03-11 10:50:00,138.901590507
2020-03-11 10:51:00,138.54772485624
2020-03-11 10:52:00,138.5257431852
2020-03-11 10:53:00,138.651352734
2020-03-11 10:54:00,138.75929844
2020-03-11 10:55:00,138.690605718
2020-03-11 10:56:00,138.56303352
2020-03-11 10:57:00,138.474714306
2020-03-11 10:58:00,138.185223549
2020-03-11 10:59:00,138.111624204
2020-03-11 11:00:00,138.131250696
2020-03-11 11:01:00,138.25470133068
2020-03-11 11:02:00,138.445274568
2020-03-11 11:03:00,138.66116598
2020-03-11 11:04:00,138.587566635
2020-03-11 11:05:00,138.26863614
2020-03-11 11:06:00,138.209756664
2020-03-11 11:07:00,137.979145383
2020-03-11 11:08:00,137.773067217
2020-03-11 11:09:00,137.650401642
2020-03-11 11:10:00,137.82704007
2020-03-11 11:11:00,137.97423876
2020-03-11 11:12:00,137.77797384
2020-03-11 11:13:00,138.131250696
2020-03-11 11:14:00,138.17050368
2020-03-11 11:15:00,138.07237122
2020-03-11 11:16:00,137.920265907
2020-03-11 11:17:00,137.395257246
2020-03-11 11:18:00,137.459043345
2020-03-11 11:19:00,137.375630754
2020-03-11 11:20:00,136.924221438
2020-03-11 11:21:00,136.521878352
2020-03-11 11:22:00,136.168601496
2020-03-11 11:23:00,136.168601496
2020-03-11 11:24:00,136.198041234
2020-03-11 11:25:00,136.0596744654
2020-03-11 11:26:00,136.296173694
2020-03-11 11:27:00,136.085188905
2020-03-11 11:28:00,135.9419155134
2020-03-11 11:29:00,135.58785359772
2020-03-11 11:30:00,135.677939196
2020-03-11 11:31:00,135.874204116
2020-03-11 11:32:00,136.01158956
2020-03-11 11:33:00,136.198041234
2020-03-11 11:34:00,136.335426678
2020-03-11 11:35:00,136.512065106
2020-03-11 11:36:00,136.28861749458
2020-03-11 11:37:00,136.418839269
2020-03-11 11:38:00,136.492438614
2020-03-11 11:39:00,136.68703528218
2020-03-11 11:40:00,136.830995601
2020-03-11 11:41:00,136.826088978
2020-03-11 11:42:00,136.791742617
2020-03-11 11:43:00,136.605290943
2020-03-11 11:44:00,136.575851205
2020-03-11 11:45:00,136.423745892
2020-03-11 11:46:00,136.443372384
2020-03-11 11:47:00,136.369773039
2020-03-11 11:48:00,136.458092253
2020-03-11 11:49:00,136.575851205
2020-03-11 11:50:00,136.99291416
2020-03-11 11:51:00,137.09104662
2020-03-11 11:52:00,136.855528716
2020-03-11 11:53:00,136.850622093
2020-03-11 11:54:00,136.84571547
2020-03-11 11:55:00,136.99291416
2020-03-11 11:56:00,136.84571547
2020-03-11 11:57:00,136.953661176
2020-03-11 11:58:00,136.924221438
2020-03-11 11:59:00,137.0949719184
2020-03-11 12:00:00,137.184272457
2020-03-11 12:01:00,137.1582673551
2020-03-11 12:02:00,137.32352241774
2020-03-11 12:03:00,137.149926096
2020-03-11 12:04:00,137.365817508
2020-03-11 12:05:00,137.503202952
2020-03-11 12:06:00,137.503202952
2020-03-11 12:07:00,137.473763214
2020-03-11 12:08:00,137.53264269
2020-03-11 12:09:00,137.660214888
2020-03-11 12:10:00,137.66688789528
2020-03-11 12:11:00,137.640588396
2020-03-11 12:12:00,137.63205087198
2020-03-11 12:13:00,137.856479808
2020-03-11 12:14:00,137.856479808
2020-03-11 12:15:00,137.782880463
2020-03-11 12:16:00,137.67984138
2020-03-11 12:17:00,137.738720856
2020-03-11 12:18:00,137.905546038
2020-03-11 12:19:00,137.915359284
2020-03-11 12:20:00,138.013491744
2020-03-11 12:21:00,138.082184466
2020-03-11 12:22:00,138.013491744
2020-03-11 12:23:00,137.63077515
2020-03-11 12:24:00,137.768160594
2020-03-11 12:25:00,137.787787086
2020-03-11 12:26:00,137.53264269
2020-03-11 12:27:00,137.419790361
2020-03-11 12:28:00,137.09104662
2020-03-11 12:29:00,137.306938032
2020-03-11 12:30:00,137.164645965
2020-03-11 12:31:00,137.356004262
2020-03-11 12:32:00,137.3491349898
2020-03-11 12:33:00,137.267685048
2020-03-11 12:34:00,137.356004262
2020-03-11 12:35:00,137.120486358
2020-03-11 12:36:00,137.23824531
2020-03-11 12:37:00,137.33637777
2020-03-11 12:38:00,137.326564524
2020-03-11 12:39:00,137.110673112
2020-03-11 12:40:00,136.904594946
2020-03-11 12:41:00,136.963474422
2020-03-11 12:42:00,136.924221438
2020-03-11 12:43:00,137.032167144
2020-03-11 12:44:00,136.84414535064
2020-03-11 12:45:00,137.012540652
2020-03-11 12:46:00,137.248058556
2020-03-11 12:47:00,137.04198039
2020-03-11 12:48:00,137.100859866
2020-03-11 12:49:00,137.444323476
2020-03-11 12:50:00,137.365817508
2020-03-11 12:51:00,137.14011285
2020-03-11 12:52:00,137.503202952
2020-03-11 12:53:00,137.297124786
2020-03-11 12:54:00,137.10998618478
2020-03-11 12:55:00,136.8947817
2020-03-11 12:56:00,136.69851678
2020-03-11 12:57:00,136.74758301
2020-03-11 12:58:00,136.777022748
2020-03-11 12:59:00,137.017447275
2020-03-11 13:00:00,136.84571547
2020-03-11 13:01:00,136.482625368
2020-03-11 13:02:00,136.315800186
2020-03-11 13:03:00,136.168601496
2020-03-11 13:04:00,136.041029298
2020-03-11 13:05:00,136.01158956
2020-03-11 13:06:00,135.908550477
2020-03-11 13:07:00,135.874204116
2020-03-11 13:08:00,135.785884902
2020-03-11 13:09:00,135.71719218
2020-03-11 13:10:00,135.722098803
2020-03-11 13:11:00,135.736818672
2020-03-11 13:12:00,135.86439087
2020-03-11 13:13:00,135.756445164
2020-03-11 13:14:00,135.81532464
2020-03-11 13:15:00,135.530740506
2020-03-11 13:16:00,135.790791525
2020-03-11 13:17:00,135.677939196
2020-03-11 13:18:00,135.66812595
2020-03-11 13:19:00,135.628872966
2020-03-11 13:20:00,136.036122675
2020-03-11 13:21:00,136.178414742
2020-03-11 13:22:00,136.055749167
2020-03-11 13:23:00,135.942896838
2020-03-11 13:24:00,135.687752442
2020-03-11 13:25:00,135.609246474
2020-03-11 13:26:00,135.785884902
2020-03-11 13:27:00,136.276547202
2020-03-11 13:28:00,135.9134571
2020-03-11 13:29:00,136.335426678
2020-03-11 13:30:00,136.227480972
2020-03-11 13:31:00,136.237294218
2020-03-11 13:32:00,136.090095528
2020-03-11 13:33:00,135.952710084
2020-03-11 13:34:00,135.653406081
2020-03-11 13:35:00,135.579806736
2020-03-11 13:36:00,135.491487522
2020-03-11 13:37:00,135.442421292
2020-03-11 13:38:00,135.491487522
2020-03-11 13:39:00,135.25665654522
2020-03-11 13:40:00,135.354102078
2020-03-11 13:41:00,135.354102078
2020-03-11 13:42:00,135.255969618
2020-03-11 13:43:00,135.295222602
2020-03-11 13:44:00,135.363915324
2020-03-11 13:45:00,135.32466234
2020-03-11 13:46:00,135.363915324
2020-03-11 13:47:00,135.56999349
2020-03-11 13:48:00,135.61905972
2020-03-11 13:49:00,135.574900113
2020-03-11 13:50:00,135.638686212
2020-03-11 13:51:00,135.560180244
2020-03-11 13:52:00,135.344288832
2020-03-11 13:53:00,135.334475586
2020-03-11 13:54:00,135.4227948
2020-03-11 13:55:00,135.442421292
2020-03-11 13:56:00,135.628872966
2020-03-11 13:57:00,135.834951132
2020-03-11 13:58:00,136.021402806
2020-03-11 13:59:00,135.884017362
2020-03-11 14:00:00,135.825137886
2020-03-11 14:01:00,136.01158956
2020-03-11 14:02:00,136.06065579
2020-03-11 14:03:00,135.677939196
2020-03-11 14:04:00,135.525833883
2020-03-11 14:05:00,135.319755717
2020-03-11 14:06:00,135.476767653
2020-03-11 14:07:00,135.776071656
2020-03-11 14:08:00,135.417888177
2020-03-11 14:09:00,135.206903388
2020-03-11 14:10:00,135.143117289
2020-03-11 14:11:00,134.878159647
2020-03-11 14:12:00,135.314849094
2020-03-11 14:13:00,135.462047784
2020-03-11 14:14:00,135.66812595
2020-03-11 14:15:00,135.805511394
2020-03-11 14:16:00,136.129348512
2020-03-11 14:17:00,136.129348512
2020-03-11 14:18:00,136.031216052
2020-03-11 14:19:00,136.178414742
2020-03-11 14:20:00,136.30598694
2020-03-11 14:21:00,136.350146547
2020-03-11 14:22:00,136.350146547
2020-03-11 14:23:00,136.458092253
2020-03-11 14:24:00,136.315800186
2020-03-11 14:25:00,136.364866416
2020-03-11 14:26:00,136.345239924
2020-03-11 14:27:00,136.247107464
2020-03-11 14:28:00,136.512065106
2020-03-11 14:29:00,136.173508119
2020-03-11 14:30:00,136.041029298
2020-03-11 14:31:00,136.090095528
2020-03-11 14:32:00,136.276547202
2020-03-11 14:33:00,136.762302879
2020-03-11 14:34:00,136.60038432
2020-03-11 14:35:00,136.315800186
2020-03-11 14:36:00,136.30598694
2020-03-11 14:37:00,136.261827333
2020-03-11 14:38:00,136.153881627
2020-03-11 14:39:00,136.276547202
2020-03-11 14:40:00,136.516971729
2020-03-11 14:41:00,136.531691598
2020-03-11 14:42:00,136.482625368
2020-03-11 14:43:00,136.575851205
2020-03-11 14:44:00,136.433559138
2020-03-11 14:45:00,136.50225186
2020-03-11 14:46:00,136.669077042
2020-03-11 14:47:00,136.610197566
2020-03-11 14:48:00,136.512065106
2020-03-11 14:49:00,136.462998876
2020-03-11 14:50:00,136.15878825
2020-03-11 14:51:00,136.222574349
2020-03-11 14:52:00,136.462998876
2020-03-11 14:53:00,136.394306154
2020-03-11 14:54:00,135.942896838
2020-03-11 14:55:00,135.96252333
2020-03-11 14:56:00,136.001776314
2020-03-11 14:57:00,136.001776314
2020-03-11 14:58:00,136.252014087
2020-03-11 14:59:00,136.041029298
2020-03-11 15:00:00,135.942896838
2020-03-11 15:01:00,136.119535266
2020-03-11 15:02:00,136.335426678
2020-03-11 15:03:00,136.15878825
2020-03-11 15:04:00,135.888923985
2020-03-11 15:05:00,135.844764378
2020-03-11 15:06:00,135.452234538
2020-03-11 15:07:00,135.4227948
2020-03-11 15:08:00,135.457141161
2020-03-11 15:09:00,135.462047784
2020-03-11 15:10:00,135.344288832
2020-03-11 15:11:00,135.795698148
2020-03-11 15:12:00,135.52092726
2020-03-11 15:13:00,135.501300768
2020-03-11 15:14:00,135.290315979
2020-03-11 15:15:00,135.32466234
2020-03-11 15:16:00,135.540553752
2020-03-11 15:17:00,135.677939196
2020-03-11 15:18:00,135.810418017
2020-03-11 15:19:00,135.96252333
2020-03-11 15:20:00,135.977243199
2020-03-11 15:21:00,135.937990215
2020-03-11 15:22:00,135.677939196
2020-03-11 15:23:00,135.756445164
2020-03-11 15:24:00,135.52092726
2020-03-11 15:25:00,135.52092726
2020-03-11 15:26:00,135.653406081
2020-03-11 15:27:00,135.805511394
2020-03-11 15:28:00,135.923270346
2020-03-11 15:29:00,136.575851205
2020-03-11 15:30:00,136.55131809
2020-03-11 15:31:00,136.659263796
2020-03-11 15:32:00,137.076326751
2020-03-11 15:33:00,137.22558622266
2020-03-11 15:34:00,137.660214888
2020-03-11 15:35:00,137.616055281
2020-03-11 15:36:00,137.18917908
2020-03-11 15:37:00,137.135206227
2020-03-11 15:38:00,137.552269182
2020-03-11 15:39:00,137.64951844986
2020-03-11 15:40:00,137.792693709
2020-03-11 15:41:00,137.900639415
2020-03-11 15:42:00,138.096904335
2020-03-11 15:43:00,137.8761063
2020-03-11 15:44:00,137.601335412
2020-03-11 15:45:00,137.552269182
2020-03-11 15:46:00,137.571895674
2020-03-11 15:47:00,137.449230099
2020-03-11 15:48:00,137.562082428
2020-03-11 15:49:00,138.396208338
2020-03-11 15:50:00,137.797600332
2020-03-11 15:51:00,137.326564524
2020-03-11 15:52:00,137.105766489
2020-03-11 15:53:00,137.63077515
2020-03-11 15:54:00,138.440367945
2020-03-11 15:55:00,137.964425514
2020-03-11 15:56:00,137.8761063
2020-03-11 15:57:00,138.013491744
2020-03-11 15:58:00,138.052744728
2020-03-11 15:59:00,138.180316926
2020-03-11 16:00:00,137.405070492
2020-03-12 09:31:00,127.925474856
2020-03-12 09:32:00,128.30819145
2020-03-12 09:33:00,128.573149092
2020-03-12 09:34:00,129.765458481
2020-03-12 09:35:00,129.181570344
2020-03-12 09:36:00,129.166850475
2020-03-12 09:37:00,129.166850475
2020-03-12 09:38:00,129.166850475
2020-03-12 09:39:00,129.166850475
2020-03-12 09:40:00,129.166850475
2020-03-12 09:41:00,129.166850475
2020-03-12 09:42:00,129.166850475
2020-03-12 09:43:00,129.166850475
2020-03-12 09:44:00,129.166850475
2020-03-12 09:45:00,129.166850475
2020-03-12 09:46:00,129.166850475
2020-03-12 09:47:00,129.166850475
2020-03-12 09:48:00,129.166850475
2020-03-12 09:49:00,129.166850475
2020-03-12 09:50:00,129.166850475
2020-03-12 09:51:00,129.166850475
2020-03-12 09:52:00,129.166850475
2020-03-12 09:53:00,129.166850475
2020-03-12 09:54:00,125.36421765
2020-03-12 09:55:00,123.887324127
2020-03-12 09:56:00,126.208156806
2020-03-12 09:57:00,126.846017796
2020-03-12 09:58:00,130.143268452
2020-03-12 09:59:00,131.4974964
2020-03-12 10:00:00,131.585815614
2020-03-12 10:01:00,130.918514886
2020-03-12 10:02:00,131.15403279
2020-03-12 10:03:00,131.095153314
2020-03-12 10:04:00,130.844915541
2020-03-12 10:05:00,130.844915541
2020-03-12 10:06:00,130.95776787
2020-03-12 10:07:00,130.393506225
2020-03-12 10:08:00,129.868497564
2020-03-12 10:09:00,129.323862411
2020-03-12 10:10:00,128.200245744
2020-03-12 10:11:00,130.030416123
2020-03-12 10:12:00,130.3778050314
2020-03-12 10:13:00,131.615255352
2020-03-12 10:14:00,131.74282755
2020-03-12 10:15:00,131.168752659
2020-03-12 10:16:00,130.7036047986
2020-03-12 10:17:00,130.56523803
2020-03-12 10:18:00,129.613353168
2020-03-12 10:19:00,129.794898219
2020-03-12 10:20:00,130.089295599
2020-03-12 10:21:00,129.868497564
2020-03-12 10:22:00,130.054949238
2020-03-12 10:23:00,129.740925366
2020-03-12 10:24:00,129.947003532
2020-03-12 10:25:00,130.153081698
2020-03-12 10:26:00,130.015696254
2020-03-12 10:27:00,130.594677768
2020-03-12 10:28:00,130.143268452
2020-03-12 10:29:00,130.790942688
2020-03-12 10:30:00,131.046087084
2020-03-12 10:31:00,131.831146764
2020-03-12 10:32:00,132.096104406
2020-03-12 10:33:00,131.934185847
2020-03-12 10:34:00,132.0686273172
2020-03-12 10:35:00,131.870399748
2020-03-12 10:36:00,131.281604988
2020-03-12 10:37:00,130.682996982
2020-03-12 10:38:00,131.075526822
2020-03-12 10:39:00,130.835102295
2020-03-12 10:40:00,130.594677768
2020-03-12 10:41:00,130.506358554
2020-03-12 10:42:00,130.015696254
2020-03-12 10:43:00,130.12364196
2020-03-12 10:44:00,130.830195672
2020-03-12 10:45:00,130.947954624
2020-03-12 10:46:00,131.065713576
2020-03-12 10:47:00,130.805662557
2020-03-12 10:48:00,130.339533372
2020-03-12 10:49:00,129.544660446
2020-03-12 10:50:00,129.358208772
2020-03-12 10:51:00,129.279702804
2020-03-12 10:52:00,129.09325113
2020-03-12 10:53:00,129.211010082
2020-03-12 10:54:00,129.14231736
2020-03-12 10:55:00,129.377835264
2020-03-12 10:56:00,129.358208772
2020-03-12 10:57:00,129.662419398
2020-03-12 10:58:00,129.348395526
2020-03-12 10:59:00,129.475967724
2020-03-12 11:00:00,128.818480242
2020-03-12 11:01:00,128.322911319
2020-03-12 11:02:00,128.214965613
2020-03-12 11:03:00,127.925474856
2020-03-12 11:04:00,127.856782134
2020-03-12 11:05:00,128.327817942
2020-03-12 11:06:00,128.023607316
2020-03-12 11:07:00,127.994167578
2020-03-12 11:08:00,127.896035118
2020-03-12 11:09:00,127.925474856
2020-03-12 11:10:00,127.67033046
2020-03-12 11:11:00,127.591824492
2020-03-12 11:12:00,127.62126423
2020-03-12 11:13:00,127.547664885
2020-03-12 11:14:00,127.341586719
2020-03-12 11:15:00,127.169854914
2020-03-12 11:16:00,127.778276166
2020-03-12 11:17:00,127.483878786
2020-03-12 11:18:00,127.807715904
2020-03-12 11:19:00,127.582011246
2020-03-12 11:20:00,127.3980128835
2020-03-12 11:21:00,127.336680096
2020-03-12 11:22:00,127.258174128
2020-03-12 11:23:00,127.169854914
2020-03-12 11:24:00,127.037376093
2020-03-12 11:25:00,126.649752876
2020-03-12 11:26:00,127.17966816
2020-03-12 11:27:00,126.728258844
2020-03-12 11:28:00,126.796951566
2020-03-12 11:29:00,127.071722454
2020-03-12 11:30:00,127.248360882
2020-03-12 11:31:00,127.317053604
2020-03-12 11:32:00,127.356306588
2020-03-12 11:33:00,127.307240358
2020-03-12 11:34:00,127.03246947
2020-03-12 11:35:00,126.159090576
2020-03-12 11:36:00,126.463301202
2020-03-12 11:37:00,126.581060154
2020-03-12 11:38:00,126.68900586
2020-03-12 11:39:00,126.58704623406
2020-03-12 11:40:00,126.581060154
2020-03-12 11:41:00,126.384795234
2020-03-12 11:42:00,126.630126384
2020-03-12 11:43:00,126.78713832
2020-03-12 11:44:00,126.846017796
2020-03-12 11:45:00,127.061909208
2020-03-12 11:46:00,127.052095962
2020-03-12 11:47:00,126.924523764
2020-03-12 11:48:00,126.98340324
2020-03-12 11:49:00,126.826391304
2020-03-12 11:50:00,126.79920861258
2020-03-12 11:51:00,126.325915758
2020-03-12 11:52:00,125.845066704
2020-03-12 11:53:00,126.163997199
2020-03-12 11:54:00,126.271942905
2020-03-12 11:55:00,126.227783298
2020-03-12 11:56:00,126.522180678
2020-03-12 11:57:00,126.796951566
2020-03-12 11:58:00,127.184574783
2020-03-12 11:59:00,126.806764812
2020-03-12 12:00:00,126.95651494596
2020-03-12 12:01:00,126.826391304
2020-03-12 12:02:00,126.217970052
2020-03-12 12:03:00,126.242503167
2020-03-12 12:04:00,126.286662774
2020-03-12 12:05:00,126.031518378
2020-03-12 12:06:00,125.717494506
2020-03-12 12:07:00,125.688054768
2020-03-12 12:08:00,125.732214375
2020-03-12 12:09:00,125.80581372
2020-03-12 12:10:00,125.521229586
2020-03-12 12:11:00,125.393657388
2020-03-12 12:12:00,125.334777912
2020-03-12 12:13:00,125.08954489446
2020-03-12 12:14:00,125.197392468
2020-03-12 12:15:00,125.236645452
2020-03-12 12:16:00,125.128699746
2020-03-12 12:17:00,125.472163356
2020-03-12 12:18:00,126.939243633
2020-03-12 12:19:00,125.65861503
2020-03-12 12:20:00,125.70768126
2020-03-12 12:21:00,125.565389193
2020-03-12 12:22:00,126.409328349
2020-03-12 12:23:00,126.60323808996
2020-03-12 12:24:00,126.73807209
2020-03-12 12:25:00,126.620313138
2020-03-12 12:26:00,126.757698582
2020-03-12 12:27:00,126.482927694
2020-03-12 12:28:00,126.581060154
2020-03-12 12:29:00,126.698819106
2020-03-12 12:30:00,126.168903822
2020-03-12 12:31:00,125.491789848
2020-03-12 12:32:00,125.589922308
2020-03-12 12:33:00,125.4711820314
2020-03-12 12:34:00,125.177765976
2020-03-12 12:35:00,125.158139484
2020-03-12 12:36:00,125.050193778
2020-03-12 12:37:00,124.991314302
2020-03-12 12:38:00,125.481976602
2020-03-12 12:39:00,125.472163356
2020-03-12 12:40:00,125.51141634
2020-03-12 12:41:00,124.927528203
2020-03-12 12:42:00,124.667477184
2020-03-12 12:43:00,124.795049382
2020-03-12 12:44:00,124.97168781
2020-03-12 12:45:00,125.055100401
2020-03-12 12:46:00,125.46235011
2020-03-12 12:47:00,125.378937519
2020-03-12 12:48:00,125.182672599
2020-03-12 12:49:00,124.97168781
2020-03-12 12:50:00,124.927528203
2020-03-12 12:51:00,125.550669324
2020-03-12 12:52:00,125.619362046
2020-03-12 12:53:00,125.629175292
2020-03-12 12:54:00,126.93433701
2020-03-12 12:55:00,127.42578436968
2020-03-12 12:56:00,127.748836428
2020-03-12 12:57:00,127.994167578
2020-03-12 12:58:00,129.33858228
2020-03-12 12:59:00,131.026460592
2020-03-12 13:00:00,131.772267288
2020-03-12 13:01:00,131.242352004
2020-03-12 13:02:00,132.42975477
2020-03-12 13:03:00,132.459194508
2020-03-12 13:04:00,133.33473231612
2020-03-12 13:05:00,133.033269399
2020-03-12 13:06:00,133.676037012
2020-03-12 13:07:00,132.616206444
2020-03-12 13:08:00,131.909652732
2020-03-12 13:09:00,131.33076935046
2020-03-12 13:10:00,131.016647346
2020-03-12 13:11:00,130.525985046
2020-03-12 13:12:00,129.97644327
2020-03-12 13:13:00,129.299329296
2020-03-12 13:14:00,129.0608674182
2020-03-12 13:15:00,129.058904769
2020-03-12 13:16:00,129.544660446
2020-03-12 13:17:00,128.730161028
2020-03-12 13:18:00,128.661468306
2020-03-12 13:19:00,128.607495453
2020-03-12 13:20:00,128.975492178
2020-03-12 13:21:00,128.6217246597
2020-03-12 13:22:00,128.965678932
2020-03-12 13:23:00,129.318955788
2020-03-12 13:24:00,128.6953240047
2020-03-12 13:25:00,128.632028568
2020-03-12 13:26:00,128.20240465812
2020-03-12 13:27:00,128.298378204
2020-03-12 13:28:00,128.5535226
2020-03-12 13:29:00,129.0441849
2020-03-12 13:30:00,128.877359718
2020-03-12 13:31:00,129.839057826
2020-03-12 13:32:00,129.260076312
2020-03-12 13:33:00,129.09325113
2020-03-12 13:34:00,128.74978752
2020-03-12 13:35:00,128.30819145
2020-03-12 13:36:00,128.40632391
2020-03-12 13:37:00,127.689956952
2020-03-12 13:38:00,127.160041668
2020-03-12 13:39:00,127.454439048
2020-03-12 13:40:00,125.982452148
2020-03-12 13:41:00,126.129650838
2020-03-12 13:42:00,126.325915758
2020-03-12 13:43:00,126.2807748264
2020-03-12 13:44:00,126.610499892
2020-03-12 13:45:00,126.217970052
2020-03-12 13:46:00,126.502554186
2020-03-12 13:47:00,126.68900586
2020-03-12 13:48:00,126.973589994
2020-03-12 13:49:00,128.0270419521
2020-03-12 13:50:00,127.64511041778
2020-03-12 13:51:00,127.32686685
2020-03-12 13:52:00,127.552571508
2020-03-12 13:53:00,127.856782134
2020-03-12 13:54:00,127.248360882
2020-03-12 13:55:00,127.13060193
2020-03-12 13:56:00,127.13060193
2020-03-12 13:57:00,126.944150256
2020-03-12 13:58:00,127.27780062
2020-03-12 13:59:00,127.493692032
2020-03-12 14:00:00,127.572198
2020-03-12 14:01:00,127.150228422
2020-03-12 14:02:00,126.306289266
2020-03-12 14:03:00,126.747885336
2020-03-12 14:04:00,126.801858189
2020-03-12 14:05:00,127.03246947
2020-03-12 14:06:00,127.42499931
2020-03-12 14:07:00,126.93433701
2020-03-12 14:08:00,126.605593269
2020-03-12 14:09:00,126.708632352
2020-03-12 14:10:00,126.433861464
2020-03-12 14:11:00,126.453487956
2020-03-12 14:12:00,126.669379368
2020-03-12 14:13:00,126.075677985
2020-03-12 14:14:00,125.992265394
2020-03-12 14:15:00,126.21826444938
2020-03-12 14:16:00,126.217970052
2020-03-12 14:17:00,126.311195889
2020-03-12 14:18:00,126.433861464
2020-03-12 14:19:00,126.00207864
2020-03-12 14:20:00,126.610499892
2020-03-12 14:21:00,126.267036282
2020-03-12 14:22:00,126.29647602
2020-03-12 14:23:00,125.70768126
2020-03-12 14:24:00,125.21289739668
2020-03-12 14:25:00,125.545762701
2020-03-12 14:26:00,125.589922308
2020-03-12 14:27:00,126.124744215
2020-03-12 14:28:00,126.0491822208
2020-03-12 14:29:00,126.321009135
2020-03-12 14:30:00,126.13877715678
2020-03-12 14:31:00,125.928479295
2020-03-12 14:32:00,125.73986870688
2020-03-12 14:33:00,125.491789848
2020-03-12 14:34:00,125.94310103154
2020-03-12 14:35:00,125.398564011
2020-03-12 14:36:00,125.398564011
2020-03-12 14:37:00,125.158139484
2020-03-12 14:38:00,125.442723618
2020-03-12 14:39:00,125.22693033846
2020-03-12 14:40:00,125.1188865
2020-03-12 14:41:00,125.06982027
2020-03-12 14:42:00,125.030567286
2020-03-12 14:43:00,124.97168781
2020-03-12 14:44:00,125.16795273
2020-03-12 14:45:00,125.040380532
2020-03-12 14:46:00,125.432910372
2020-03-12 14:47:00,125.212112337
2020-03-12 14:48:00,125.324964666
2020-03-12 14:49:00,126.227783298
2020-03-12 14:50:00,126.482927694
2020-03-12 14:51:00,126.953963502
2020-03-12 14:52:00,126.473114448
2020-03-12 14:53:00,126.237596544
2020-03-12 14:54:00,125.972638902
2020-03-12 14:55:00,125.874506442
2020-03-12 14:56:00,126.006985263
2020-03-12 14:57:00,125.5231922352
2020-03-12 14:58:00,125.344591158
2020-03-12 14:59:00,124.785236136
2020-03-12 15:00:00,124.711636791
2020-03-12 15:01:00,124.961874564
2020-03-12 15:02:00,124.85971867314
2020-03-12 15:03:00,124.667477184
2020-03-12 15:04:00,124.68720180846
2020-03-12 15:05:00,124.692010299
2020-03-12 15:06:00,124.19653950846
2020-03-12 15:07:00,124.38289305
2020-03-12 15:08:00,124.28476059
2020-03-12 15:09:00,124.834302366
2020-03-12 15:10:00,125.653708407
2020-03-12 15:11:00,126.531993924
2020-03-12 15:12:00,126.875457534
2020-03-12 15:13:00,127.03246947
2020-03-12 15:14:00,127.1492470974
2020-03-12 15:15:00,127.150228422
2020-03-12 15:16:00,126.850924419
2020-03-12 15:17:00,126.24740979
2020-03-12 15:18:00,125.717494506
2020-03-12 15:19:00,125.913759426
2020-03-12 15:20:00,125.75674749
2020-03-12 15:21:00,125.442723618
2020-03-12 15:22:00,125.432910372
2020-03-12 15:23:00,125.987358771
2020-03-12 15:24:00,125.580109062
2020-03-12 15:25:00,125.5575385962
2020-03-12 15:26:00,125.982452148
2020-03-12 15:27:00,125.835253458
2020-03-12 15:28:00,125.90394618
2020-03-12 15:29:00,125.692961391
2020-03-12 15:30:00,125.692961391
2020-03-12 15:31:00,125.835253458
2020-03-12 15:32:00,125.648801784
2020-03-12 15:33:00,126.325915758
2020-03-12 15:34:00,126.188530314
2020-03-12 15:35:00,125.359311027
2020-03-12 15:36:00,125.776373982
2020-03-12 15:37:00,126.070771362
2020-03-12 15:38:00,126.453487956
2020-03-12 15:39:00,126.5908734
2020-03-12 15:40:00,127.007936355
2020-03-12 15:41:00,127.120788684
2020-03-12 15:42:00,127.390652949
2020-03-12 15:43:00,126.669379368
2020-03-12 15:44:00,126.806764812
2020-03-12 15:45:00,126.478021071
2020-03-12 15:46:00,126.237596544
2020-03-12 15:47:00,125.717494506
2020-03-12 15:48:00,125.938292541
2020-03-12 15:49:00,126.316102512
2020-03-12 15:50:00,126.44367471
2020-03-12 15:51:00,126.846017796
2020-03-12 15:52:00,127.27780062
2020-03-12 15:53:00,126.39460848
2020-03-12 15:54:00,126.404421726
2020-03-12 15:55:00,126.16900195446
2020-03-12 15:56:00,125.894132934
2020-03-12 15:57:00,123.803911536
2020-03-12 15:58:00,125.02291295412
2020-03-12 15:59:00,124.157188392
2020-03-12 16:00:00,123.666526092
2020-03-13 09:31:00,130.388599602
2020-03-13 09:32:00,130.633930752
2020-03-13 09:33:00,131.468056662
2020-03-13 09:34:00,129.986256516
2020-03-13 09:35:00,129.456341232
2020-03-13 09:36:00,129.824337957
2020-03-13 09:37:00,129.92737704
2020-03-13 09:38:00,130.24454115072
2020-03-13 09:39:00,130.31990688
2020-03-13 09:40:00,129.814524711
2020-03-13 09:41:00,129.000025293
2020-03-13 09:42:00,128.51211070188
2020-03-13 09:43:00,128.60258883
2020-03-13 09:44:00,129.053998146
2020-03-13 09:45:00,129.260076312
2020-03-13 09:46:00,129.132504114
2020-03-13 09:47:00,129.245356443
2020-03-13 09:48:00,129.230636574
2020-03-13 09:49:00,129.431808117
2020-03-13 09:50:00,129.43671474
2020-03-13 09:51:00,128.88727109646
2020-03-13 09:52:00,128.808666996
2020-03-13 09:53:00,128.70072129
2020-03-13 09:54:00,128.43762816474
2020-03-13 09:55:00,128.21005899
2020-03-13 09:56:00,128.79905001492
2020-03-13 09:57:00,128.676188175
2020-03-13 09:58:00,129.034371654
2020-03-13 09:59:00,129.613353168
2020-03-13 10:00:00,129.917563794
2020-03-13 10:01:00,129.053998146
2020-03-13 10:02:00,130.118735337
2020-03-13 10:03:00,129.750738612
2020-03-13 10:04:00,129.87831081
2020-03-13 10:05:00,130.280653896
2020-03-13 10:06:00,130.261027404
2020-03-13 10:07:00,129.809618088
2020-03-13 10:08:00,129.466154478
2020-03-13 10:09:00,129.77360347518
2020-03-13 10:10:00,129.691859136
2020-03-13 10:11:00,129.691859136
2020-03-13 10:12:00,130.0255095
2020-03-13 10:13:00,129.843964449
2020-03-13 10:14:00,129.642792906
2020-03-13 10:15:00,129.426901494
2020-03-13 10:16:00,129.804711465
2020-03-13 10:17:00,129.87831081
2020-03-13 10:18:00,130.177614813
2020-03-13 10:19:00,130.840008918
2020-03-13 10:20:00,131.340484464
2020-03-13 10:21:00,131.144219544
2020-03-13 10:22:00,131.556375876
2020-03-13 10:23:00,131.48140267656
2020-03-13 10:24:00,131.909652732
2020-03-13 10:25:00,131.580908991
2020-03-13 10:26:00,131.26207662846
2020-03-13 10:27:00,131.762454042
2020-03-13 10:28:00,131.762454042
2020-03-13 10:29:00,131.129499675
2020-03-13 10:30:00,131.35029771
2020-03-13 10:31:00,131.0068341
2020-03-13 10:32:00,130.71243672
2020-03-13 10:33:00,130.6677864507
2020-03-13 10:34:00,130.76150295
2020-03-13 10:35:00,130.162894944
2020-03-13 10:36:00,129.799804842
2020-03-13 10:37:00,129.711485628
2020-03-13 10:38:00,129.78017835
2020-03-13 10:39:00,129.441621363
2020-03-13 10:40:00,129.652606152
2020-03-13 10:41:00,129.691859136
2020-03-13 10:42:00,130.07457573
2020-03-13 10:43:00,129.564286938
2020-03-13 10:44:00,130.015696254
2020-03-13 10:45:00,129.956816778
2020-03-13 10:46:00,129.966630024
2020-03-13 10:47:00,129.750738612
2020-03-13 10:48:00,129.73111212
2020-03-13 10:49:00,129.760551858
2020-03-13 10:50:00,129.770365104
2020-03-13 10:51:00,129.82924458
2020-03-13 10:52:00,129.368022018
2020-03-13 10:53:00,129.721298874
2020-03-13 10:54:00,129.67635420732
2020-03-13 10:55:00,129.3851951985
2020-03-13 10:56:00,129.25036119846
2020-03-13 10:57:00,129.0441849
2020-03-13 10:58:00,128.59091106726
2020-03-13 10:59:00,128.077580169
2020-03-13 11:00:00,128.092300038
2020-03-13 11:01:00,127.57229613246
2020-03-13 11:02:00,128.219872236
2020-03-13 11:03:00,128.425950402
2020-03-13 11:04:00,128.84791998
2020-03-13 11:05:00,128.985305424
2020-03-13 11:06:00,128.74978752
2020-03-13 11:07:00,129.201196836
2020-03-13 11:08:00,129.230636574
2020-03-13 11:09:00,129.19138359
2020-03-13 11:10:00,128.916612702
2020-03-13 11:11:00,128.121739776
2020-03-13 11:12:00,128.1678620322
2020-03-13 11:13:00,128.327817942
2020-03-13 11:14:00,128.612402076
2020-03-13 11:15:00,129.088344507
2020-03-13 11:16:00,129.407275002
2020-03-13 11:17:00,129.505407462
2020-03-13 11:18:00,129.348395526
2020-03-13 11:19:00,129.083437884
2020-03-13 11:20:00,129.161943852
2020-03-13 11:21:00,129.63297966
2020-03-13 11:22:00,129.294422673
2020-03-13 11:23:00,129.211010082
2020-03-13 11:24:00,129.112877622
2020-03-13 11:25:00,128.818480242
2020-03-13 11:26:00,129.004931916
2020-03-13 11:27:00,128.916612702
2020-03-13 11:28:00,128.636935191
2020-03-13 11:29:00,128.40632391
2020-03-13 11:30:00,127.797902658
2020-03-13 11:31:00,128.003980824
2020-03-13 11:32:00,127.572198
2020-03-13 11:33:00,126.94228573926
2020-03-13 11:34:00,126.404421726
2020-03-13 11:35:00,126.360262119
2020-03-13 11:36:00,126.82609690662
2020-03-13 11:37:00,127.057002585
2020-03-13 11:38:00,126.93433701
2020-03-13 11:39:00,126.374981988
2020-03-13 11:40:00,126.718445598
2020-03-13 11:41:00,127.0638718572
2020-03-13 11:42:00,126.82805955582
2020-03-13 11:43:00,126.73807209
2020-03-13 11:44:00,126.536900547
2020-03-13 11:45:00,126.28676090646
2020-03-13 11:46:00,126.615406515
2020-03-13 11:47:00,126.37508012046
2020-03-13 11:48:00,126.5908734
2020-03-13 11:49:00,126.551620416
2020-03-13 11:50:00,126.600686646
2020-03-13 11:51:00,126.659566122
2020-03-13 11:52:00,127.13060193
2020-03-13 11:53:00,127.120788684
2020-03-13 11:54:00,126.993216486
2020-03-13 11:55:00,127.076629077
2020-03-13 11:56:00,127.120788684
2020-03-13 11:57:00,127.449532425
2020-03-13 11:58:00,127.98935908746
2020-03-13 11:59:00,127.542758262
2020-03-13 12:00:00,127.464252294
2020-03-13 12:01:00,127.46984584422
2020-03-13 12:02:00,127.169854914
2020-03-13 12:03:00,127.047189339
2020-03-13 12:04:00,126.72806257908
2020-03-13 12:05:00,127.150228422
2020-03-13 12:06:00,127.199294652
2020-03-13 12:07:00,127.135508553
2020-03-13 12:08:00,127.366119834
2020-03-13 12:09:00,127.596731115
2020-03-13 12:10:00,128.16099276
2020-03-13 12:11:00,128.543709354
2020-03-13 12:12:00,128.661468306
2020-03-13 12:13:00,128.38404784158
2020-03-13 12:14:00,128.30819145
2020-03-13 12:15:00,128.882266341
2020-03-13 12:16:00,128.676188175
2020-03-13 12:17:00,129.058904769
2020-03-13 12:18:00,129.004931916
2020-03-13 12:19:00,129.068718015
2020-03-13 12:20:00,129.014745162
2020-03-13 12:21:00,129.220823328
2020-03-13 12:22:00,129.201196836
2020-03-13 12:23:00,128.843013357
2020-03-13 12:24:00,128.739974274
2020-03-13 12:25:00,128.475016632
2020-03-13 12:26:00,128.376884172
2020-03-13 12:27:00,128.072673546
2020-03-13 12:28:00,128.072673546
2020-03-13 12:29:00,128.033420562
2020-03-13 12:30:00,127.792996035
2020-03-13 12:31:00,127.954914594
2020-03-13 12:32:00,128.612402076
2020-03-13 12:33:00,129.657512775
2020-03-13 12:34:00,130.359159864
2020-03-13 12:35:00,129.407275002
2020-03-13 12:36:00,129.053998146
2020-03-13 12:37:00,128.789040504
2020-03-13 12:38:00,128.818480242
2020-03-13 12:39:00,129.09246607032
2020-03-13 12:40:00,129.38195682732
2020-03-13 12:41:00,130.177614813
2020-03-13 12:42:00,130.354253241
2020-03-13 12:43:00,130.61430426
2020-03-13 12:44:00,130.58702343612
2020-03-13 12:45:00,131.487683154
2020-03-13 12:46:00,131.114779806
2020-03-13 12:47:00,130.962674493
2020-03-13 12:48:00,131.409177186
2020-03-13 12:49:00,130.898888394
2020-03-13 12:50:00,131.418990432
2020-03-13 12:51:00,131.934185847
2020-03-13 12:52:00,131.801707026
2020-03-13 12:53:00,131.91858278586
2020-03-13 12:54:00,131.723201058
2020-03-13 12:55:00,131.438616924
2020-03-13 12:56:00,131.340484464
2020-03-13 12:57:00,131.320857972
2020-03-13 12:58:00,131.212912266
2020-03-13 12:59:00,131.29495100256
2020-03-13 13:00:00,130.849822164
2020-03-13 13:01:00,131.311044726
2020-03-13 13:02:00,131.576002368
2020-03-13 13:03:00,131.84096001
2020-03-13 13:04:00,131.001927477
2020-03-13 13:05:00,130.952861247
2020-03-13 13:06:00,130.579957899
2020-03-13 13:07:00,130.95109486272
2020-03-13 13:08:00,131.212912266
2020-03-13 13:09:00,131.772267288
2020-03-13 13:10:00,131.389550694
2020-03-13 13:11:00,131.335577841
2020-03-13 13:12:00,131.536749384
2020-03-13 13:13:00,132.272742834
2020-03-13 13:14:00,132.23348985
2020-03-13 13:15:00,132.454287885
2020-03-13 13:16:00,132.537700476
2020-03-13 13:17:00,132.272742834
2020-03-13 13:18:00,132.522980607
2020-03-13 13:19:00,132.002878569
2020-03-13 13:20:00,132.267836211
2020-03-13 13:21:00,132.572046837
2020-03-13 13:22:00,132.778125003
2020-03-13 13:23:00,132.410128278
2020-03-13 13:24:00,132.67135688652
2020-03-13 13:25:00,132.998923038
2020-03-13 13:26:00,133.720196619
2020-03-13 13:27:00,133.764356226
2020-03-13 13:28:00,133.862488686
2020-03-13 13:29:00,133.80360921
2020-03-13 13:30:00,134.19613905
2020-03-13 13:31:00,134.529789414
2020-03-13 13:32:00,134.755494072
2020-03-13 13:33:00,134.274645018
2020-03-13 13:34:00,133.921368162
2020-03-13 13:35:00,133.514118453
2020-03-13 13:36:00,133.097055498
2020-03-13 13:37:00,132.930230316
2020-03-13 13:38:00,132.827191233
2020-03-13 13:39:00,132.910603824
2020-03-13 13:40:00,133.24778695656
2020-03-13 13:41:00,133.25377303662
2020-03-13 13:42:00,133.401266124
2020-03-13 13:43:00,132.361062048
2020-03-13 13:44:00,132.498447492
2020-03-13 13:45:00,132.62601969
2020-03-13 13:46:00,132.792844872
2020-03-13 13:47:00,132.949856808
2020-03-13 13:48:00,133.234440942
2020-03-13 13:49:00,133.303133664
2020-03-13 13:50:00,133.224627696
2020-03-13 13:51:00,133.695663504
2020-03-13 13:52:00,133.622064159
2020-03-13 13:53:00,133.690756881
2020-03-13 13:54:00,133.666223766
2020-03-13 13:55:00,133.548464814
2020-03-13 13:56:00,133.283507172
2020-03-13 13:57:00,132.9694833
2020-03-13 13:58:00,133.283507172
2020-03-13 13:59:00,133.16574822
2020-03-13 14:00:00,133.185374712
2020-03-13 14:01:00,132.606393198
2020-03-13 14:02:00,132.16342327356
2020-03-13 14:03:00,132.262929588
2020-03-13 14:04:00,132.7707650685
2020-03-13 14:05:00,132.272742834
2020-03-13 14:06:00,132.6564407526
2020-03-13 14:07:00,132.699619035
2020-03-13 14:08:00,132.886070709
2020-03-13 14:09:00,132.469007754
2020-03-13 14:10:00,132.606393198
2020-03-13 14:11:00,133.008736284
2020-03-13 14:12:00,133.185374712
2020-03-13 14:13:00,133.273693926
2020-03-13 14:14:00,133.219721073
2020-03-13 14:15:00,133.234440942
2020-03-13 14:16:00,132.989109792
2020-03-13 14:17:00,133.111775367
2020-03-13 14:18:00,133.283507172
2020-03-13 14:19:00,133.298227041
2020-03-13 14:20:00,133.244254188
2020-03-13 14:21:00,133.680943635
2020-03-13 14:22:00,133.26388068
2020-03-13 14:23:00,132.949856808
2020-03-13 14:24:00,133.008736284
2020-03-13 14:25:00,133.21481445
2020-03-13 14:26:00,132.753591888
2020-03-13 14:27:00,132.876257463
2020-03-13 14:28:00,131.958718962
2020-03-13 14:29:00,132.061758045
2020-03-13 14:30:00,131.561282499
2020-03-13 14:31:00,131.163846036
2020-03-13 14:32:00,130.5161718
2020-03-13 14:33:00,130.579957899
2020-03-13 14:34:00,131.183472528
2020-03-13 14:35:00,131.649601713
2020-03-13 14:36:00,131.53409980758
2020-03-13 14:37:00,131.095153314
2020-03-13 14:38:00,131.15403279
2020-03-13 14:39:00,130.987207608
2020-03-13 14:40:00,131.060806953
2020-03-13 14:41:00,131.050993707
2020-03-13 14:42:00,131.487683154
2020-03-13 14:43:00,131.904746109
2020-03-13 14:44:00,132.542607099
2020-03-13 14:45:00,133.136308482
2020-03-13 14:46:00,132.72415215
2020-03-13 14:47:00,133.008736284
2020-03-13 14:48:00,132.77321838
2020-03-13 14:49:00,132.096104406
2020-03-13 14:50:00,132.18442362
2020-03-13 14:51:00,132.307089195
2020-03-13 14:52:00,132.684899166
2020-03-13 14:53:00,132.704525658
2020-03-13 14:54:00,132.621113067
2020-03-13 14:55:00,132.719245527
2020-03-13 14:56:00,132.738872019
2020-03-13 14:57:00,132.905697201
2020-03-13 14:58:00,132.832097856
2020-03-13 14:59:00,133.097055498
2020-03-13 15:00:00,133.293320418
2020-03-13 15:01:00,133.73913618378
2020-03-13 15:02:00,134.461096692
2020-03-13 15:03:00,134.039127114
2020-03-13 15:04:00,134.323711248
2020-03-13 15:05:00,134.4414702
2020-03-13 15:06:00,134.824186794
2020-03-13 15:07:00,134.137259574
2020-03-13 15:08:00,133.985154261
2020-03-13 15:09:00,133.60734429
2020-03-13 15:10:00,133.61627434386
2020-03-13 15:11:00,132.954763431
2020-03-13 15:12:00,132.478821
2020-03-13 15:13:00,132.92041707
2020-03-13 15:14:00,131.894932863
2020-03-13 15:15:00,132.930230316
2020-03-13 15:16:00,132.890977332
2020-03-13 15:17:00,133.038176022
2020-03-13 15:18:00,132.900790578
2020-03-13 15:19:00,133.047989268
2020-03-13 15:20:00,132.42975477
2020-03-13 15:21:00,132.812471364
2020-03-13 15:22:00,132.557326968
2020-03-13 15:23:00,132.763405134
2020-03-13 15:24:00,133.092148875
2020-03-13 15:25:00,132.900790578
2020-03-13 15:26:00,133.038176022
2020-03-13 15:27:00,132.665272674
2020-03-13 15:28:00,132.832097856
2020-03-13 15:29:00,132.812471364
2020-03-13 15:30:00,133.106868744
2020-03-13 15:31:00,132.900790578
2020-03-13 15:32:00,132.13535739
2020-03-13 15:33:00,132.218769981
2020-03-13 15:34:00,130.560331407
2020-03-13 15:35:00,130.202147928
2020-03-13 15:36:00,132.154983882
2020-03-13 15:37:00,131.5210481904
2020-03-13 15:38:00,130.85963541
2020-03-13 15:39:00,132.272742834
2020-03-13 15:40:00,132.292369326
2020-03-13 15:41:00,131.929279224
2020-03-13 15:42:00,132.57695346
2020-03-13 15:43:00,133.327666779
2020-03-13 15:44:00,132.940043562
2020-03-13 15:45:00,132.488634246
2020-03-13 15:46:00,133.499398584
2020-03-13 15:47:00,134.107819836
2020-03-13 15:48:00,135.314849094
2020-03-13 15:49:00,134.328617871
2020-03-13 15:50:00,134.5371493485
2020-03-13 15:51:00,135.010638468
2020-03-13 15:52:00,135.22652988
2020-03-13 15:53:00,134.362964232
2020-03-13 15:54:00,134.991011976
2020-03-13 15:55:00,135.07933119
2020-03-13 15:56:00,133.685850258
2020-03-13 15:57:00,134.205952296
2020-03-13 15:58:00,136.01158956
2020-03-13 15:59:00,134.014593999
2020-03-13 16:00:00,136.767209502
2020-03-16 09:31:00,128.249311974
2020-03-16 09:32:00,128.249311974
2020-03-16 09:33:00,128.249311974
2020-03-16 09:34:00,128.249311974
2020-03-16 09:35:00,128.249311974
2020-03-16 09:36:00,128.249311974
2020-03-16 09:37:00,128.249311974
2020-03-16 09:38:00,128.249311974
2020-03-16 09:39:00,128.249311974
2020-03-16 09:40:00,128.249311974
2020-03-16 09:41:00,128.249311974
2020-03-16 09:42:00,128.249311974
2020-03-16 09:43:00,128.249311974
2020-03-16 09:44:00,128.249311974
2020-03-16 09:45:00,128.249311974
2020-03-16 09:46:00,128.249311974
2020-03-16 09:47:00,126.222876675
2020-03-16 09:48:00,126.669379368
2020-03-16 09:49:00,126.379888611
2020-03-16 09:50:00,127.03246947
2020-03-16 09:51:00,127.449532425
2020-03-16 09:52:00,127.164948291
2020-03-16 09:53:00,127.35797483982
2020-03-16 09:54:00,127.27780062
2020-03-16 09:55:00,128.676188175
2020-03-16 09:56:00,129.87831081
2020-03-16 09:57:00,129.608446545
2020-03-16 09:58:00,128.25912522
2020-03-16 09:59:00,128.219872236
2020-03-16 10:00:00,126.110024346
2020-03-16 10:01:00,126.340635627
2020-03-16 10:02:00,126.44367471
2020-03-16 10:03:00,126.49274094
2020-03-16 10:04:00,126.433861464
2020-03-16 10:05:00,126.63993963
2020-03-16 10:06:00,127.562384754
2020-03-16 10:07:00,127.258174128
2020-03-16 10:08:00,127.410279441
2020-03-16 10:09:00,127.827342396
2020-03-16 10:10:00,127.71939669
2020-03-16 10:11:00,127.631077476
2020-03-16 10:12:00,128.347444434
2020-03-16 10:13:00,127.856782134
2020-03-16 10:14:00,128.033420562
2020-03-16 10:15:00,128.298378204
2020-03-16 10:16:00,127.6173389316
2020-03-16 10:17:00,126.610499892
2020-03-16 10:18:00,126.914710518
2020-03-16 10:19:00,126.630126384
2020-03-16 10:20:00,126.502554186
2020-03-16 10:21:00,126.924523764
2020-03-16 10:22:00,127.336680096
2020-03-16 10:23:00,128.10878629128
2020-03-16 10:24:00,128.268938466
2020-03-16 10:25:00,128.936239194
2020-03-16 10:26:00,129.38764851
2020-03-16 10:27:00,129.652606152
2020-03-16 10:28:00,129.819431334
2020-03-16 10:29:00,130.104015468
2020-03-16 10:30:00,129.6741952932
2020-03-16 10:31:00,129.230636574
2020-03-16 10:32:00,130.143268452
2020-03-16 10:33:00,130.16809596438
2020-03-16 10:34:00,130.653557244
2020-03-16 10:35:00,131.075526822
2020-03-16 10:36:00,131.286511611
2020-03-16 10:37:00,130.90870164
2020-03-16 10:38:00,131.222725512
2020-03-16 10:39:00,131.850773256
2020-03-16 10:40:00,132.83739700884
2020-03-16 10:41:00,131.968532208
2020-03-16 10:42:00,132.910603824
2020-03-16 10:43:00,132.910603824
2020-03-16 10:44:00,133.371826386
2020-03-16 10:45:00,134.353150986
2020-03-16 10:46:00,134.824186794
2020-03-16 10:47:00,135.643592835
2020-03-16 10:48:00,135.66812595
2020-03-16 10:49:00,134.755494072
2020-03-16 10:50:00,135.040078206
2020-03-16 10:51:00,135.9134571
2020-03-16 10:52:00,134.4414702
2020-03-16 10:53:00,134.902692762
2020-03-16 10:54:00,135.098957682
2020-03-16 10:55:00,135.255969618
2020-03-16 10:56:00,135.07933119
2020-03-16 10:57:00,133.891928424
2020-03-16 10:58:00,133.568091306
2020-03-16 10:59:00,134.78493381
2020-03-16 11:00:00,133.813422456
2020-03-16 11:01:00,134.112726459
2020-03-16 11:02:00,134.220672165
2020-03-16 11:03:00,134.745680826
2020-03-16 11:04:00,134.33381889138
2020-03-16 11:05:00,134.304084756
2020-03-16 11:06:00,134.269738395
2020-03-16 11:07:00,134.794747056
2020-03-16 11:08:00,134.657361612
2020-03-16 11:09:00,134.402217216
2020-03-16 11:10:00,134.83400004
2020-03-16 11:11:00,135.167650404
2020-03-16 11:12:00,135.17746365
2020-03-16 11:13:00,135.7770529806
2020-03-16 11:14:00,135.481674276
2020-03-16 11:15:00,135.27559611
2020-03-16 11:16:00,134.966478861
2020-03-16 11:17:00,135.22652988
2020-03-16 11:18:00,135.157837158
2020-03-16 11:19:00,135.089144436
2020-03-16 11:20:00,135.37372857
2020-03-16 11:21:00,135.015545091
2020-03-16 11:22:00,135.09395292654
2020-03-16 11:23:00,134.829093417
2020-03-16 11:24:00,135.27559611
2020-03-16 11:25:00,135.594526605
2020-03-16 11:26:00,135.66812595
2020-03-16 11:27:00,135.14350981884
2020-03-16 11:28:00,134.470909938
2020-03-16 11:29:00,134.946852369
2020-03-16 11:30:00,135.035171583
2020-03-16 11:31:00,135.216716634
2020-03-16 11:32:00,134.9321325
2020-03-16 11:33:00,134.681894727
2020-03-16 11:34:00,134.255018526
2020-03-16 11:35:00,133.4601456
2020-03-16 11:36:00,133.99987413
2020-03-16 11:37:00,134.19613905
2020-03-16 11:38:00,134.510162922
2020-03-16 11:39:00,134.304084756
2020-03-16 11:40:00,134.372777478
2020-03-16 11:41:00,134.750587449
2020-03-16 11:42:00,134.171605935
2020-03-16 11:43:00,132.910603824
2020-03-16 11:44:00,133.582811175
2020-03-16 11:45:00,133.646597274
2020-03-16 11:46:00,133.612250913
2020-03-16 11:47:00,133.32599852718
2020-03-16 11:48:00,133.342386648
2020-03-16 11:49:00,132.841911102
2020-03-16 11:50:00,132.837004479
2020-03-16 11:51:00,132.68175892728
2020-03-16 11:52:00,133.072522383
2020-03-16 11:53:00,132.645646182
2020-03-16 11:54:00,132.302182572
2020-03-16 11:55:00,132.145170636
2020-03-16 11:56:00,132.022505061
2020-03-16 11:57:00,131.958718962
2020-03-16 11:58:00,132.243303096
2020-03-16 11:59:00,132.105917652
2020-03-16 12:00:00,132.635832936
2020-03-16 12:01:00,132.655459428
2020-03-16 12:02:00,132.82228461
2020-03-16 12:03:00,133.028362776
2020-03-16 12:04:00,133.141215105
2020-03-16 12:05:00,133.097055498
2020-03-16 12:06:00,132.92041707
2020-03-16 12:07:00,133.764356226
2020-03-16 12:08:00,133.862488686
2020-03-16 12:09:00,133.891928424
2020-03-16 12:10:00,133.41441587364
2020-03-16 12:11:00,133.420892616
2020-03-16 12:12:00,133.317853533
2020-03-16 12:13:00,133.224627696
2020-03-16 12:14:00,133.239347565
2020-03-16 12:15:00,132.419941524
2020-03-16 12:16:00,132.802658118
2020-03-16 12:17:00,132.498447492
2020-03-16 12:18:00,132.08629116
2020-03-16 12:19:00,131.674134828
2020-03-16 12:20:00,131.59562886
2020-03-16 12:21:00,131.7546034452
2020-03-16 12:22:00,131.894932863
2020-03-16 12:23:00,131.831146764
2020-03-16 12:24:00,131.973438831
2020-03-16 12:25:00,131.9881587
2020-03-16 12:26:00,132.67508592
2020-03-16 12:27:00,133.504305207
2020-03-16 12:28:00,133.391452878
2020-03-16 12:29:00,133.234440942
2020-03-16 12:30:00,132.87135084
2020-03-16 12:31:00,132.007785192
2020-03-16 12:32:00,132.18442362
2020-03-16 12:33:00,132.13535739
2020-03-16 12:34:00,132.08629116
2020-03-16 12:35:00,132.405221655
2020-03-16 12:36:00,132.572046837
2020-03-16 12:37:00,132.459194508
2020-03-16 12:38:00,132.33162231
2020-03-16 12:39:00,132.096104406
2020-03-16 12:40:00,132.459194508
2020-03-16 12:41:00,132.076477914
2020-03-16 12:42:00,131.993065323
2020-03-16 12:43:00,131.93889620508
2020-03-16 12:44:00,131.870399748
2020-03-16 12:45:00,132.066664668
2020-03-16 12:46:00,131.806613649
2020-03-16 12:47:00,131.487683154
2020-03-16 12:48:00,131.850773256
2020-03-16 12:49:00,131.9881587
2020-03-16 12:50:00,131.512216269
2020-03-16 12:51:00,132.096104406
2020-03-16 12:52:00,131.556375876
2020-03-16 12:53:00,131.909652732
2020-03-16 12:54:00,131.605442106
2020-03-16 12:55:00,131.54656263
2020-03-16 12:56:00,131.74282755
2020-03-16 12:57:00,131.919465978
2020-03-16 12:58:00,132.895883955
2020-03-16 12:59:00,132.979296546
2020-03-16 13:00:00,132.787938249
2020-03-16 13:01:00,132.449381262
2020-03-16 13:02:00,132.9694833
2020-03-16 13:03:00,133.01854953
2020-03-16 13:04:00,132.881164086
2020-03-16 13:05:00,132.998923038
2020-03-16 13:06:00,132.743778642
2020-03-16 13:07:00,132.719245527
2020-03-16 13:08:00,132.763405134
2020-03-16 13:09:00,132.77321838
2020-03-16 13:10:00,132.743778642
2020-03-16 13:11:00,132.655459428
2020-03-16 13:12:00,133.7761321212
2020-03-16 13:13:00,134.426750331
2020-03-16 13:14:00,134.672081481
2020-03-16 13:15:00,134.205952296
2020-03-16 13:16:00,134.166699312
2020-03-16 13:17:00,133.882115178
2020-03-16 13:18:00,134.328617871
2020-03-16 13:19:00,133.774169472
2020-03-16 13:20:00,133.887021801
2020-03-16 13:21:00,133.597531044
2020-03-16 13:22:00,133.715289996
2020-03-16 13:23:00,134.029313868
2020-03-16 13:24:00,133.80360921
2020-03-16 13:25:00,134.333524494
2020-03-16 13:26:00,134.088193344
2020-03-16 13:27:00,133.828142325
2020-03-16 13:28:00,133.847768817
2020-03-16 13:29:00,133.744729734
2020-03-16 13:30:00,133.9508079
2020-03-16 13:31:00,133.661317143
2020-03-16 13:32:00,133.038176022
2020-03-16 13:33:00,132.22063449774
2020-03-16 13:34:00,132.439568016
2020-03-16 13:35:00,131.801707026
2020-03-16 13:36:00,131.850773256
2020-03-16 13:37:00,131.212912266
2020-03-16 13:38:00,131.811520272
2020-03-16 13:39:00,132.39697852836
2020-03-16 13:40:00,132.57695346
2020-03-16 13:41:00,132.439568016
2020-03-16 13:42:00,132.4660637802
2020-03-16 13:43:00,132.321809064
2020-03-16 13:44:00,131.831146764
2020-03-16 13:45:00,131.96284052532
2020-03-16 13:46:00,132.262929588
2020-03-16 13:47:00,132.57695346
2020-03-16 13:48:00,132.66909983994
2020-03-16 13:49:00,132.753591888
2020-03-16 13:50:00,132.542607099
2020-03-16 13:51:00,132.586766706
2020-03-16 13:52:00,133.155934974
2020-03-16 13:53:00,132.940043562
2020-03-16 13:54:00,132.94573524468
2020-03-16 13:55:00,132.645646182
2020-03-16 13:56:00,132.910603824
2020-03-16 13:57:00,132.684899166
2020-03-16 13:58:00,132.410128278
2020-03-16 13:59:00,132.125544144
2020-03-16 14:00:00,131.801707026
2020-03-16 14:01:00,131.39936394
2020-03-16 14:02:00,131.39936394
2020-03-16 14:03:00,131.904746109
2020-03-16 14:04:00,131.94949451076
2020-03-16 14:05:00,131.23234249308
2020-03-16 14:06:00,131.4974964
2020-03-16 14:07:00,132.18442362
2020-03-16 14:08:00,131.585815614
2020-03-16 14:09:00,131.929279224
2020-03-16 14:10:00,131.811520272
2020-03-16 14:11:00,131.860586502
2020-03-16 14:12:00,131.997971946
2020-03-16 14:13:00,131.777173911
2020-03-16 14:14:00,131.54656263
2020-03-16 14:15:00,131.821333518
2020-03-16 14:16:00,132.096104406
2020-03-16 14:17:00,131.654508336
2020-03-16 14:18:00,131.271791742
2020-03-16 14:19:00,131.345391087
2020-03-16 14:20:00,131.870399748
2020-03-16 14:21:00,131.40505562268
2020-03-16 14:22:00,131.5436186562
2020-03-16 14:23:00,131.458243416
2020-03-16 14:24:00,131.801707026
2020-03-16 14:25:00,131.281604988
2020-03-16 14:26:00,131.502403023
2020-03-16 14:27:00,132.2001248136
2020-03-16 14:28:00,131.66118134328
2020-03-16 14:29:00,132.262929588
2020-03-16 14:30:00,132.145170636
2020-03-16 14:31:00,132.311995818
2020-03-16 14:32:00,132.076477914
2020-03-16 14:33:00,132.55467739158
2020-03-16 14:34:00,132.272742834
2020-03-16 14:35:00,132.518073984
2020-03-16 14:36:00,132.341435556
2020-03-16 14:37:00,132.10856722842
2020-03-16 14:38:00,132.390501786
2020-03-16 14:39:00,132.488634246
2020-03-16 14:40:00,132.984203169
2020-03-16 14:41:00,132.508260738
2020-03-16 14:42:00,132.478821
2020-03-16 14:43:00,132.684899166
2020-03-16 14:44:00,132.768311757
2020-03-16 14:45:00,132.82228461
2020-03-16 14:46:00,132.370875294
2020-03-16 14:47:00,131.9881587
2020-03-16 14:48:00,131.669228205
2020-03-16 14:49:00,131.733014304
2020-03-16 14:50:00,131.899839486
2020-03-16 14:51:00,131.713387812
2020-03-16 14:52:00,132.361062048
2020-03-16 14:53:00,132.562233591
2020-03-16 14:54:00,131.919465978
2020-03-16 14:55:00,132.321809064
2020-03-16 14:56:00,132.370875294
2020-03-16 14:57:00,132.007785192
2020-03-16 14:58:00,133.092148875
2020-03-16 14:59:00,133.60754055492
2020-03-16 15:00:00,133.332573402
2020-03-16 15:01:00,133.65641052
2020-03-16 15:02:00,134.186325804
2020-03-16 15:03:00,133.381639632
2020-03-16 15:04:00,132.900790578
2020-03-16 15:05:00,133.038176022
2020-03-16 15:06:00,132.881164086
2020-03-16 15:07:00,133.151028351
2020-03-16 15:08:00,133.430705862
2020-03-16 15:09:00,133.106868744
2020-03-16 15:10:00,133.234440942
2020-03-16 15:11:00,133.229534319
2020-03-16 15:12:00,132.994016415
2020-03-16 15:13:00,132.886070709
2020-03-16 15:14:00,132.351248802
2020-03-16 15:15:00,131.522029515
2020-03-16 15:16:00,131.536749384
2020-03-16 15:17:00,131.968532208
2020-03-16 15:18:00,131.79189378
2020-03-16 15:19:00,132.478821
2020-03-16 15:20:00,131.978345454
2020-03-16 15:21:00,131.762454042
2020-03-16 15:22:00,131.31948411756
2020-03-16 15:23:00,131.3856253956
2020-03-16 15:24:00,130.66337049
2020-03-16 15:25:00,131.409177186
2020-03-16 15:26:00,131.10496656
2020-03-16 15:27:00,130.594677768
2020-03-16 15:28:00,130.604491014
2020-03-16 15:29:00,130.79722316544
2020-03-16 15:30:00,130.378786356
2020-03-16 15:31:00,129.623166414
2020-03-16 15:32:00,129.309142542
2020-03-16 15:33:00,128.75989516338
2020-03-16 15:34:00,128.072673546
2020-03-16 15:35:00,128.524082862
2020-03-16 15:36:00,128.21005899
2020-03-16 15:37:00,128.097206661
2020-03-16 15:38:00,127.788089412
2020-03-16 15:39:00,126.227783298
2020-03-16 15:40:00,127.52313177
2020-03-16 15:41:00,127.110975438
2020-03-16 15:42:00,127.954914594
2020-03-16 15:43:00,127.42499931
2020-03-16 15:44:00,128.102113284
2020-03-16 15:45:00,129.662419398
2020-03-16 15:46:00,129.368022018
2020-03-16 15:47:00,129.28951605
2020-03-16 15:48:00,128.79885375
2020-03-16 15:49:00,129.0441849
2020-03-16 15:50:00,129.269889558
2020-03-16 15:51:00,127.209107898
2020-03-16 15:52:00,127.454439048
2020-03-16 15:53:00,127.994167578
2020-03-16 15:54:00,128.229685482
2020-03-16 15:55:00,128.121739776
2020-03-16 15:56:00,127.743929805
2020-03-16 15:57:00,127.434812556
2020-03-16 15:58:00,127.120788684
2020-03-16 15:59:00,127.552571508
2020-03-16 16:00:00,127.366119834
2020-03-17 09:31:00,131.095153314
2020-03-17 09:32:00,131.948905716
2020-03-17 09:33:00,134.09800659
2020-03-17 09:34:00,131.477869908
2020-03-17 09:35:00,131.59562886
2020-03-17 09:36:00,131.114779806
2020-03-17 09:37:00,131.291418234
2020-03-17 09:38:00,131.217818889
2020-03-17 09:39:00,130.035322746
2020-03-17 09:40:00,129.819431334
2020-03-17 09:41:00,130.054949238
2020-03-17 09:42:00,130.339533372
2020-03-17 09:43:00,130.202147928
2020-03-17 09:44:00,130.66337049
2020-03-17 09:45:00,130.76150295
2020-03-17 09:46:00,130.781129442
2020-03-17 09:47:00,131.10496656
2020-03-17 09:48:00,130.898888394
2020-03-17 09:49:00,131.752640796
2020-03-17 09:50:00,131.095153314
2020-03-17 09:51:00,130.486732062
2020-03-17 09:52:00,130.36897311
2020-03-17 09:53:00,130.525985046
2020-03-17 09:54:00,130.5161718
2020-03-17 09:55:00,130.162894944
2020-03-17 09:56:00,130.153081698
2020-03-17 09:57:00,129.161943852
2020-03-17 09:58:00,129.157037229
2020-03-17 09:59:00,129.706579005
2020-03-17 10:00:00,129.554473692
2020-03-17 10:01:00,129.368022018
2020-03-17 10:02:00,130.015696254
2020-03-17 10:03:00,129.789991596
2020-03-17 10:04:00,129.937190286
2020-03-17 10:05:00,130.104015468
2020-03-17 10:06:00,129.63297966
2020-03-17 10:07:00,130.113828714
2020-03-17 10:08:00,130.054949238
2020-03-17 10:09:00,129.456341232
2020-03-17 10:10:00,129.73111212
2020-03-17 10:11:00,130.192334682
2020-03-17 10:12:00,130.624117506
2020-03-17 10:13:00,130.41803934
2020-03-17 10:14:00,130.506358554
2020-03-17 10:15:00,130.624117506
2020-03-17 10:16:00,130.521078423
2020-03-17 10:17:00,130.702623474
2020-03-17 10:18:00,130.633930752
2020-03-17 10:19:00,130.977394362
2020-03-17 10:20:00,131.114779806
2020-03-17 10:21:00,131.369924202
2020-03-17 10:22:00,131.124593052
2020-03-17 10:23:00,132.007785192
2020-03-17 10:24:00,131.64469509
2020-03-17 10:25:00,131.526936138
2020-03-17 10:26:00,132.105917652
2020-03-17 10:27:00,132.174610374
2020-03-17 10:28:00,132.105917652
2020-03-17 10:29:00,132.591673329
2020-03-17 10:30:00,132.292369326
2020-03-17 10:31:00,132.370875294
2020-03-17 10:32:00,132.469007754
2020-03-17 10:33:00,132.28255608
2020-03-17 10:34:00,132.390501786
2020-03-17 10:35:00,132.52788723
2020-03-17 10:36:00,132.601486575
2020-03-17 10:37:00,133.676037012
2020-03-17 10:38:00,133.891928424
2020-03-17 10:39:00,133.136308482
2020-03-17 10:40:00,133.528838322
2020-03-17 10:41:00,133.479772092
2020-03-17 10:42:00,133.391452878
2020-03-17 10:43:00,133.205001204
2020-03-17 10:44:00,133.003829661
2020-03-17 10:45:00,133.391452878
2020-03-17 10:46:00,133.087242252
2020-03-17 10:47:00,133.106868744
2020-03-17 10:48:00,133.450332354
2020-03-17 10:49:00,133.06761576
2020-03-17 10:50:00,133.224627696
2020-03-17 10:51:00,132.498447492
2020-03-17 10:52:00,132.096104406
2020-03-17 10:53:00,132.145170636
2020-03-17 10:54:00,131.762454042
2020-03-17 10:55:00,132.262929588
2020-03-17 10:56:00,132.076477914
2020-03-17 10:57:00,132.23348985
2020-03-17 10:58:00,132.469007754
2020-03-17 10:59:00,131.850773256
2020-03-17 11:00:00,131.831146764
2020-03-17 11:01:00,132.370875294
2020-03-17 11:02:00,132.13535739
2020-03-17 11:03:00,132.33162231
2020-03-17 11:04:00,133.038176022
2020-03-17 11:05:00,132.910603824
2020-03-17 11:06:00,133.097055498
2020-03-17 11:07:00,132.82228461
2020-03-17 11:08:00,132.890977332
2020-03-17 11:09:00,132.645646182
2020-03-17 11:10:00,133.097055498
2020-03-17 11:11:00,133.06761576
2020-03-17 11:12:00,133.126495236
2020-03-17 11:13:00,133.31294691
2020-03-17 11:14:00,133.793795964
2020-03-17 11:15:00,133.70547675
2020-03-17 11:16:00,133.60734429
2020-03-17 11:17:00,133.136308482
2020-03-17 11:18:00,133.617157536
2020-03-17 11:19:00,133.587717798
2020-03-17 11:20:00,133.882115178
2020-03-17 11:21:00,133.90174167
2020-03-17 11:22:00,133.646597274
2020-03-17 11:23:00,133.80360921
2020-03-17 11:24:00,133.862488686
2020-03-17 11:25:00,133.916461539
2020-03-17 11:26:00,134.039127114
2020-03-17 11:27:00,134.264831772
2020-03-17 11:28:00,134.529789414
2020-03-17 11:29:00,134.68680135
2020-03-17 11:30:00,134.009687376
2020-03-17 11:31:00,134.24520528
2020-03-17 11:32:00,134.53960266
2020-03-17 11:33:00,134.755494072
2020-03-17 11:34:00,134.775120564
2020-03-17 11:35:00,134.941945746
2020-03-17 11:36:00,134.775120564
2020-03-17 11:37:00,134.49053643
2020-03-17 11:38:00,134.004780753
2020-03-17 11:39:00,134.127446328
2020-03-17 11:40:00,133.450332354
2020-03-17 11:41:00,133.55827806
2020-03-17 11:42:00,134.068566852
2020-03-17 11:43:00,134.009687376
2020-03-17 11:44:00,134.421843708
2020-03-17 11:45:00,134.078380098
2020-03-17 11:46:00,134.647548366
2020-03-17 11:47:00,134.73586758
2020-03-17 11:48:00,134.88306627
2020-03-17 11:49:00,134.971385484
2020-03-17 11:50:00,135.206903388
2020-03-17 11:51:00,135.403168308
2020-03-17 11:52:00,135.157837158
2020-03-17 11:53:00,135.530740506
2020-03-17 11:54:00,135.61905972
2020-03-17 11:55:00,135.481674276
2020-03-17 11:56:00,135.393355062
2020-03-17 11:57:00,135.354102078
2020-03-17 11:58:00,135.491487522
2020-03-17 11:59:00,135.37372857
2020-03-17 12:00:00,135.834951132
2020-03-17 12:01:00,136.080282282
2020-03-17 12:02:00,136.227480972
2020-03-17 12:03:00,136.178414742
2020-03-17 12:04:00,136.266733956
2020-03-17 12:05:00,135.893830608
2020-03-17 12:06:00,136.364866416
2020-03-17 12:07:00,136.74758301
2020-03-17 12:08:00,136.541504844
2020-03-17 12:09:00,136.472812122
2020-03-17 12:10:00,137.110673112
2020-03-17 12:11:00,137.306938032
2020-03-17 12:12:00,137.218618818
2020-03-17 12:13:00,137.719094364
2020-03-17 12:14:00,137.915359284
2020-03-17 12:15:00,138.141063942
2020-03-17 12:16:00,136.708330026
2020-03-17 12:17:00,136.826088978
2020-03-17 12:18:00,135.000825222
2020-03-17 12:19:00,135.825137886
2020-03-17 12:20:00,136.379586285
2020-03-17 12:21:00,136.080282282
2020-03-17 12:22:00,135.923270346
2020-03-17 12:23:00,134.887972893
2020-03-17 12:24:00,135.32466234
2020-03-17 12:25:00,135.648499458
2020-03-17 12:26:00,136.168601496
2020-03-17 12:27:00,135.805511394
2020-03-17 12:28:00,135.756445164
2020-03-17 12:29:00,135.9134571
2020-03-17 12:30:00,136.031216052
2020-03-17 12:31:00,136.482625368
2020-03-17 12:32:00,136.757396256
2020-03-17 12:33:00,136.953661176
2020-03-17 12:34:00,136.64945055
2020-03-17 12:35:00,136.983100914
2020-03-17 12:36:00,136.904594946
2020-03-17 12:37:00,136.4041194
2020-03-17 12:38:00,135.834951132
2020-03-17 12:39:00,135.040078206
2020-03-17 12:40:00,135.9134571
2020-03-17 12:41:00,135.648499458
2020-03-17 12:42:00,135.908550477
2020-03-17 12:43:00,135.81532464
2020-03-17 12:44:00,135.687752442
2020-03-17 12:45:00,135.412981554
2020-03-17 12:46:00,135.71719218
2020-03-17 12:47:00,135.61905972
2020-03-17 12:48:00,135.285409356
2020-03-17 12:49:00,135.501300768
2020-03-17 12:50:00,135.27559611
2020-03-17 12:51:00,135.197090142
2020-03-17 12:52:00,134.971385484
2020-03-17 12:53:00,134.696614596
2020-03-17 12:54:00,134.510162922
2020-03-17 12:55:00,134.902692762
2020-03-17 12:56:00,134.578855644
2020-03-17 12:57:00,134.716241088
2020-03-17 12:58:00,134.578855644
2020-03-17 12:59:00,134.652454989
2020-03-17 13:00:00,135.069517944
2020-03-17 13:01:00,134.88306627
2020-03-17 13:02:00,135.412981554
2020-03-17 13:03:00,135.285409356
2020-03-17 13:04:00,134.73586758
2020-03-17 13:05:00,134.500349676
2020-03-17 13:06:00,134.83400004
2020-03-17 13:07:00,134.716241088
2020-03-17 13:08:00,134.431656954
2020-03-17 13:09:00,134.240298657
2020-03-17 13:10:00,134.019500622
2020-03-17 13:11:00,133.106868744
2020-03-17 13:12:00,133.528838322
2020-03-17 13:13:00,133.70547675
2020-03-17 13:14:00,133.685850258
2020-03-17 13:15:00,133.31294691
2020-03-17 13:16:00,133.057802514
2020-03-17 13:17:00,133.391452878
2020-03-17 13:18:00,132.851724348
2020-03-17 13:19:00,133.195187958
2020-03-17 13:20:00,133.793795964
2020-03-17 13:21:00,134.112726459
2020-03-17 13:22:00,133.980247638
2020-03-17 13:23:00,133.65641052
2020-03-17 13:24:00,134.039127114
2020-03-17 13:25:00,134.112726459
2020-03-17 13:26:00,134.19613905
2020-03-17 13:27:00,134.09800659
2020-03-17 13:28:00,133.931181408
2020-03-17 13:29:00,134.176512558
2020-03-17 13:30:00,134.255018526
2020-03-17 13:31:00,133.725103242
2020-03-17 13:32:00,133.666223766
2020-03-17 13:33:00,134.04894036
2020-03-17 13:34:00,134.009687376
2020-03-17 13:35:00,134.205952296
2020-03-17 13:36:00,134.127446328
2020-03-17 13:37:00,134.151979443
2020-03-17 13:38:00,134.29427151
2020-03-17 13:39:00,134.333524494
2020-03-17 13:40:00,134.63773512
2020-03-17 13:41:00,134.583762267
2020-03-17 13:42:00,134.500349676
2020-03-17 13:43:00,134.436563577
2020-03-17 13:44:00,134.313898002
2020-03-17 13:45:00,134.618108628
2020-03-17 13:46:00,135.265782864
2020-03-17 13:47:00,135.412981554
2020-03-17 13:48:00,135.86439087
2020-03-17 13:49:00,136.148975004
2020-03-17 13:50:00,135.638686212
2020-03-17 13:51:00,135.535647129
2020-03-17 13:52:00,134.657361612
2020-03-17 13:53:00,134.274645018
2020-03-17 13:54:00,134.240298657
2020-03-17 13:55:00,134.39240397
2020-03-17 13:56:00,134.726054334
2020-03-17 13:57:00,134.9321325
2020-03-17 13:58:00,134.912506008
2020-03-17 13:59:00,134.98119873
2020-03-17 14:00:00,134.951758992
2020-03-17 14:01:00,135.089144436
2020-03-17 14:02:00,134.186325804
2020-03-17 14:03:00,135.020451714
2020-03-17 14:04:00,134.53960266
2020-03-17 14:05:00,135.010638468
2020-03-17 14:06:00,135.265782864
2020-03-17 14:07:00,135.452234538
2020-03-17 14:08:00,135.66812595
2020-03-17 14:09:00,135.86439087
2020-03-17 14:10:00,136.222574349
2020-03-17 14:11:00,137.012540652
2020-03-17 14:12:00,136.384492908
2020-03-17 14:13:00,136.50225186
2020-03-17 14:14:00,136.423745892
2020-03-17 14:15:00,136.708330026
2020-03-17 14:16:00,136.629824058
2020-03-17 14:17:00,136.521878352
2020-03-17 14:18:00,136.50225186
2020-03-17 14:19:00,136.639637304
2020-03-17 14:20:00,136.708330026
2020-03-17 14:21:00,136.865341962
2020-03-17 14:22:00,135.982149822
2020-03-17 14:23:00,135.334475586
2020-03-17 14:24:00,135.314849094
2020-03-17 14:25:00,135.236343126
2020-03-17 14:26:00,135.491487522
2020-03-17 14:27:00,135.71719218
2020-03-17 14:28:00,135.923270346
2020-03-17 14:29:00,135.785884902
2020-03-17 14:30:00,135.854577624
2020-03-17 14:31:00,136.727956518
2020-03-17 14:32:00,136.462998876
2020-03-17 14:33:00,136.374679662
2020-03-17 14:34:00,136.374679662
2020-03-17 14:35:00,136.45318563
2020-03-17 14:36:00,136.718143272
2020-03-17 14:37:00,136.963474422
2020-03-17 14:38:00,136.816275732
2020-03-17 14:39:00,136.659263796
2020-03-17 14:40:00,136.541504844
2020-03-17 14:41:00,136.413932646
2020-03-17 14:42:00,136.826088978
2020-03-17 14:43:00,136.737769764
2020-03-17 14:44:00,136.816275732
2020-03-17 14:45:00,136.345239924
2020-03-17 14:46:00,135.746631918
2020-03-17 14:47:00,136.041029298
2020-03-17 14:48:00,135.795698148
2020-03-17 14:49:00,135.4227948
2020-03-17 14:50:00,135.305035848
2020-03-17 14:51:00,135.56999349
2020-03-17 14:52:00,135.47186103
2020-03-17 14:53:00,135.511114014
2020-03-17 14:54:00,135.589619982
2020-03-17 14:55:00,135.687752442
2020-03-17 14:56:00,135.687752442
2020-03-17 14:57:00,136.001776314
2020-03-17 14:58:00,135.71719218
2020-03-17 14:59:00,136.099908774
2020-03-17 15:00:00,136.070469036
2020-03-17 15:01:00,135.687752442
2020-03-17 15:02:00,134.34333774
2020-03-17 15:03:00,134.353150986
2020-03-17 15:04:00,134.009687376
2020-03-17 15:05:00,134.372777478
2020-03-17 15:06:00,134.701521219
2020-03-17 15:07:00,134.215765542
2020-03-17 15:08:00,135.157837158
2020-03-17 15:09:00,135.167650404
2020-03-17 15:10:00,135.295222602
2020-03-17 15:11:00,135.903643854
2020-03-17 15:12:00,136.374679662
2020-03-17 15:13:00,136.119535266
2020-03-17 15:14:00,136.737769764
2020-03-17 15:15:00,136.443372384
2020-03-17 15:16:00,136.8947817
2020-03-17 15:17:00,137.208805572
2020-03-17 15:18:00,136.737769764
2020-03-17 15:19:00,137.051793636
2020-03-17 15:20:00,136.99291416
2020-03-17 15:21:00,136.590571074
2020-03-17 15:22:00,136.826088978
2020-03-17 15:23:00,136.688703534
2020-03-17 15:24:00,137.248058556
2020-03-17 15:25:00,137.032167144
2020-03-17 15:26:00,137.100859866
2020-03-17 15:27:00,137.28731154
2020-03-17 15:28:00,136.561131336
2020-03-17 15:29:00,136.286360448
2020-03-17 15:30:00,136.60038432
2020-03-17 15:31:00,137.257871802
2020-03-17 15:32:00,137.306938032
2020-03-17 15:33:00,137.326564524
2020-03-17 15:34:00,137.8761063
2020-03-17 15:35:00,137.8761063
2020-03-17 15:36:00,138.249009648
2020-03-17 15:37:00,138.543407028
2020-03-17 15:38:00,138.975189852
2020-03-17 15:39:00,139.15182828
2020-03-17 15:40:00,139.563984612
2020-03-17 15:41:00,140.13315288
2020-03-17 15:42:00,140.250911832
2020-03-17 15:43:00,140.506056228
2020-03-17 15:44:00,140.398110522
2020-03-17 15:45:00,139.98595419
2020-03-17 15:46:00,139.475665398
2020-03-17 15:47:00,140.192032356
2020-03-17 15:48:00,140.13315288
2020-03-17 15:49:00,139.088042181
2020-03-17 15:50:00,138.61209975
2020-03-17 15:51:00,137.463949968
2020-03-17 15:52:00,137.473763214
2020-03-17 15:53:00,137.022353898
2020-03-17 15:54:00,136.55131809
2020-03-17 15:55:00,137.866293054
2020-03-17 15:56:00,138.12143745
2020-03-17 15:57:00,139.505105136
2020-03-17 15:58:00,139.98595419
2020-03-17 15:59:00,137.82704007
2020-03-17 16:00:00,140.62381518
2020-03-18 09:31:00,133.499398584
2020-03-18 09:32:00,135.540553752
2020-03-18 09:33:00,134.382590724
2020-03-18 09:34:00,135.4227948
2020-03-18 09:35:00,134.156886066
2020-03-18 09:36:00,134.034220491
2020-03-18 09:37:00,133.54561897266
2020-03-18 09:38:00,133.70547675
2020-03-18 09:39:00,134.431656954
2020-03-18 09:40:00,133.587717798
2020-03-18 09:41:00,134.20241952744
2020-03-18 09:42:00,133.970434392
2020-03-18 09:43:00,133.70547675
2020-03-18 09:44:00,133.622064159
2020-03-18 09:45:00,133.9508079
2020-03-18 09:46:00,133.489585338
2020-03-18 09:47:00,134.156886066
2020-03-18 09:48:00,134.19613905
2020-03-18 09:49:00,133.592624421
2020-03-18 09:50:00,133.798702587
2020-03-18 09:51:00,133.945901277
2020-03-18 09:52:00,133.617157536
2020-03-18 09:53:00,133.842862194
2020-03-18 09:54:00,134.04894036
2020-03-18 09:55:00,134.279551641
2020-03-18 09:56:00,133.960621146
2020-03-18 09:57:00,134.255018526
2020-03-18 09:58:00,134.255018526
2020-03-18 09:59:00,134.009687376
2020-03-18 10:00:00,133.970434392
2020-03-18 10:01:00,134.176512558
2020-03-18 10:02:00,134.912506008
2020-03-18 10:03:00,134.892879516
2020-03-18 10:04:00,135.623966343
2020-03-18 10:05:00,136.546411467
2020-03-18 10:06:00,137.164645965
2020-03-18 10:07:00,137.228432064
2020-03-18 10:08:00,137.748534102
2020-03-18 10:09:00,137.58170892
2020-03-18 10:10:00,137.213712195
2020-03-18 10:11:00,137.292218163
2020-03-18 10:12:00,136.826088978
2020-03-18 10:13:00,137.120486358
2020-03-18 10:14:00,137.051793636
2020-03-18 10:15:00,136.74758301
2020-03-18 10:16:00,136.914408192
2020-03-18 10:17:00,136.904594946
2020-03-18 10:18:00,136.315800186
2020-03-18 10:19:00,135.731912049
2020-03-18 10:20:00,134.706427842
2020-03-18 10:21:00,135.020451714
2020-03-18 10:22:00,134.73586758
2020-03-18 10:23:00,134.9321325
2020-03-18 10:24:00,135.157837158
2020-03-18 10:25:00,135.17746365
2020-03-18 10:26:00,135.044984829
2020-03-18 10:27:00,135.010638468
2020-03-18 10:28:00,134.843813286
2020-03-18 10:29:00,134.382590724
2020-03-18 10:30:00,134.328617871
2020-03-18 10:31:00,133.980247638
2020-03-18 10:32:00,133.872301932
2020-03-18 10:33:00,133.83069376896
2020-03-18 10:34:00,133.631877405
2020-03-18 10:35:00,133.725103242
2020-03-18 10:36:00,134.063660229
2020-03-18 10:37:00,134.240298657
2020-03-18 10:38:00,134.583762267
2020-03-18 10:39:00,134.878159647
2020-03-18 10:40:00,134.794747056
2020-03-18 10:41:00,134.701521219
2020-03-18 10:42:00,134.745680826
2020-03-18 10:43:00,134.255018526
2020-03-18 10:44:00,134.466003315
2020-03-18 10:45:00,134.549415906
2020-03-18 10:46:00,134.549415906
2020-03-18 10:47:00,134.549415906
2020-03-18 10:48:00,134.39240397
2020-03-18 10:49:00,134.495443053
2020-03-18 10:50:00,134.353150986
2020-03-18 10:51:00,134.338431117
2020-03-18 10:52:00,134.235392034
2020-03-18 10:53:00,133.823235702
2020-03-18 10:54:00,133.891928424
2020-03-18 10:55:00,132.989109792
2020-03-18 10:56:00,132.47656395342
2020-03-18 10:57:00,132.051944799
2020-03-18 10:58:00,132.18442362
2020-03-18 10:59:00,131.811520272
2020-03-18 11:00:00,132.277649457
2020-03-18 11:01:00,132.120637521
2020-03-18 11:02:00,132.817377987
2020-03-18 11:03:00,132.890977332
2020-03-18 11:04:00,132.498447492
2020-03-18 11:05:00,132.385595163
2020-03-18 11:06:00,132.547513722
2020-03-18 11:07:00,132.979296546
2020-03-18 11:08:00,133.087242252
2020-03-18 11:09:00,132.665272674
2020-03-18 11:10:00,132.783031626
2020-03-18 11:11:00,132.630926313
2020-03-18 11:12:00,132.733965396
2020-03-18 11:13:00,132.82228461
2020-03-18 11:14:00,133.06761576
2020-03-18 11:15:00,132.949856808
2020-03-18 11:16:00,132.851724348
2020-03-18 11:17:00,132.77321838
2020-03-18 11:18:00,132.841911102
2020-03-18 11:19:00,133.514118453
2020-03-18 11:20:00,132.930230316
2020-03-18 11:21:00,133.76887031916
2020-03-18 11:22:00,133.715289996
2020-03-18 11:23:00,133.126495236
2020-03-18 11:24:00,133.597531044
2020-03-18 11:25:00,133.587717798
2020-03-18 11:26:00,133.332573402
2020-03-18 11:27:00,133.293320418
2020-03-18 11:28:00,133.90174167
2020-03-18 11:29:00,134.117633082
2020-03-18 11:30:00,134.873253024
2020-03-18 11:31:00,135.167650404
2020-03-18 11:32:00,134.564135775
2020-03-18 11:33:00,135.22652988
2020-03-18 11:34:00,135.354102078
2020-03-18 11:35:00,136.050842544
2020-03-18 11:36:00,137.09104662
2020-03-18 11:37:00,136.79664924
2020-03-18 11:38:00,136.35505317
2020-03-18 11:39:00,135.727005426
2020-03-18 11:40:00,136.198041234
2020-03-18 11:41:00,135.584713359
2020-03-18 11:42:00,136.74758301
2020-03-18 11:43:00,136.099908774
2020-03-18 11:44:00,136.384492908
2020-03-18 11:45:00,136.286360448
2020-03-18 11:46:00,136.8947817
2020-03-18 11:47:00,136.54366375812
2020-03-18 11:48:00,135.893830608
2020-03-18 11:49:00,136.119535266
2020-03-18 11:50:00,135.942896838
2020-03-18 11:51:00,136.875155208
2020-03-18 11:52:00,136.20785448
2020-03-18 11:53:00,136.75513920942
2020-03-18 11:54:00,136.173508119
2020-03-18 11:55:00,136.64945055
2020-03-18 11:56:00,137.208805572
2020-03-18 11:57:00,137.444323476
2020-03-18 11:58:00,136.664170419
2020-03-18 11:59:00,136.96916610468
2020-03-18 12:00:00,137.169552588
2020-03-18 12:01:00,136.914408192
2020-03-18 12:02:00,136.904594946
2020-03-18 12:03:00,136.60038432
2020-03-18 12:04:00,136.8785898441
2020-03-18 12:05:00,136.99291416
2020-03-18 12:06:00,136.79664924
2020-03-18 12:07:00,137.027260521
2020-03-18 12:08:00,137.081233374
2020-03-18 12:09:00,137.228432064
2020-03-18 12:10:00,136.394306154
2020-03-18 12:11:00,136.727956518
2020-03-18 12:12:00,136.938941307
2020-03-18 12:13:00,136.934034684
2020-03-18 12:14:00,136.9580771367
2020-03-18 12:15:00,136.74758301
2020-03-18 12:16:00,136.394306154
2020-03-18 12:17:00,136.335426678
2020-03-18 12:18:00,136.286360448
2020-03-18 12:19:00,136.413932646
2020-03-18 12:20:00,136.188227988
2020-03-18 12:21:00,136.507158483
2020-03-18 12:22:00,136.4041194
2020-03-18 12:23:00,136.50225186
2020-03-18 12:24:00,135.9134571
2020-03-18 12:25:00,136.242200841
2020-03-18 12:26:00,136.55131809
2020-03-18 12:27:00,135.408074931
2020-03-18 12:28:00,135.687752442
2020-03-18 12:29:00,135.785884902
2020-03-18 12:30:00,135.76625841
2020-03-18 12:31:00,135.81355825572
2020-03-18 12:32:00,135.869297493
2020-03-18 12:33:00,135.86439087
2020-03-18 12:34:00,135.736818672
2020-03-18 12:35:00,136.247107464
2020-03-18 12:36:00,135.51768888882
2020-03-18 12:37:00,135.795698148
2020-03-18 12:38:00,135.785884902
2020-03-18 12:39:00,135.81532464
2020-03-18 12:40:00,136.10972202
2020-03-18 12:41:00,135.579806736
2020-03-18 12:42:00,135.52092726
2020-03-18 12:43:00,135.462047784
2020-03-18 12:44:00,135.098957682
2020-03-18 12:45:00,135.37372857
2020-03-18 12:46:00,135.22652988
2020-03-18 12:47:00,134.461096692
2020-03-18 12:48:00,134.372777478
2020-03-18 12:49:00,134.078380098
2020-03-18 12:50:00,134.284458264
2020-03-18 12:51:00,134.426750331
2020-03-18 12:52:00,134.9321325
2020-03-18 12:53:00,135.27559611
2020-03-18 12:54:00,135.12839742
2020-03-18 12:55:00,135.52092726
2020-03-18 12:56:00,135.408074931
2020-03-18 12:57:00,135.32466234
2020-03-18 12:58:00,135.32466234
2020-03-18 12:59:00,135.32466234
2020-03-18 13:00:00,135.32466234
2020-03-18 13:01:00,135.32466234
2020-03-18 13:02:00,135.32466234
2020-03-18 13:03:00,135.32466234
2020-03-18 13:04:00,135.32466234
2020-03-18 13:05:00,135.32466234
2020-03-18 13:06:00,135.32466234
2020-03-18 13:07:00,135.32466234
2020-03-18 13:08:00,135.32466234
2020-03-18 13:09:00,135.32466234
2020-03-18 13:10:00,135.32466234
2020-03-18 13:11:00,135.32466234
2020-03-18 13:12:00,135.32466234
2020-03-18 13:13:00,135.157837158
2020-03-18 13:14:00,135.736818672
2020-03-18 13:15:00,136.090095528
2020-03-18 13:16:00,136.374679662
2020-03-18 13:17:00,136.291267071
2020-03-18 13:18:00,136.286360448
2020-03-18 13:19:00,136.134255135
2020-03-18 13:20:00,136.433559138
2020-03-18 13:21:00,136.64945055
2020-03-18 13:22:00,136.64945055
2020-03-18 13:23:00,135.270689487
2020-03-18 13:24:00,134.578855644
2020-03-18 13:25:00,134.848719909
2020-03-18 13:26:00,134.672081481
2020-03-18 13:27:00,134.569042398
2020-03-18 13:28:00,134.750587449
2020-03-18 13:29:00,134.09800659
2020-03-18 13:30:00,134.039127114
2020-03-18 13:31:00,133.528838322
2020-03-18 13:32:00,133.479772092
2020-03-18 13:33:00,133.190281335
2020-03-18 13:34:00,132.115730898
2020-03-18 13:35:00,133.11668199
2020-03-18 13:36:00,133.16574822
2020-03-18 13:37:00,133.322760156
2020-03-18 13:38:00,133.661317143
2020-03-18 13:39:00,133.936088031
2020-03-18 13:40:00,134.412030462
2020-03-18 13:41:00,134.510162922
2020-03-18 13:42:00,135.344288832
2020-03-18 13:43:00,135.452234538
2020-03-18 13:44:00,135.22652988
2020-03-18 13:45:00,135.285409356
2020-03-18 13:46:00,135.000825222
2020-03-18 13:47:00,134.191232427
2020-03-18 13:48:00,134.515069545
2020-03-18 13:49:00,134.529789414
2020-03-18 13:50:00,134.83400004
2020-03-18 13:51:00,135.000825222
2020-03-18 13:52:00,135.344288832
2020-03-18 13:53:00,134.951758992
2020-03-18 13:54:00,134.83400004
2020-03-18 13:55:00,135.633779589
2020-03-18 13:56:00,135.089144436
2020-03-18 13:57:00,134.804560302
2020-03-18 13:58:00,134.9321325
2020-03-18 13:59:00,134.431656954
2020-03-18 14:00:00,134.274645018
2020-03-18 14:01:00,134.372777478
2020-03-18 14:02:00,134.96068904586
2020-03-18 14:03:00,135.344288832
2020-03-18 14:04:00,135.211810011
2020-03-18 14:05:00,135.13516855974
2020-03-18 14:06:00,135.138210666
2020-03-18 14:07:00,135.43300057584
2020-03-18 14:08:00,135.363915324
2020-03-18 14:09:00,134.505256299
2020-03-18 14:10:00,134.564135775
2020-03-18 14:11:00,134.348244363
2020-03-18 14:12:00,134.961572238
2020-03-18 14:13:00,134.755494072
2020-03-18 14:14:00,135.17746365
2020-03-18 14:15:00,135.044984829
2020-03-18 14:16:00,135.305035848
2020-03-18 14:17:00,135.103864305
2020-03-18 14:18:00,134.912506008
2020-03-18 14:19:00,134.397310593
2020-03-18 14:20:00,134.534696037
2020-03-18 14:21:00,134.14707282
2020-03-18 14:22:00,134.019500622
2020-03-18 14:23:00,134.39240397
2020-03-18 14:24:00,134.681894727
2020-03-18 14:25:00,134.470909938
2020-03-18 14:26:00,134.88306627
2020-03-18 14:27:00,134.500349676
2020-03-18 14:28:00,134.421843708
2020-03-18 14:29:00,134.500349676
2020-03-18 14:30:00,135.17785617984
2020-03-18 14:31:00,134.583762267
2020-03-18 14:32:00,134.627921874
2020-03-18 14:33:00,134.951758992
2020-03-18 14:34:00,135.22652988
2020-03-18 14:35:00,135.221623257
2020-03-18 14:36:00,135.138210666
2020-03-18 14:37:00,135.049891452
2020-03-18 14:38:00,135.550366998
2020-03-18 14:39:00,135.722098803
2020-03-18 14:40:00,135.942896838
2020-03-18 14:41:00,136.266733956
2020-03-18 14:42:00,136.139161758
2020-03-18 14:43:00,135.967429953
2020-03-18 14:44:00,135.03291453642
2020-03-18 14:45:00,135.457141161
2020-03-18 14:46:00,135.84397931832
2020-03-18 14:47:00,135.334475586
2020-03-18 14:48:00,135.589619982
2020-03-18 14:49:00,134.902692762
2020-03-18 14:50:00,134.39240397
2020-03-18 14:51:00,134.804560302
2020-03-18 14:52:00,134.205952296
2020-03-18 14:53:00,133.896835047
2020-03-18 14:54:00,133.293320418
2020-03-18 14:55:00,134.2623784605
2020-03-18 14:56:00,134.510162922
2020-03-18 14:57:00,134.632828497
2020-03-18 14:58:00,134.554322529
2020-03-18 14:59:00,134.461096692
2020-03-18 15:00:00,134.9321325
2020-03-18 15:01:00,134.799653679
2020-03-18 15:02:00,134.608295382
2020-03-18 15:03:00,134.534696037
2020-03-18 15:04:00,134.382590724
2020-03-18 15:05:00,134.510162922
2020-03-18 15:06:00,134.971385484
2020-03-18 15:07:00,135.12839742
2020-03-18 15:08:00,135.412981554
2020-03-18 15:09:00,136.06065579
2020-03-18 15:10:00,135.61905972
2020-03-18 15:11:00,136.188227988
2020-03-18 15:12:00,135.937990215
2020-03-18 15:13:00,136.119535266
2020-03-18 15:14:00,136.570944582
2020-03-18 15:15:00,136.202947857
2020-03-18 15:16:00,135.957616707
2020-03-18 15:17:00,136.065562413
2020-03-18 15:18:00,135.594526605
2020-03-18 15:19:00,135.638686212
2020-03-18 15:20:00,136.036122675
2020-03-18 15:21:00,136.070469036
2020-03-18 15:22:00,135.746631918
2020-03-18 15:23:00,135.241249749
2020-03-18 15:24:00,135.270689487
2020-03-18 15:25:00,134.907599385
2020-03-18 15:26:00,135.231436503
2020-03-18 15:27:00,136.330520055
2020-03-18 15:28:00,135.187276896
2020-03-18 15:29:00,134.956665615
2020-03-18 15:30:00,135.010638468
2020-03-18 15:31:00,134.824186794
2020-03-18 15:32:00,135.996869691
2020-03-18 15:33:00,136.183321365
2020-03-18 15:34:00,135.66812595
2020-03-18 15:35:00,135.501300768
2020-03-18 15:36:00,135.138210666
2020-03-18 15:37:00,134.843813286
2020-03-18 15:38:00,135.010638468
2020-03-18 15:39:00,134.775120564
2020-03-18 15:40:00,134.804560302
2020-03-18 15:41:00,135.113677551
2020-03-18 15:42:00,135.903643854
2020-03-18 15:43:00,136.521878352
2020-03-18 15:44:00,136.566037959
2020-03-18 15:45:00,136.482625368
2020-03-18 15:46:00,135.761351787
2020-03-18 15:47:00,135.589619982
2020-03-18 15:48:00,135.329568963
2020-03-18 15:49:00,136.119535266
2020-03-18 15:50:00,136.958567799
2020-03-18 15:51:00,137.223525441
2020-03-18 15:52:00,137.861386431
2020-03-18 15:53:00,138.111624204
2020-03-18 15:54:00,138.837804408
2020-03-18 15:55:00,139.78968927
2020-03-18 15:56:00,140.888772822
2020-03-18 15:57:00,140.898586068
2020-03-18 15:58:00,138.818177916
2020-03-18 15:59:00,139.043882574
2020-03-18 16:00:00,140.633628426
2020-03-19 09:31:00,140.18221911
2020-03-19 09:32:00,140.08408665
2020-03-19 09:33:00,139.59342435
2020-03-19 09:34:00,138.8574309
2020-03-19 09:35:00,139.49529189
2020-03-19 09:36:00,139.38528540234
2020-03-19 09:37:00,139.735716417
2020-03-19 09:38:00,139.181268018
2020-03-19 09:39:00,139.215614379
2020-03-19 09:40:00,139.44622566
2020-03-19 09:41:00,138.798551424
2020-03-19 09:42:00,137.9683508124
2020-03-19 09:43:00,138.033118236
2020-03-19 09:44:00,137.709281118
2020-03-19 09:45:00,137.895732792
2020-03-19 09:46:00,137.9717854485
2020-03-19 09:47:00,138.229383156
2020-03-19 09:48:00,138.04646425056
2020-03-19 09:49:00,138.042931482
2020-03-19 09:50:00,138.273542763
2020-03-19 09:51:00,138.347142108
2020-03-19 09:52:00,138.131250696
2020-03-19 09:53:00,137.846666562
2020-03-19 09:54:00,137.8849382214
2020-03-19 09:55:00,138.003678498
2020-03-19 09:56:00,138.136157319
2020-03-19 09:57:00,137.454136722
2020-03-19 09:58:00,137.58170892
2020-03-19 09:59:00,137.223525441
2020-03-19 10:00:00,137.660214888
2020-03-19 10:01:00,137.213712195
2020-03-19 10:02:00,136.610197566
2020-03-19 10:03:00,137.993865252
2020-03-19 10:04:00,138.067464597
2020-03-19 10:05:00,137.812320201
2020-03-19 10:06:00,137.566989051
2020-03-19 10:07:00,137.311844655
2020-03-19 10:08:00,137.297124786
2020-03-19 10:09:00,137.527736067
2020-03-19 10:10:00,138.288262632
2020-03-19 10:11:00,137.478669837
2020-03-19 10:12:00,137.797600332
2020-03-19 10:13:00,138.56303352
2020-03-19 10:14:00,138.07237122
2020-03-19 10:15:00,138.175410303
2020-03-19 10:16:00,138.31770237
2020-03-19 10:17:00,138.30779099154
2020-03-19 10:18:00,138.07237122
2020-03-19 10:19:00,138.239196402
2020-03-19 10:20:00,137.841759939
2020-03-19 10:21:00,138.371675223
2020-03-19 10:22:00,138.26863614
2020-03-19 10:23:00,138.406021584
2020-03-19 10:24:00,138.396208338
2020-03-19 10:25:00,138.558126897
2020-03-19 10:26:00,138.209756664
2020-03-19 10:27:00,138.518873913
2020-03-19 10:28:00,138.739671948
2020-03-19 10:29:00,139.240147494
2020-03-19 10:30:00,139.220521002
2020-03-19 10:31:00,138.685699095
2020-03-19 10:32:00,138.690605718
2020-03-19 10:33:00,139.15182828
2020-03-19 10:34:00,138.80316364962
2020-03-19 10:35:00,138.867244146
2020-03-19 10:36:00,138.199943418
2020-03-19 10:37:00,137.807413578
2020-03-19 10:38:00,137.385444
2020-03-19 10:39:00,137.012540652
2020-03-19 10:40:00,135.776071656
2020-03-19 10:41:00,135.74780950752
2020-03-19 10:42:00,135.888923985
2020-03-19 10:43:00,136.17802221216
2020-03-19 10:44:00,135.908550477
2020-03-19 10:45:00,135.167650404
2020-03-19 10:46:00,134.745680826
2020-03-19 10:47:00,133.970434392
2020-03-19 10:48:00,134.382590724
2020-03-19 10:49:00,134.313898002
2020-03-19 10:50:00,133.980247638
2020-03-19 10:51:00,134.59681388418
2020-03-19 10:52:00,134.0793614226
2020-03-19 10:53:00,134.235392034
2020-03-19 10:54:00,133.548464814
2020-03-19 10:55:00,133.695663504
2020-03-19 10:56:00,134.186325804
2020-03-19 10:57:00,134.578855644
2020-03-19 10:58:00,134.956665615
2020-03-19 10:59:00,134.549415906
2020-03-19 11:00:00,134.107819836
2020-03-19 11:01:00,134.382590724
2020-03-19 11:02:00,134.667174858
2020-03-19 11:03:00,134.961572238
2020-03-19 11:04:00,135.12839742
2020-03-19 11:05:00,135.383541816
2020-03-19 11:06:00,135.727005426
2020-03-19 11:07:00,136.217667726
2020-03-19 11:08:00,136.247107464
2020-03-19 11:09:00,135.9134571
2020-03-19 11:10:00,135.643592835
2020-03-19 11:11:00,134.44156833246
2020-03-19 11:12:00,134.382590724
2020-03-19 11:13:00,134.971385484
2020-03-19 11:14:00,134.922319254
2020-03-19 11:15:00,134.78493381
2020-03-19 11:16:00,134.407123839
2020-03-19 11:17:00,134.578855644
2020-03-19 11:18:00,134.41222672692
2020-03-19 11:19:00,133.700570127
2020-03-19 11:20:00,133.381639632
2020-03-19 11:21:00,133.70223837882
2020-03-19 11:22:00,133.911554916
2020-03-19 11:23:00,134.132352951
2020-03-19 11:24:00,134.647548366
2020-03-19 11:25:00,134.201045673
2020-03-19 11:26:00,134.4414702
2020-03-19 11:27:00,134.255018526
2020-03-19 11:28:00,134.907599385
2020-03-19 11:29:00,135.216716634
2020-03-19 11:30:00,135.12839742
2020-03-19 11:31:00,135.12839742
2020-03-19 11:32:00,134.941945746
2020-03-19 11:33:00,134.451283446
2020-03-19 11:34:00,134.5940661753
2020-03-19 11:35:00,135.560180244
2020-03-19 11:36:00,135.44399141136
2020-03-19 11:37:00,135.32466234
2020-03-19 11:38:00,136.15869011754
2020-03-19 11:39:00,135.66812595
2020-03-19 11:40:00,135.314849094
2020-03-19 11:41:00,134.946852369
2020-03-19 11:42:00,134.466003315
2020-03-19 11:43:00,134.89965065574
2020-03-19 11:44:00,134.83586455674
2020-03-19 11:45:00,135.07933119
2020-03-19 11:46:00,135.098957682
2020-03-19 11:47:00,135.66812595
2020-03-19 11:48:00,135.982149822
2020-03-19 11:49:00,135.648499458
2020-03-19 11:50:00,136.188227988
2020-03-19 11:51:00,136.016496183
2020-03-19 11:52:00,136.090095528
2020-03-19 11:53:00,136.119535266
2020-03-19 11:54:00,136.085188905
2020-03-19 11:55:00,136.001776314
2020-03-19 11:56:00,135.746631918
2020-03-19 11:57:00,135.96252333
2020-03-19 11:58:00,135.17481407358
2020-03-19 11:59:00,135.442421292
2020-03-19 12:00:00,135.579806736
2020-03-19 12:01:00,135.4227948
2020-03-19 12:02:00,135.893830608
2020-03-19 12:03:00,135.4227948
2020-03-19 12:04:00,135.403168308
2020-03-19 12:05:00,135.354102078
2020-03-19 12:06:00,135.86439087
2020-03-19 12:07:00,136.144068381
2020-03-19 12:08:00,135.491487522
2020-03-19 12:09:00,135.216716634
2020-03-19 12:10:00,134.672081481
2020-03-19 12:11:00,133.931181408
2020-03-19 12:12:00,134.284458264
2020-03-19 12:13:00,133.867395309
2020-03-19 12:14:00,133.80498306444
2020-03-19 12:15:00,134.058753606
2020-03-19 12:16:00,133.499398584
2020-03-19 12:17:00,133.4601456
2020-03-19 12:18:00,133.528838322
2020-03-19 12:19:00,133.371826386
2020-03-19 12:20:00,133.528838322
2020-03-19 12:21:00,134.333524494
2020-03-19 12:22:00,134.019500622
2020-03-19 12:23:00,133.867395309
2020-03-19 12:24:00,133.734916488
2020-03-19 12:25:00,133.50921183
2020-03-19 12:26:00,133.450332354
2020-03-19 12:27:00,133.26388068
2020-03-19 12:28:00,133.734916488
2020-03-19 12:29:00,134.088193344
2020-03-19 12:30:00,133.940994654
2020-03-19 12:31:00,134.382590724
2020-03-19 12:32:00,134.088193344
2020-03-19 12:33:00,134.04894036
2020-03-19 12:34:00,134.421843708
2020-03-19 12:35:00,134.377684101
2020-03-19 12:36:00,134.416937085
2020-03-19 12:37:00,134.559229152
2020-03-19 12:38:00,134.853626532
2020-03-19 12:39:00,134.37052043142
2020-03-19 12:40:00,134.912506008
2020-03-19 12:41:00,134.706427842
2020-03-19 12:42:00,135.560180244
2020-03-19 12:43:00,135.506207391
2020-03-19 12:44:00,135.56999349
2020-03-19 12:45:00,135.378635193
2020-03-19 12:46:00,135.72415958466
2020-03-19 12:47:00,136.139161758
2020-03-19 12:48:00,136.12454002146
2020-03-19 12:49:00,136.718143272
2020-03-19 12:50:00,136.261827333
2020-03-19 12:51:00,136.1852840142
2020-03-19 12:52:00,136.57889331126
2020-03-19 12:53:00,136.865341962
2020-03-19 12:54:00,136.762302879
2020-03-19 12:55:00,137.620961904
2020-03-19 12:56:00,137.591522166
2020-03-19 12:57:00,137.012540652
2020-03-19 12:58:00,136.659263796
2020-03-19 12:59:00,136.247107464
2020-03-19 13:00:00,136.212761103
2020-03-19 13:01:00,136.8094064598
2020-03-19 13:02:00,136.654357173
2020-03-19 13:03:00,136.6258987596
2020-03-19 13:04:00,135.736818672
2020-03-19 13:05:00,136.335426678
2020-03-19 13:06:00,136.021402806
2020-03-19 13:07:00,136.26064974348
2020-03-19 13:08:00,136.541504844
2020-03-19 13:09:00,136.541504844
2020-03-19 13:10:00,136.757396256
2020-03-19 13:11:00,136.65229639134
2020-03-19 13:12:00,136.4041194
2020-03-19 13:13:00,136.757396256
2020-03-19 13:14:00,137.228432064
2020-03-19 13:15:00,136.60038432
2020-03-19 13:16:00,136.193134611
2020-03-19 13:17:00,136.364866416
2020-03-19 13:18:00,136.104815397
2020-03-19 13:19:00,135.805511394
2020-03-19 13:20:00,136.026309429
2020-03-19 13:21:00,136.531691598
2020-03-19 13:22:00,136.757396256
2020-03-19 13:23:00,137.002727406
2020-03-19 13:24:00,137.262778425
2020-03-19 13:25:00,137.748534102
2020-03-19 13:26:00,137.33637777
2020-03-19 13:27:00,137.18917908
2020-03-19 13:28:00,136.678890288
2020-03-19 13:29:00,136.119535266
2020-03-19 13:30:00,136.237294218
2020-03-19 13:31:00,136.148975004
2020-03-19 13:32:00,136.30598694
2020-03-19 13:33:00,136.168601496
2020-03-19 13:34:00,136.462998876
2020-03-19 13:35:00,135.982149822
2020-03-19 13:36:00,135.638686212
2020-03-19 13:37:00,135.830044509
2020-03-19 13:38:00,136.050842544
2020-03-19 13:39:00,136.276547202
2020-03-19 13:40:00,136.389399531
2020-03-19 13:41:00,136.340333301
2020-03-19 13:42:00,136.620010812
2020-03-19 13:43:00,136.286360448
2020-03-19 13:44:00,136.379586285
2020-03-19 13:45:00,135.95791110438
2020-03-19 13:46:00,136.25692071
2020-03-19 13:47:00,135.511114014
2020-03-19 13:48:00,136.27232750622
2020-03-19 13:49:00,136.345239924
2020-03-19 13:50:00,136.041029298
2020-03-19 13:51:00,136.816275732
2020-03-19 13:52:00,137.424696984
2020-03-19 13:53:00,137.149926096
2020-03-19 13:54:00,137.650401642
2020-03-19 13:55:00,138.052744728
2020-03-19 13:56:00,138.199943418
2020-03-19 13:57:00,137.62027497678
2020-03-19 13:58:00,137.70123425628
2020-03-19 13:59:00,137.503202952
2020-03-19 14:00:00,137.370724131
2020-03-19 14:01:00,137.120486358
2020-03-19 14:02:00,136.570944582
2020-03-19 14:03:00,136.163694873
2020-03-19 14:04:00,135.295222602
2020-03-19 14:05:00,135.098957682
2020-03-19 14:06:00,134.780027187
2020-03-19 14:07:00,134.613202005
2020-03-19 14:08:00,134.505256299
2020-03-19 14:09:00,134.397310593
2020-03-19 14:10:00,134.28897235716
2020-03-19 14:11:00,134.647548366
2020-03-19 14:12:00,133.92794303682
2020-03-19 14:13:00,133.60744242246
2020-03-19 14:14:00,133.769262849
2020-03-19 14:15:00,134.186325804
2020-03-19 14:16:00,134.215765542
2020-03-19 14:17:00,134.353150986
2020-03-19 14:18:00,134.451283446
2020-03-19 14:19:00,134.461096692
2020-03-19 14:20:00,134.9321325
2020-03-19 14:21:00,134.466003315
2020-03-19 14:22:00,134.284458264
2020-03-19 14:23:00,134.186325804
2020-03-19 14:24:00,134.53391097732
2020-03-19 14:25:00,135.295222602
2020-03-19 14:26:00,135.4227948
2020-03-19 14:27:00,135.108770928
2020-03-19 14:28:00,135.069517944
2020-03-19 14:29:00,135.06971420892
2020-03-19 14:30:00,135.329568963
2020-03-19 14:31:00,134.995918599
2020-03-19 14:32:00,134.961572238
2020-03-19 14:33:00,134.87168290464
2020-03-19 14:34:00,134.78493381
2020-03-19 14:35:00,135.098957682
2020-03-19 14:36:00,135.52092726
2020-03-19 14:37:00,135.9463314741
2020-03-19 14:38:00,135.550366998
2020-03-19 14:39:00,135.305035848
2020-03-19 14:40:00,135.56999349
2020-03-19 14:41:00,135.687752442
2020-03-19 14:42:00,135.550366998
2020-03-19 14:43:00,135.255969618
2020-03-19 14:44:00,135.4227948
2020-03-19 14:45:00,135.255969618
2020-03-19 14:46:00,135.285409356
2020-03-19 14:47:00,135.108770928
2020-03-19 14:48:00,135.923270346
2020-03-19 14:49:00,136.055749167
2020-03-19 14:50:00,136.198041234
2020-03-19 14:51:00,136.075375659
2020-03-19 14:52:00,135.795698148
2020-03-19 14:53:00,136.286360448
2020-03-19 14:54:00,135.609246474
2020-03-19 14:55:00,135.383541816
2020-03-19 14:56:00,135.231436503
2020-03-19 14:57:00,135.314849094
2020-03-19 14:58:00,135.501300768
2020-03-19 14:59:00,134.6809134024
2020-03-19 15:00:00,135.442421292
2020-03-19 15:01:00,134.451283446
2020-03-19 15:02:00,134.564135775
2020-03-19 15:03:00,134.863439778
2020-03-19 15:04:00,135.344288832
2020-03-19 15:05:00,134.578855644
2020-03-19 15:06:00,134.667174858
2020-03-19 15:07:00,133.83314708046
2020-03-19 15:08:00,133.548464814
2020-03-19 15:09:00,133.224627696
2020-03-19 15:10:00,132.694712412
2020-03-19 15:11:00,132.498447492
2020-03-19 15:12:00,133.249160811
2020-03-19 15:13:00,132.886070709
2020-03-19 15:14:00,133.440519108
2020-03-19 15:15:00,133.195187958
2020-03-19 15:16:00,133.725103242
2020-03-19 15:17:00,133.278600549
2020-03-19 15:18:00,133.342386648
2020-03-19 15:19:00,133.582811175
2020-03-19 15:20:00,133.278600549
2020-03-19 15:21:00,133.9831916118
2020-03-19 15:22:00,133.99987413
2020-03-19 15:23:00,133.474865469
2020-03-19 15:24:00,134.37954861774
2020-03-19 15:25:00,134.166699312
2020-03-19 15:26:00,134.353150986
2020-03-19 15:27:00,134.72625059892
2020-03-19 15:28:00,134.765307318
2020-03-19 15:29:00,134.53960266
2020-03-19 15:30:00,134.176512558
2020-03-19 15:31:00,133.980247638
2020-03-19 15:32:00,134.362964232
2020-03-19 15:33:00,134.068566852
2020-03-19 15:34:00,134.078380098
2020-03-19 15:35:00,133.636784028
2020-03-19 15:36:00,133.528838322
2020-03-19 15:37:00,133.224627696
2020-03-19 15:38:00,133.234440942
2020-03-19 15:39:00,132.979296546
2020-03-19 15:40:00,133.06761576
2020-03-19 15:41:00,133.057802514
2020-03-19 15:42:00,133.769262849
2020-03-19 15:43:00,133.813422456
2020-03-19 15:44:00,133.99987413
2020-03-19 15:45:00,134.58866889
2020-03-19 15:46:00,133.617157536
2020-03-19 15:47:00,133.234440942
2020-03-19 15:48:00,132.851724348
2020-03-19 15:49:00,132.989109792
2020-03-19 15:50:00,132.92041707
2020-03-19 15:51:00,132.101011029
2020-03-19 15:52:00,131.4974964
2020-03-19 15:53:00,129.873404187
2020-03-19 15:54:00,129.309142542
2020-03-19 15:55:00,129.294422673
2020-03-19 15:56:00,130.07457573
2020-03-19 15:57:00,130.982300985
2020-03-19 15:58:00,130.638837375
2020-03-19 15:59:00,129.603539922
2020-03-19 16:00:00,130.800755934
2020-03-20 09:31:00,128.082486792
2020-03-20 09:32:00,128.082486792
2020-03-20 09:33:00,128.5535226
2020-03-20 09:34:00,128.053047054
2020-03-20 09:35:00,128.30819145
2020-03-20 09:36:00,128.27443388376
2020-03-20 09:37:00,128.249311974
2020-03-20 09:38:00,127.827342396
2020-03-20 09:39:00,127.601637738
2020-03-20 09:40:00,126.9264864132
2020-03-20 09:41:00,126.83620455
2020-03-20 09:42:00,126.63993963
2020-03-20 09:43:00,126.88527078
2020-03-20 09:44:00,126.1002111
2020-03-20 09:45:00,125.899039557
2020-03-20 09:46:00,126.090397854
2020-03-20 09:47:00,125.874506442
2020-03-20 09:48:00,126.129650838
2020-03-20 09:49:00,126.914710518
2020-03-20 09:50:00,126.14927733
2020-03-20 09:51:00,125.884319688
2020-03-20 09:52:00,126.08068274046
2020-03-20 09:53:00,126.453487956
2020-03-20 09:54:00,126.571246908
2020-03-20 09:55:00,127.42499931
2020-03-20 09:56:00,127.493692032
2020-03-20 09:57:00,126.659566122
2020-03-20 09:58:00,125.305338174
2020-03-20 09:59:00,124.77767993658
2020-03-20 10:00:00,125.153232861
2020-03-20 10:01:00,125.884319688
2020-03-20 10:02:00,125.619362046
2020-03-20 10:03:00,126.090397854
2020-03-20 10:04:00,126.7258055325
2020-03-20 10:05:00,127.513318524
2020-03-20 10:06:00,127.420092687
2020-03-20 10:07:00,126.914710518
2020-03-20 10:08:00,127.214014521
2020-03-20 10:09:00,126.649752876
2020-03-20 10:10:00,125.923572672
2020-03-20 10:11:00,125.040380532
2020-03-20 10:12:00,124.83243784926
2020-03-20 10:13:00,124.274947344
2020-03-20 10:14:00,124.196441376
2020-03-20 10:15:00,124.461399018
2020-03-20 10:16:00,125.96841920622
2020-03-20 10:17:00,125.148326238
2020-03-20 10:18:00,125.06982027
2020-03-20 10:19:00,124.863742104
2020-03-20 10:20:00,125.148326238
2020-03-20 10:21:00,124.981501056
2020-03-20 10:22:00,125.36421765
2020-03-20 10:23:00,125.442723618
2020-03-20 10:24:00,125.109073254
2020-03-20 10:25:00,125.481976602
2020-03-20 10:26:00,125.486883225
2020-03-20 10:27:00,125.26608519
2020-03-20 10:28:00,124.883368596
2020-03-20 10:29:00,125.192485845
2020-03-20 10:30:00,125.26608519
2020-03-20 10:31:00,125.41328388
2020-03-20 10:32:00,125.540856078
2020-03-20 10:33:00,125.535949455
2020-03-20 10:34:00,126.031518378
2020-03-20 10:35:00,126.399515103
2020-03-20 10:36:00,126.831297927
2020-03-20 10:37:00,127.415186064
2020-03-20 10:38:00,127.012842978
2020-03-20 10:39:00,127.37593308
2020-03-20 10:40:00,127.37593308
2020-03-20 10:41:00,127.596731115
2020-03-20 10:42:00,128.102113284
2020-03-20 10:43:00,127.532945016
2020-03-20 10:44:00,127.022656224
2020-03-20 10:45:00,127.611450984
2020-03-20 10:46:00,127.572198
2020-03-20 10:47:00,127.572198
2020-03-20 10:48:00,127.788089412
2020-03-20 10:49:00,128.965678932
2020-03-20 10:50:00,128.5785463773
2020-03-20 10:51:00,128.661468306
2020-03-20 10:52:00,128.01379407
2020-03-20 10:53:00,129.014745162
2020-03-20 10:54:00,129.220823328
2020-03-20 10:55:00,128.573149092
2020-03-20 10:56:00,128.102113284
2020-03-20 10:57:00,128.45539014
2020-03-20 10:58:00,128.690908044
2020-03-20 10:59:00,128.4367449726
2020-03-20 11:00:00,128.278751712
2020-03-20 11:01:00,128.543709354
2020-03-20 11:02:00,127.905848364
2020-03-20 11:03:00,127.689956952
2020-03-20 11:04:00,127.493692032
2020-03-20 11:05:00,127.449532425
2020-03-20 11:06:00,127.797902658
2020-03-20 11:07:00,128.35725768
2020-03-20 11:08:00,127.739023182
2020-03-20 11:09:00,127.464252294
2020-03-20 11:10:00,127.562384754
2020-03-20 11:11:00,127.528038393
2020-03-20 11:12:00,127.616357607
2020-03-20 11:13:00,127.444625802
2020-03-20 11:14:00,127.532945016
2020-03-20 11:15:00,127.582011246
2020-03-20 11:16:00,127.601637738
2020-03-20 11:17:00,127.297427112
2020-03-20 11:18:00,127.444625802
2020-03-20 11:19:00,127.660517214
2020-03-20 11:20:00,127.454439048
2020-03-20 11:21:00,127.788089412
2020-03-20 11:22:00,126.81726498522
2020-03-20 11:23:00,126.860737665
2020-03-20 11:24:00,126.159090576
2020-03-20 11:25:00,125.638988538
2020-03-20 11:26:00,124.893181842
2020-03-20 11:27:00,125.001127548
2020-03-20 11:28:00,124.6282242
2020-03-20 11:29:00,124.6282242
2020-03-20 11:30:00,124.78602119568
2020-03-20 11:31:00,124.799956005
2020-03-20 11:32:00,124.893181842
2020-03-20 11:33:00,125.933385918
2020-03-20 11:34:00,125.23095376932
2020-03-20 11:35:00,125.36421765
2020-03-20 11:36:00,125.16795273
2020-03-20 11:37:00,125.344591158
2020-03-20 11:38:00,125.820533589
2020-03-20 11:39:00,125.51426218134
2020-03-20 11:40:00,125.648801784
2020-03-20 11:41:00,125.688054768
2020-03-20 11:42:00,125.864693196
2020-03-20 11:43:00,125.928479295
2020-03-20 11:44:00,125.972638902
2020-03-20 11:45:00,126.217970052
2020-03-20 11:46:00,125.796000474
2020-03-20 11:47:00,125.634081915
2020-03-20 11:48:00,125.80581372
2020-03-20 11:49:00,126.021705132
2020-03-20 11:50:00,125.967732279
2020-03-20 11:51:00,126.193436937
2020-03-20 11:52:00,126.404421726
2020-03-20 11:53:00,126.453487956
2020-03-20 11:54:00,126.384795234
2020-03-20 11:55:00,126.267036282
2020-03-20 11:56:00,126.625219761
2020-03-20 11:57:00,126.865644288
2020-03-20 11:58:00,126.963776748
2020-03-20 11:59:00,126.630126384
2020-03-20 12:00:00,126.34554225
2020-03-20 12:01:00,126.404421726
2020-03-20 12:02:00,126.39460848
2020-03-20 12:03:00,126.414234972
2020-03-20 12:04:00,125.933385918
2020-03-20 12:05:00,125.550669324
2020-03-20 12:06:00,125.295524928
2020-03-20 12:07:00,124.97168781
2020-03-20 12:08:00,125.24636056554
2020-03-20 12:09:00,125.109073254
2020-03-20 12:10:00,124.942248072
2020-03-20 12:11:00,125.187579222
2020-03-20 12:12:00,124.952061318
2020-03-20 12:13:00,125.270991813
2020-03-20 12:14:00,125.383844142
2020-03-20 12:15:00,125.31515142
2020-03-20 12:16:00,125.295524928
2020-03-20 12:17:00,125.226832206
2020-03-20 12:18:00,125.374030896
2020-03-20 12:19:00,125.526136209
2020-03-20 12:20:00,125.923572672
2020-03-20 12:21:00,125.992265394
2020-03-20 12:22:00,125.746934244
2020-03-20 12:23:00,125.692961391
2020-03-20 12:24:00,125.393657388
2020-03-20 12:25:00,125.835253458
2020-03-20 12:26:00,125.56048257
2020-03-20 12:27:00,125.197392468
2020-03-20 12:28:00,124.907901711
2020-03-20 12:29:00,124.667477184
2020-03-20 12:30:00,124.598784462
2020-03-20 12:31:00,124.706730168
2020-03-20 12:32:00,124.981501056
2020-03-20 12:33:00,124.515371871
2020-03-20 12:34:00,124.706730168
2020-03-20 12:35:00,124.687103676
2020-03-20 12:36:00,124.87355535
2020-03-20 12:37:00,125.010940794
2020-03-20 12:38:00,124.7342072568
2020-03-20 12:39:00,124.549718232
2020-03-20 12:40:00,124.245507606
2020-03-20 12:41:00,124.53440956824
2020-03-20 12:42:00,124.67729043
2020-03-20 12:43:00,124.755796398
2020-03-20 12:44:00,125.02075404
2020-03-20 12:45:00,124.942248072
2020-03-20 12:46:00,124.92262158
2020-03-20 12:47:00,125.099260008
2020-03-20 12:48:00,125.766560736
2020-03-20 12:49:00,125.638988538
2020-03-20 12:50:00,125.97254076954
2020-03-20 12:51:00,126.031518378
2020-03-20 12:52:00,125.845066704
2020-03-20 12:53:00,126.070771362
2020-03-20 12:54:00,125.796000474
2020-03-20 12:55:00,125.638988538
2020-03-20 12:56:00,125.604642177
2020-03-20 12:57:00,125.570295816
2020-03-20 12:58:00,125.383844142
2020-03-20 12:59:00,125.050193778
2020-03-20 13:00:00,125.305338174
2020-03-20 13:01:00,125.040380532
2020-03-20 13:02:00,125.688054768
2020-03-20 13:03:00,125.678241522
2020-03-20 13:04:00,125.295524928
2020-03-20 13:05:00,125.432910372
2020-03-20 13:06:00,125.280805059
2020-03-20 13:07:00,125.109073254
2020-03-20 13:08:00,125.001127548
2020-03-20 13:09:00,125.452536864
2020-03-20 13:10:00,125.531042832
2020-03-20 13:11:00,125.32820303718
2020-03-20 13:12:00,125.5644078684
2020-03-20 13:13:00,125.67461062098
2020-03-20 13:14:00,125.31515142
2020-03-20 13:15:00,125.138512992
2020-03-20 13:16:00,125.36421765
2020-03-20 13:17:00,125.22791166306
2020-03-20 13:18:00,125.65861503
2020-03-20 13:19:00,125.51141634
2020-03-20 13:20:00,125.148326238
2020-03-20 13:21:00,125.36421765
2020-03-20 13:22:00,125.467256733
2020-03-20 13:23:00,125.374030896
2020-03-20 13:24:00,125.275898436
2020-03-20 13:25:00,125.589922308
2020-03-20 13:26:00,124.97168781
2020-03-20 13:27:00,124.888275219
2020-03-20 13:28:00,125.36421765
2020-03-20 13:29:00,125.295524928
2020-03-20 13:30:00,124.72635666
2020-03-20 13:31:00,125.226832206
2020-03-20 13:32:00,124.986407679
2020-03-20 13:33:00,125.285711682
2020-03-20 13:34:00,124.893181842
2020-03-20 13:35:00,125.16795273
2020-03-20 13:36:00,125.305338174
2020-03-20 13:37:00,124.942248072
2020-03-20 13:38:00,125.06982027
2020-03-20 13:39:00,125.36421765
2020-03-20 13:40:00,125.61327783348
2020-03-20 13:41:00,125.66273659332
2020-03-20 13:42:00,125.56048257
2020-03-20 13:43:00,125.643895161
2020-03-20 13:44:00,125.295524928
2020-03-20 13:45:00,125.109073254
2020-03-20 13:46:00,125.285711682
2020-03-20 13:47:00,125.472163356
2020-03-20 13:48:00,125.354404404
2020-03-20 13:49:00,125.44262548554
2020-03-20 13:50:00,125.182672599
2020-03-20 13:51:00,125.36421765
2020-03-20 13:52:00,125.36421765
2020-03-20 13:53:00,125.275898436
2020-03-20 13:54:00,125.270991813
2020-03-20 13:55:00,124.785236136
2020-03-20 13:56:00,125.02075404
2020-03-20 13:57:00,125.02075404
2020-03-20 13:58:00,124.598784462
2020-03-20 13:59:00,124.755796398
2020-03-20 14:00:00,124.72635666
2020-03-20 14:01:00,125.109073254
2020-03-20 14:02:00,124.89524262366
2020-03-20 14:03:00,124.893181842
2020-03-20 14:04:00,124.765609644
2020-03-20 14:05:00,124.790142759
2020-03-20 14:06:00,125.442723618
2020-03-20 14:07:00,125.835253458
2020-03-20 14:08:00,125.599735554
2020-03-20 14:09:00,125.825440212
2020-03-20 14:10:00,125.65861503
2020-03-20 14:11:00,125.540856078
2020-03-20 14:12:00,125.634081915
2020-03-20 14:13:00,125.187579222
2020-03-20 14:14:00,125.324964666
2020-03-20 14:15:00,125.5231922352
2020-03-20 14:16:00,125.177765976
2020-03-20 14:17:00,125.128699746
2020-03-20 14:18:00,124.8416623005
2020-03-20 14:19:00,124.623317577
2020-03-20 14:20:00,124.819582497
2020-03-20 14:21:00,124.834302366
2020-03-20 14:22:00,125.015847417
2020-03-20 14:23:00,124.608597708
2020-03-20 14:24:00,124.176814884
2020-03-20 14:25:00,124.108122162
2020-03-20 14:26:00,123.902043996
2020-03-20 14:27:00,123.89223075
2020-03-20 14:28:00,123.9241237995
2020-03-20 14:29:00,124.009989702
2020-03-20 14:30:00,124.09006578936
2020-03-20 14:31:00,124.265134098
2020-03-20 14:32:00,124.309293705
2020-03-20 14:33:00,123.852977766
2020-03-20 14:34:00,123.911857242
2020-03-20 14:35:00,123.862791012
2020-03-20 14:36:00,123.99036321
2020-03-20 14:37:00,124.43195928
2020-03-20 14:38:00,123.705779076
2020-03-20 14:39:00,123.661619469
2020-03-20 14:40:00,123.656712846
2020-03-20 14:41:00,123.573300255
2020-03-20 14:42:00,123.519327402
2020-03-20 14:43:00,123.519327402
2020-03-20 14:44:00,123.175863792
2020-03-20 14:45:00,123.529140648
2020-03-20 14:46:00,122.95997238
2020-03-20 14:47:00,123.519327402
2020-03-20 14:48:00,123.126797562
2020-03-20 14:49:00,123.59783337
2020-03-20 14:50:00,123.705779076
2020-03-20 14:51:00,123.54866900754
2020-03-20 14:52:00,123.48085947768
2020-03-20 14:53:00,123.20530353
2020-03-20 14:54:00,122.891279658
2020-03-20 14:55:00,122.341737882
2020-03-20 14:56:00,122.351551128
2020-03-20 14:57:00,121.959021288
2020-03-20 14:58:00,121.959021288
2020-03-20 14:59:00,122.1749127
2020-03-20 15:00:00,122.351551128
2020-03-20 15:01:00,122.331924636
2020-03-20 15:02:00,122.655761754
2020-03-20 15:03:00,122.552722671
2020-03-20 15:04:00,122.0296766592
2020-03-20 15:05:00,121.900141812
2020-03-20 15:06:00,122.1749127
2020-03-20 15:07:00,122.768614083
2020-03-20 15:08:00,122.376084243
2020-03-20 15:09:00,122.626322016
2020-03-20 15:10:00,122.165099454
2020-03-20 15:11:00,122.361364374
2020-03-20 15:12:00,122.783333952
2020-03-20 15:13:00,122.773520706
2020-03-20 15:14:00,122.739174345
2020-03-20 15:15:00,122.856933297
2020-03-20 15:16:00,123.342688974
2020-03-20 15:17:00,122.645948508
2020-03-20 15:18:00,122.214165684
2020-03-20 15:19:00,121.821635844
2020-03-20 15:20:00,121.458545742
2020-03-20 15:21:00,121.497798726
2020-03-20 15:22:00,121.723503384
2020-03-20 15:23:00,121.694063646
2020-03-20 15:24:00,121.58611794
2020-03-20 15:25:00,121.53705171
2020-03-20 15:26:00,121.59082829808
2020-03-20 15:27:00,122.508563064
2020-03-20 15:28:00,122.719547853
2020-03-20 15:29:00,122.95997238
2020-03-20 15:30:00,123.416288319
2020-03-20 15:31:00,123.803911536
2020-03-20 15:32:00,123.121890939
2020-03-20 15:33:00,122.577255786
2020-03-20 15:34:00,122.49757222848
2020-03-20 15:35:00,122.881466412
2020-03-20 15:36:00,122.184725946
2020-03-20 15:37:00,122.204352438
2020-03-20 15:38:00,121.6842504
2020-03-20 15:39:00,120.722552292
2020-03-20 15:40:00,120.840311244
2020-03-20 15:41:00,121.0684692135
2020-03-20 15:42:00,121.321160298
2020-03-20 15:43:00,121.43891925
2020-03-20 15:44:00,120.644046324
2020-03-20 15:45:00,120.01599858
2020-03-20 15:46:00,119.417390574
2020-03-20 15:47:00,118.975794504
2020-03-20 15:48:00,119.7216012
2020-03-20 15:49:00,120.074878056
2020-03-20 15:50:00,119.598935625
2020-03-20 15:51:00,118.750089846
2020-03-20 15:52:00,118.092602364
2020-03-20 15:53:00,118.288867284
2020-03-20 15:54:00,118.043536134
2020-03-20 15:55:00,118.229987808
2020-03-20 15:56:00,118.79974487076
2020-03-20 15:57:00,119.338884606
2020-03-20 15:58:00,119.633281986
2020-03-20 15:59:00,120.168103893
2020-03-20 16:00:00,120.104317794
2020-03-23 09:31:00,118.377186498
2020-03-23 09:32:00,118.087695741
2020-03-23 09:33:00,119.589122379
2020-03-23 09:34:00,119.235845523
2020-03-23 09:35:00,118.808969322
2020-03-23 09:36:00,119.044487226
2020-03-23 09:37:00,119.662721724
2020-03-23 09:38:00,119.15213853462
2020-03-23 09:39:00,119.113179948
2020-03-23 09:40:00,118.53890879208
2020-03-23 09:41:00,118.426252728
2020-03-23 09:42:00,117.032771796
2020-03-23 09:43:00,116.807067138
2020-03-23 09:44:00,116.900292975
2020-03-23 09:45:00,116.934639336
2020-03-23 09:46:00,116.2869651
2020-03-23 09:47:00,115.374333222
2020-03-23 09:48:00,116.43445818738
2020-03-23 09:49:00,116.32935832272
2020-03-23 09:50:00,116.610802218
2020-03-23 09:51:00,116.82669363
2020-03-23 09:52:00,117.386048652
2020-03-23 09:53:00,116.424350544
2020-03-23 09:54:00,116.620615464
2020-03-23 09:55:00,116.63042871
2020-03-23 09:56:00,116.67949494
2020-03-23 09:57:00,116.699121432
2020-03-23 09:58:00,117.052398288
2020-03-23 09:59:00,116.81315135052
2020-03-23 10:00:00,116.247712116
2020-03-23 10:01:00,116.228085624
2020-03-23 10:02:00,116.22111821934
2020-03-23 10:03:00,116.964079074
2020-03-23 10:04:00,116.561735988
2020-03-23 10:05:00,117.582313572
2020-03-23 10:06:00,118.239801054
2020-03-23 10:07:00,117.695165901
2020-03-23 10:08:00,117.52726126194
2020-03-23 10:09:00,117.395861898
2020-03-23 10:10:00,118.122042102
2020-03-23 10:11:00,118.0965276624
2020-03-23 10:12:00,118.93654152
2020-03-23 10:13:00,119.387950836
2020-03-23 10:14:00,119.643095232
2020-03-23 10:15:00,119.412483951
2020-03-23 10:16:00,119.0189727864
2020-03-23 10:17:00,119.554776018
2020-03-23 10:18:00,119.755947561
2020-03-23 10:19:00,119.486083296
2020-03-23 10:20:00,119.211312408
2020-03-23 10:21:00,119.716694577
2020-03-23 10:22:00,119.746134315
2020-03-23 10:23:00,119.461550181
2020-03-23 10:24:00,120.084691302
2020-03-23 10:25:00,120.536100618
2020-03-23 10:26:00,120.36937356846
2020-03-23 10:27:00,120.001278711
2020-03-23 10:28:00,119.996372088
2020-03-23 10:29:00,120.192637008
2020-03-23 10:30:00,120.575353602
2020-03-23 10:31:00,120.123944286
2020-03-23 10:32:00,120.452688027
2020-03-23 10:33:00,120.722552292
2020-03-23 10:34:00,120.95718700386
2020-03-23 10:35:00,121.04521182048
2020-03-23 10:36:00,120.820684752
2020-03-23 10:37:00,120.693112554
2020-03-23 10:38:00,120.619513209
2020-03-23 10:39:00,120.879564228
2020-03-23 10:40:00,121.478172234
2020-03-23 10:41:00,122.145472962
2020-03-23 10:42:00,122.901092904
2020-03-23 10:43:00,124.181721507
2020-03-23 10:44:00,123.862791012
2020-03-23 10:45:00,123.715592322
2020-03-23 10:46:00,123.318155859
2020-03-23 10:47:00,122.969785626
2020-03-23 10:48:00,123.067918086
2020-03-23 10:49:00,123.484981041
2020-03-23 10:50:00,123.970736718
2020-03-23 10:51:00,123.99036321
2020-03-23 10:52:00,124.019802948
2020-03-23 10:53:00,123.99036321
2020-03-23 10:54:00,123.975643341
2020-03-23 10:55:00,122.955065757
2020-03-23 10:56:00,122.380990866
2020-03-23 10:57:00,121.694063646
2020-03-23 10:58:00,121.468358988
2020-03-23 10:59:00,120.987509934
2020-03-23 11:00:00,120.614606586
2020-03-23 11:01:00,120.663672816
2020-03-23 11:02:00,120.40852842
2020-03-23 11:03:00,120.148477401
2020-03-23 11:04:00,120.045438318
2020-03-23 11:05:00,120.251516484
2020-03-23 11:06:00,120.722552292
2020-03-23 11:07:00,120.575353602
2020-03-23 11:08:00,120.663672816
2020-03-23 11:09:00,120.398715174
2020-03-23 11:10:00,121.169054985
2020-03-23 11:11:00,121.115082132
2020-03-23 11:12:00,120.776525145
2020-03-23 11:13:00,120.781431768
2020-03-23 11:14:00,120.59851286256
2020-03-23 11:15:00,120.904097343
2020-03-23 11:16:00,120.320209206
2020-03-23 11:17:00,120.035625072
2020-03-23 11:18:00,119.387950836
2020-03-23 11:19:00,119.392857459
2020-03-23 11:20:00,119.309444868
2020-03-23 11:21:00,118.823689191
2020-03-23 11:22:00,118.8575448897
2020-03-23 11:23:00,118.568544795
2020-03-23 11:24:00,118.490038827
2020-03-23 11:25:00,118.54401168
2020-03-23 11:26:00,118.33341942084
2020-03-23 11:27:00,118.2496143
2020-03-23 11:28:00,118.583264664
2020-03-23 11:29:00,118.426252728
2020-03-23 11:30:00,118.043536134
2020-03-23 11:31:00,118.161295086
2020-03-23 11:32:00,118.043536134
2020-03-23 11:33:00,118.357560006
2020-03-23 11:34:00,118.328120268
2020-03-23 11:35:00,118.573451418
2020-03-23 11:36:00,118.195641447
2020-03-23 11:37:00,118.323213645
2020-03-23 11:38:00,118.661770632
2020-03-23 11:39:00,118.220174562
2020-03-23 11:40:00,118.1240047512
2020-03-23 11:41:00,117.950310297
2020-03-23 11:42:00,117.984656658
2020-03-23 11:43:00,118.131855348
2020-03-23 11:44:00,117.896337444
2020-03-23 11:45:00,117.734418885
2020-03-23 11:46:00,117.631379802
2020-03-23 11:47:00,117.984656658
2020-03-23 11:48:00,118.033722888
2020-03-23 11:49:00,118.00428315
2020-03-23 11:50:00,117.70988577
2020-03-23 11:51:00,118.092602364
2020-03-23 11:52:00,118.416439482
2020-03-23 11:53:00,118.818782568
2020-03-23 11:54:00,119.47627005
2020-03-23 11:55:00,119.172059424
2020-03-23 11:56:00,118.769716338
2020-03-23 11:57:00,118.799156076
2020-03-23 11:58:00,118.583264664
2020-03-23 11:59:00,118.647050763
2020-03-23 12:00:00,118.632330894
2020-03-23 12:01:00,118.63203649662
2020-03-23 12:02:00,119.1352597515
2020-03-23 12:03:00,119.947305858
2020-03-23 12:04:00,120.16731883332
2020-03-23 12:05:00,119.81973366
2020-03-23 12:06:00,119.348697852
2020-03-23 12:07:00,118.573451418
2020-03-23 12:08:00,118.161295086
2020-03-23 12:09:00,118.382093121
2020-03-23 12:10:00,117.876710952
2020-03-23 12:11:00,118.043536134
2020-03-23 12:12:00,118.112228856
2020-03-23 12:13:00,117.95521692
2020-03-23 12:14:00,117.891430821
2020-03-23 12:15:00,118.00663832904
2020-03-23 12:16:00,118.15148184
2020-03-23 12:17:00,118.239801054
2020-03-23 12:18:00,118.5400863816
2020-03-23 12:19:00,118.88747529
2020-03-23 12:20:00,118.975794504
2020-03-23 12:21:00,119.28000513
2020-03-23 12:22:00,118.730463354
2020-03-23 12:23:00,118.69121037
2020-03-23 12:24:00,118.49494545
2020-03-23 12:25:00,118.975794504
2020-03-23 12:26:00,118.916915028
2020-03-23 12:27:00,119.196592539
2020-03-23 12:28:00,119.03467398
2020-03-23 12:29:00,119.211312408
2020-03-23 12:30:00,119.3025755958
2020-03-23 12:31:00,118.710836862
2020-03-23 12:32:00,118.867848798
2020-03-23 12:33:00,118.303587153
2020-03-23 12:34:00,118.2520676115
2020-03-23 12:35:00,118.229987808
2020-03-23 12:36:00,118.995420996
2020-03-23 12:37:00,118.49494545
2020-03-23 12:38:00,118.47787040196
2020-03-23 12:39:00,118.86775066554
2020-03-23 12:40:00,118.897288536
2020-03-23 12:41:00,118.975794504
2020-03-23 12:42:00,119.03467398
2020-03-23 12:43:00,119.270191884
2020-03-23 12:44:00,119.682348216
2020-03-23 12:45:00,119.790293922
2020-03-23 12:46:00,120.271142976
2020-03-23 12:47:00,120.207356877
2020-03-23 12:48:00,120.393808551
2020-03-23 12:49:00,120.766711899
2020-03-23 12:50:00,121.223027838
2020-03-23 12:51:00,121.959021288
2020-03-23 12:52:00,121.556678202
2020-03-23 12:53:00,121.752943122
2020-03-23 12:54:00,121.74195228648
2020-03-23 12:55:00,121.512518595
2020-03-23 12:56:00,121.968834534
2020-03-23 12:57:00,122.503656441
2020-03-23 12:58:00,122.170006077
2020-03-23 12:59:00,122.106219978
2020-03-23 13:00:00,121.802009352
2020-03-23 13:01:00,121.654810662
2020-03-23 13:02:00,121.056202656
2020-03-23 13:03:00,121.429106004
2020-03-23 13:04:00,121.483078857
2020-03-23 13:05:00,121.183774854
2020-03-23 13:06:00,121.306440429
2020-03-23 13:07:00,121.752943122
2020-03-23 13:08:00,121.576304694
2020-03-23 13:09:00,121.355506659
2020-03-23 13:10:00,121.703876892
2020-03-23 13:11:00,121.939394796
2020-03-23 13:12:00,122.116033224
2020-03-23 13:13:00,122.606695524
2020-03-23 13:14:00,122.753894214
2020-03-23 13:15:00,122.449683588
2020-03-23 13:16:00,122.351551128
2020-03-23 13:17:00,122.27412461706
2020-03-23 13:18:00,122.096406732
2020-03-23 13:19:00,122.351551128
2020-03-23 13:20:00,122.577255786
2020-03-23 13:21:00,122.636135262
2020-03-23 13:22:00,122.508563064
2020-03-23 13:23:00,122.547816048
2020-03-23 13:24:00,122.184725946
2020-03-23 13:25:00,122.116033224
2020-03-23 13:26:00,121.74587758488
2020-03-23 13:27:00,121.851075582
2020-03-23 13:28:00,121.458545742
2020-03-23 13:29:00,121.311347052
2020-03-23 13:30:00,120.6857526195
2020-03-23 13:31:00,120.379088682
2020-03-23 13:32:00,119.7441716658
2020-03-23 13:33:00,119.908052874
2020-03-23 13:34:00,119.441923689
2020-03-23 13:35:00,119.57440251
2020-03-23 13:36:00,119.486083296
2020-03-23 13:37:00,119.790293922
2020-03-23 13:38:00,119.510616411
2020-03-23 13:39:00,119.554776018
2020-03-23 13:40:00,119.348697852
2020-03-23 13:41:00,119.41032503688
2020-03-23 13:42:00,119.692161462
2020-03-23 13:43:00,119.505709788
2020-03-23 13:44:00,118.779529584
2020-03-23 13:45:00,118.720650108
2020-03-23 13:46:00,118.848222306
2020-03-23 13:47:00,119.201499162
2020-03-23 13:48:00,119.338884606
2020-03-23 13:49:00,119.66144600202
2020-03-23 13:50:00,120.40028529336
2020-03-23 13:51:00,120.40097222058
2020-03-23 13:52:00,119.648001855
2020-03-23 13:53:00,119.726507823
2020-03-23 13:54:00,119.584215756
2020-03-23 13:55:00,120.251516484
2020-03-23 13:56:00,119.976745596
2020-03-23 13:57:00,119.682348216
2020-03-23 13:58:00,119.073926964
2020-03-23 13:59:00,118.759903092
2020-03-23 14:00:00,118.406626236
2020-03-23 14:01:00,120.11413104
2020-03-23 14:02:00,118.215267939
2020-03-23 14:03:00,117.390955275
2020-03-23 14:04:00,117.46455462
2020-03-23 14:05:00,117.739325508
2020-03-23 14:06:00,118.190734824
2020-03-23 14:07:00,118.269240792
2020-03-23 14:08:00,117.847271214
2020-03-23 14:09:00,117.36642216
2020-03-23 14:10:00,117.101464518
2020-03-23 14:11:00,117.3149026185
2020-03-23 14:12:00,117.248663208
2020-03-23 14:13:00,117.51362085
2020-03-23 14:14:00,117.327169176
2020-03-23 14:15:00,117.00568723704
2020-03-23 14:16:00,116.944452582
2020-03-23 14:17:00,117.2682897
2020-03-23 14:18:00,117.17015724
2020-03-23 14:19:00,117.21922347
2020-03-23 14:20:00,117.052398288
2020-03-23 14:21:00,116.964079074
2020-03-23 14:22:00,117.037678419
2020-03-23 14:23:00,117.20754570726
2020-03-23 14:24:00,117.15808694742
2020-03-23 14:25:00,117.597033441
2020-03-23 14:26:00,117.361515537
2020-03-23 14:27:00,117.356608914
2020-03-23 14:28:00,118.2113426406
2020-03-23 14:29:00,118.632330894
2020-03-23 14:30:00,118.180921578
2020-03-23 14:31:00,117.724605639
2020-03-23 14:32:00,117.150530748
2020-03-23 14:33:00,117.454741374
2020-03-23 14:34:00,117.327169176
2020-03-23 14:35:00,117.641193048
2020-03-23 14:36:00,117.189783732
2020-03-23 14:37:00,117.26721024294
2020-03-23 14:38:00,117.386048652
2020-03-23 14:39:00,117.361515537
2020-03-23 14:40:00,117.130904256
2020-03-23 14:41:00,117.503807604
2020-03-23 14:42:00,117.27211686594
2020-03-23 14:43:00,117.70988577
2020-03-23 14:44:00,117.395861898
2020-03-23 14:45:00,117.552873834
2020-03-23 14:46:00,116.8772318469
2020-03-23 14:47:00,116.836506876
2020-03-23 14:48:00,117.062211534
2020-03-23 14:49:00,117.17015724
2020-03-23 14:50:00,118.023909642
2020-03-23 14:51:00,117.199596978
2020-03-23 14:52:00,117.150530748
2020-03-23 14:53:00,117.346795668
2020-03-23 14:54:00,117.31735593
2020-03-23 14:55:00,116.836506876
2020-03-23 14:56:00,116.910106221
2020-03-23 14:57:00,116.67949494
2020-03-23 14:58:00,116.2869651
2020-03-23 14:59:00,116.277151854
2020-03-23 15:00:00,116.306591592
2020-03-23 15:01:00,116.738374416
2020-03-23 15:02:00,116.277151854
2020-03-23 15:03:00,116.080886934
2020-03-23 15:04:00,116.306591592
2020-03-23 15:05:00,116.600988972
2020-03-23 15:06:00,116.375284314
2020-03-23 15:07:00,116.100513426
2020-03-23 15:08:00,116.208459132
2020-03-23 15:09:00,116.473416774
2020-03-23 15:10:00,116.198645886
2020-03-23 15:11:00,116.340937953
2020-03-23 15:12:00,116.012194212
2020-03-23 15:13:00,116.120139918
2020-03-23 15:14:00,116.012194212
2020-03-23 15:15:00,116.031820704
2020-03-23 15:16:00,115.99021254096
2020-03-23 15:17:00,115.938594867
2020-03-23 15:18:00,115.860088899
2020-03-23 15:19:00,115.884622014
2020-03-23 15:20:00,115.757049816
2020-03-23 15:21:00,115.732516701
2020-03-23 15:22:00,115.619664372
2020-03-23 15:23:00,115.300733877
2020-03-23 15:24:00,115.364519976
2020-03-23 15:25:00,115.217321286
2020-03-23 15:26:00,115.173161679
2020-03-23 15:27:00,115.079935842
2020-03-23 15:28:00,115.570598142
2020-03-23 15:29:00,115.678543848
2020-03-23 15:30:00,115.178068302
2020-03-23 15:31:00,115.389053091
2020-03-23 15:32:00,115.25657427
2020-03-23 15:33:00,115.227134532
2020-03-23 15:34:00,115.300733877
2020-03-23 15:35:00,115.560784896
2020-03-23 15:36:00,115.129002072
2020-03-23 15:37:00,115.933688244
2020-03-23 15:38:00,116.223179001
2020-03-23 15:39:00,116.09070018
2020-03-23 15:40:00,115.541158404
2020-03-23 15:41:00,115.06030935
2020-03-23 15:42:00,115.359613353
2020-03-23 15:43:00,115.35470673
2020-03-23 15:44:00,115.7963028
2020-03-23 15:45:00,116.296778346
2020-03-23 15:46:00,116.198645886
2020-03-23 15:47:00,116.983705566
2020-03-23 15:48:00,116.708934678
2020-03-23 15:49:00,116.031820704
2020-03-23 15:50:00,115.19563401234
2020-03-23 15:51:00,116.934639336
2020-03-23 15:52:00,117.58388369136
2020-03-23 15:53:00,118.161295086
2020-03-23 15:54:00,117.631379802
2020-03-23 15:55:00,118.019003019
2020-03-23 15:56:00,118.166201709
2020-03-23 15:57:00,118.033722888
2020-03-23 15:58:00,117.758952
2020-03-23 15:59:00,117.724605639
2020-03-23 16:00:00,116.82669363
2020-03-24 09:31:00,119.402670705
2020-03-24 09:32:00,118.29868053
2020-03-24 09:33:00,119.265285261
2020-03-24 09:34:00,121.115082132
2020-03-24 09:35:00,121.674437154
2020-03-24 09:36:00,120.526287372
2020-03-24 09:37:00,120.958070196
2020-03-24 09:38:00,122.066966994
2020-03-24 09:39:00,120.958070196
2020-03-24 09:40:00,120.467407896
2020-03-24 09:41:00,120.437968158
2020-03-24 09:42:00,119.584215756
2020-03-24 09:43:00,119.613655494
2020-03-24 09:44:00,118.818782568
2020-03-24 09:45:00,118.961074635
2020-03-24 09:46:00,119.093553456
2020-03-24 09:47:00,118.8845313162
2020-03-24 09:48:00,119.08374021
2020-03-24 09:49:00,119.245658769
2020-03-24 09:50:00,120.055251564
2020-03-24 09:51:00,120.35946219
2020-03-24 09:52:00,120.315302583
2020-03-24 09:53:00,120.16349166738
2020-03-24 09:54:00,120.639139701
2020-03-24 09:55:00,120.55572711
2020-03-24 09:56:00,120.55572711
2020-03-24 09:57:00,120.80105826
2020-03-24 09:58:00,120.418341666
2020-03-24 09:59:00,120.383995305
2020-03-24 10:00:00,120.634233078
2020-03-24 10:01:00,120.477221142
2020-03-24 10:02:00,119.7216012
2020-03-24 10:03:00,120.006185334
2020-03-24 10:04:00,120.094504548
2020-03-24 10:05:00,119.589122379
2020-03-24 10:06:00,119.579309133
2020-03-24 10:07:00,119.62346874
2020-03-24 10:08:00,119.319258114
2020-03-24 10:09:00,118.916915028
2020-03-24 10:10:00,118.632330894
2020-03-24 10:11:00,118.504758696
2020-03-24 10:12:00,118.220174562
2020-03-24 10:13:00,117.915963936
2020-03-24 10:14:00,118.161295086
2020-03-24 10:15:00,118.877662044
2020-03-24 10:16:00,118.4601084267
2020-03-24 10:17:00,118.239801054
2020-03-24 10:18:00,118.308493776
2020-03-24 10:19:00,117.572500326
2020-03-24 10:20:00,117.5651403915
2020-03-24 10:21:00,117.278102946
2020-03-24 10:22:00,117.675539409
2020-03-24 10:23:00,117.881617575
2020-03-24 10:24:00,117.690259278
2020-03-24 10:25:00,117.95521692
2020-03-24 10:26:00,118.107322233
2020-03-24 10:27:00,118.848222306
2020-03-24 10:28:00,118.858035552
2020-03-24 10:29:00,118.93654152
2020-03-24 10:30:00,118.51476820692
2020-03-24 10:31:00,118.6529387106
2020-03-24 10:32:00,119.03693102658
2020-03-24 10:33:00,119.211312408
2020-03-24 10:34:00,119.682348216
2020-03-24 10:35:00,119.250565392
2020-03-24 10:36:00,119.338884606
2020-03-24 10:37:00,119.093553456
2020-03-24 10:38:00,119.044487226
2020-03-24 10:39:00,119.255472015
2020-03-24 10:40:00,119.407577328
2020-03-24 10:41:00,119.118086571
2020-03-24 10:42:00,119.57440251
2020-03-24 10:43:00,119.57440251
2020-03-24 10:44:00,119.42720382
2020-03-24 10:45:00,119.358511098
2020-03-24 10:46:00,119.515523034
2020-03-24 10:47:00,119.437017066
2020-03-24 10:48:00,119.486083296
2020-03-24 10:49:00,119.554776018
2020-03-24 10:50:00,119.446830312
2020-03-24 10:51:00,119.338884606
2020-03-24 10:52:00,119.441923689
2020-03-24 10:53:00,119.535149526
2020-03-24 10:54:00,119.613655494
2020-03-24 10:55:00,119.122993194
2020-03-24 10:56:00,119.613655494
2020-03-24 10:57:00,119.594029002
2020-03-24 10:58:00,119.535149526
2020-03-24 10:59:00,119.652908478
2020-03-24 11:00:00,119.741227692
2020-03-24 11:01:00,119.667628347
2020-03-24 11:02:00,119.69049321018
2020-03-24 11:03:00,119.7216012
2020-03-24 11:04:00,119.662721724
2020-03-24 11:05:00,119.515523034
2020-03-24 11:06:00,119.240752146
2020-03-24 11:07:00,119.024860734
2020-03-24 11:08:00,118.862942175
2020-03-24 11:09:00,118.78934283
2020-03-24 11:10:00,118.40672436846
2020-03-24 11:11:00,118.720650108
2020-03-24 11:12:00,118.941448143
2020-03-24 11:13:00,119.2309389
2020-03-24 11:14:00,119.211312408
2020-03-24 11:15:00,119.42720382
2020-03-24 11:16:00,118.907101782
2020-03-24 11:17:00,118.701023616
2020-03-24 11:18:00,118.475318958
2020-03-24 11:19:00,118.524385188
2020-03-24 11:20:00,118.907101782
2020-03-24 11:21:00,118.69121037
2020-03-24 11:22:00,118.823689191
2020-03-24 11:23:00,118.980701127
2020-03-24 11:24:00,118.956168012
2020-03-24 11:25:00,118.750089846
2020-03-24 11:26:00,118.882568667
2020-03-24 11:27:00,119.039580603
2020-03-24 11:28:00,119.387950836
2020-03-24 11:29:00,119.348697852
2020-03-24 11:30:00,119.338884606
2020-03-24 11:31:00,118.9340882085
2020-03-24 11:32:00,119.221125654
2020-03-24 11:33:00,118.705930239
2020-03-24 11:34:00,118.720650108
2020-03-24 11:35:00,119.142619686
2020-03-24 11:36:00,119.162246178
2020-03-24 11:37:00,119.015047488
2020-03-24 11:38:00,118.921821651
2020-03-24 11:39:00,119.08374021
2020-03-24 11:40:00,119.397764082
2020-03-24 11:41:00,119.255472015
2020-03-24 11:42:00,119.456643558
2020-03-24 11:43:00,119.81256999042
2020-03-24 11:44:00,119.829546906
2020-03-24 11:45:00,119.481176673
2020-03-24 11:46:00,119.81973366
2020-03-24 11:47:00,119.643095232
2020-03-24 11:48:00,119.594029002
2020-03-24 11:49:00,119.471363427
2020-03-24 11:50:00,119.618562117
2020-03-24 11:51:00,119.858986644
2020-03-24 11:52:00,119.814827037
2020-03-24 11:53:00,119.775574053
2020-03-24 11:54:00,119.751040938
2020-03-24 11:55:00,119.441923689
2020-03-24 11:56:00,119.780480676
2020-03-24 11:57:00,119.67253497
2020-03-24 11:58:00,119.57440251
2020-03-24 11:59:00,119.682348216
2020-03-24 12:00:00,119.62356687246
2020-03-24 12:01:00,119.731414446
2020-03-24 12:02:00,119.849173398
2020-03-24 12:03:00,119.692161462
2020-03-24 12:04:00,119.800107168
2020-03-24 12:05:00,119.908052874
2020-03-24 12:06:00,120.006185334
2020-03-24 12:07:00,119.86879989
2020-03-24 12:08:00,119.854080021
2020-03-24 12:09:00,119.603842248
2020-03-24 12:10:00,119.594029002
2020-03-24 12:11:00,119.81973366
2020-03-24 12:12:00,119.535149526
2020-03-24 12:13:00,119.800107168
2020-03-24 12:14:00,119.790293922
2020-03-24 12:15:00,119.908052874
2020-03-24 12:16:00,120.094504548
2020-03-24 12:17:00,119.731414446
2020-03-24 12:18:00,120.06506481
2020-03-24 12:19:00,120.06506481
2020-03-24 12:20:00,120.11413104
2020-03-24 12:21:00,120.7029258
2020-03-24 12:22:00,120.840311244
2020-03-24 12:23:00,120.825591375
2020-03-24 12:24:00,120.619513209
2020-03-24 12:25:00,120.094504548
2020-03-24 12:26:00,120.06506481
2020-03-24 12:27:00,120.094504548
2020-03-24 12:28:00,120.300582714
2020-03-24 12:29:00,120.241703238
2020-03-24 12:30:00,120.241703238
2020-03-24 12:31:00,119.701974708
2020-03-24 12:32:00,119.37813759
2020-03-24 12:33:00,119.741227692
2020-03-24 12:34:00,119.849173398
2020-03-24 12:35:00,119.701974708
2020-03-24 12:36:00,119.77066743
2020-03-24 12:37:00,119.603842248
2020-03-24 12:38:00,119.834453529
2020-03-24 12:39:00,120.055251564
2020-03-24 12:40:00,120.271142976
2020-03-24 12:41:00,119.922772743
2020-03-24 12:42:00,119.839360152
2020-03-24 12:43:00,119.908052874
2020-03-24 12:44:00,119.91786612
2020-03-24 12:45:00,119.947305858
2020-03-24 12:46:00,120.15887944176
2020-03-24 12:47:00,119.662721724
2020-03-24 12:48:00,119.86879989
2020-03-24 12:49:00,119.652908478
2020-03-24 12:50:00,119.854080021
2020-03-24 12:51:00,119.947305858
2020-03-24 12:52:00,119.912959497
2020-03-24 12:53:00,119.976745596
2020-03-24 12:54:00,120.241703238
2020-03-24 12:55:00,120.639139701
2020-03-24 12:56:00,120.958070196
2020-03-24 12:57:00,121.257374199
2020-03-24 12:58:00,121.29172056
2020-03-24 12:59:00,120.722552292
2020-03-24 13:00:00,120.31039596
2020-03-24 13:01:00,120.12953783622
2020-03-24 13:02:00,120.428154912
2020-03-24 13:03:00,120.526287372
2020-03-24 13:04:00,120.403621797
2020-03-24 13:05:00,120.256423107
2020-03-24 13:06:00,119.898239628
2020-03-24 13:07:00,119.922772743
2020-03-24 13:08:00,119.91786612
2020-03-24 13:09:00,119.937492612
2020-03-24 13:10:00,119.863893267
2020-03-24 13:11:00,119.47627005
2020-03-24 13:12:00,119.809920414
2020-03-24 13:13:00,119.701974708
2020-03-24 13:14:00,119.878613136
2020-03-24 13:15:00,119.908052874
2020-03-24 13:16:00,120.025811826
2020-03-24 13:17:00,119.947305858
2020-03-24 13:18:00,119.628375363
2020-03-24 13:19:00,119.47627005
2020-03-24 13:20:00,119.437017066
2020-03-24 13:21:00,119.270191884
2020-03-24 13:22:00,119.13280644
2020-03-24 13:23:00,118.956168012
2020-03-24 13:24:00,119.47627005
2020-03-24 13:25:00,119.397764082
2020-03-24 13:26:00,119.358511098
2020-03-24 13:27:00,119.289818376
2020-03-24 13:28:00,119.142619686
2020-03-24 13:29:00,119.240752146
2020-03-24 13:30:00,119.08374021
2020-03-24 13:31:00,119.191685916
2020-03-24 13:32:00,119.2309389
2020-03-24 13:33:00,119.407577328
2020-03-24 13:34:00,119.618562117
2020-03-24 13:35:00,119.48343371958
2020-03-24 13:36:00,119.898239628
2020-03-24 13:37:00,119.387950836
2020-03-24 13:38:00,119.564589264
2020-03-24 13:39:00,119.692161462
2020-03-24 13:40:00,119.662721724
2020-03-24 13:41:00,119.603842248
2020-03-24 13:42:00,119.456643558
2020-03-24 13:43:00,119.093553456
2020-03-24 13:44:00,119.005234242
2020-03-24 13:45:00,118.9429201299
2020-03-24 13:46:00,118.916915028
2020-03-24 13:47:00,118.823689191
2020-03-24 13:48:00,118.799156076
2020-03-24 13:49:00,118.7402766
2020-03-24 13:50:00,118.813875945
2020-03-24 13:51:00,118.122042102
2020-03-24 13:52:00,118.210361316
2020-03-24 13:53:00,117.974843412
2020-03-24 13:54:00,117.98946514854
2020-03-24 13:55:00,118.1446125678
2020-03-24 13:56:00,118.161295086
2020-03-24 13:57:00,118.220174562
2020-03-24 13:58:00,118.308493776
2020-03-24 13:59:00,118.07896195206
2020-03-24 14:00:00,117.729512262
2020-03-24 14:01:00,117.714792393
2020-03-24 14:02:00,117.61175331
2020-03-24 14:03:00,117.719699016
2020-03-24 14:04:00,117.278102946
2020-03-24 14:05:00,116.934639336
2020-03-24 14:06:00,116.895386352
2020-03-24 14:07:00,116.885573106
2020-03-24 14:08:00,116.654961825
2020-03-24 14:09:00,116.650055202
2020-03-24 14:10:00,116.257525362
2020-03-24 14:11:00,115.884622014
2020-03-24 14:12:00,115.91180470542
2020-03-24 14:13:00,115.904248506
2020-03-24 14:14:00,115.82937343902
2020-03-24 14:15:00,115.7060209368
2020-03-24 14:16:00,115.982754474
2020-03-24 14:17:00,116.463603528
2020-03-24 14:18:00,116.704028055
2020-03-24 14:19:00,116.561735988
2020-03-24 14:20:00,116.105420049
2020-03-24 14:21:00,116.149579656
2020-03-24 14:22:00,116.345844576
2020-03-24 14:23:00,116.48323002
2020-03-24 14:24:00,116.885573106
2020-03-24 14:25:00,116.949359205
2020-03-24 14:26:00,116.821787007
2020-03-24 14:27:00,117.356608914
2020-03-24 14:28:00,117.41803983396
2020-03-24 14:29:00,118.014096396
2020-03-24 14:30:00,117.758952
2020-03-24 14:31:00,117.425301636
2020-03-24 14:32:00,117.729512262
2020-03-24 14:33:00,117.474367866
2020-03-24 14:34:00,117.543060588
2020-03-24 14:35:00,117.690259278
2020-03-24 14:36:00,118.161295086
2020-03-24 14:37:00,118.69121037
2020-03-24 14:38:00,118.78934283
2020-03-24 14:39:00,118.131855348
2020-03-24 14:40:00,118.264334169
2020-03-24 14:41:00,117.945403674
2020-03-24 14:42:00,117.896337444
2020-03-24 14:43:00,118.04000336544
2020-03-24 14:44:00,118.033722888
2020-03-24 14:45:00,118.308493776
2020-03-24 14:46:00,118.35618615156
2020-03-24 14:47:00,117.739325508
2020-03-24 14:48:00,118.058256003
2020-03-24 14:49:00,117.670632786
2020-03-24 14:50:00,117.896337444
2020-03-24 14:51:00,118.406626236
2020-03-24 14:52:00,118.64214414
2020-03-24 14:53:00,118.357560006
2020-03-24 14:54:00,118.965981258
2020-03-24 14:55:00,118.907101782
2020-03-24 14:56:00,118.597984533
2020-03-24 14:57:00,118.916915028
2020-03-24 14:58:00,119.603842248
2020-03-24 14:59:00,119.47627005
2020-03-24 15:00:00,119.814827037
2020-03-24 15:01:00,119.81973366
2020-03-24 15:02:00,119.986558842
2020-03-24 15:03:00,120.011091957
2020-03-24 15:04:00,120.074878056
2020-03-24 15:05:00,120.030718449
2020-03-24 15:06:00,120.16319727
2020-03-24 15:07:00,120.074878056
2020-03-24 15:08:00,120.011091957
2020-03-24 15:09:00,120.276049599
2020-03-24 15:10:00,120.442874781
2020-03-24 15:11:00,120.315302583
2020-03-24 15:12:00,120.143570778
2020-03-24 15:13:00,119.91786612
2020-03-24 15:14:00,120.094504548
2020-03-24 15:15:00,119.96693235
2020-03-24 15:16:00,120.437968158
2020-03-24 15:17:00,120.60479334
2020-03-24 15:18:00,120.231889992
2020-03-24 15:19:00,120.810871506
2020-03-24 15:20:00,120.634233078
2020-03-24 15:21:00,120.487034388
2020-03-24 15:22:00,120.7029258
2020-03-24 15:23:00,120.45759465
2020-03-24 15:24:00,120.035625072
2020-03-24 15:25:00,119.834453529
2020-03-24 15:26:00,119.687254839
2020-03-24 15:27:00,119.741227692
2020-03-24 15:28:00,119.86879989
2020-03-24 15:29:00,119.657815101
2020-03-24 15:30:00,119.878613136
2020-03-24 15:31:00,119.824640283
2020-03-24 15:32:00,120.153384024
2020-03-24 15:33:00,120.320209206
2020-03-24 15:34:00,120.418341666
2020-03-24 15:35:00,120.231889992
2020-03-24 15:36:00,120.2230580706
2020-03-24 15:37:00,120.349648944
2020-03-24 15:38:00,120.433061535
2020-03-24 15:39:00,120.339835698
2020-03-24 15:40:00,120.222076746
2020-03-24 15:41:00,120.280956222
2020-03-24 15:42:00,120.202450254
2020-03-24 15:43:00,119.81207932812
2020-03-24 15:44:00,119.594029002
2020-03-24 15:45:00,119.15802648222
2020-03-24 15:46:00,118.88747529
2020-03-24 15:47:00,118.622517648
2020-03-24 15:48:00,118.485132204
2020-03-24 15:49:00,118.229987808
2020-03-24 15:50:00,118.416439482
2020-03-24 15:51:00,119.221125654
2020-03-24 15:52:00,120.006185334
2020-03-24 15:53:00,119.898239628
2020-03-24 15:54:00,119.47627005
2020-03-24 15:55:00,119.682348216
2020-03-24 15:56:00,119.908052874
2020-03-24 15:57:00,120.074878056
2020-03-24 15:58:00,121.09545564
2020-03-24 15:59:00,121.090549017
2020-03-24 16:00:00,120.594980094
2020-03-25 09:31:00,118.05334938
2020-03-25 09:32:00,117.36642216
2020-03-25 09:33:00,117.704979147
2020-03-25 09:34:00,117.395861898
2020-03-25 09:35:00,117.675539409
2020-03-25 09:36:00,117.778578492
2020-03-25 09:37:00,118.926728274
2020-03-25 09:38:00,118.39681299
2020-03-25 09:39:00,118.6269336087
2020-03-25 09:40:00,117.778578492
2020-03-25 09:41:00,117.901244067
2020-03-25 09:42:00,118.112228856
2020-03-25 09:43:00,119.47627005
2020-03-25 09:44:00,119.495896542
2020-03-25 09:45:00,119.441923689
2020-03-25 09:46:00,119.319258114
2020-03-25 09:47:00,119.319258114
2020-03-25 09:48:00,118.98668720706
2020-03-25 09:49:00,118.882568667
2020-03-25 09:50:00,119.113179948
2020-03-25 09:51:00,119.402670705
2020-03-25 09:52:00,119.069020341
2020-03-25 09:53:00,118.661770632
2020-03-25 09:54:00,118.588171287
2020-03-25 09:55:00,119.10444615906
2020-03-25 09:56:00,118.7402766
2020-03-25 09:57:00,118.49494545
2020-03-25 09:58:00,118.077882495
2020-03-25 09:59:00,117.95521692
2020-03-25 10:00:00,117.70988577
2020-03-25 10:01:00,117.61175331
2020-03-25 10:02:00,118.337933514
2020-03-25 10:03:00,118.014096396
2020-03-25 10:04:00,118.063162626
2020-03-25 10:05:00,117.852177837
2020-03-25 10:06:00,117.80801823
2020-03-25 10:07:00,117.714792393
2020-03-25 10:08:00,117.768765246
2020-03-25 10:09:00,117.945403674
2020-03-25 10:10:00,117.773671869
2020-03-25 10:11:00,117.80801823
2020-03-25 10:12:00,117.871804329
2020-03-25 10:13:00,118.014096396
2020-03-25 10:14:00,118.225081185
2020-03-25 10:15:00,118.239801054
2020-03-25 10:16:00,118.141668594
2020-03-25 10:17:00,118.161295086
2020-03-25 10:18:00,118.092602364
2020-03-25 10:19:00,118.180921578
2020-03-25 10:20:00,118.131855348
2020-03-25 10:21:00,118.377186498
2020-03-25 10:22:00,118.534198434
2020-03-25 10:23:00,118.784436207
2020-03-25 10:24:00,119.005234242
2020-03-25 10:25:00,118.661770632
2020-03-25 10:26:00,118.602891156
2020-03-25 10:27:00,118.602891156
2020-03-25 10:28:00,118.39681299
2020-03-25 10:29:00,118.323213645
2020-03-25 10:30:00,117.994469904
2020-03-25 10:31:00,118.215267939
2020-03-25 10:32:00,117.700072524
2020-03-25 10:33:00,117.680446032
2020-03-25 10:34:00,117.430208259
2020-03-25 10:35:00,117.803111607
2020-03-25 10:36:00,117.798204984
2020-03-25 10:37:00,117.837457968
2020-03-25 10:38:00,117.945403674
2020-03-25 10:39:00,117.896337444
2020-03-25 10:40:00,118.126948725
2020-03-25 10:41:00,118.2496143
2020-03-25 10:42:00,118.122042102
2020-03-25 10:43:00,118.2496143
2020-03-25 10:44:00,118.131855348
2020-03-25 10:45:00,118.44587922
2020-03-25 10:46:00,118.926728274
2020-03-25 10:47:00,118.848222306
2020-03-25 10:48:00,118.7402766
2020-03-25 10:49:00,118.7402766
2020-03-25 10:50:00,119.397764082
2020-03-25 10:51:00,119.103366702
2020-03-25 10:52:00,119.422297197
2020-03-25 10:53:00,119.751040938
2020-03-25 10:54:00,119.957119104
2020-03-25 10:55:00,119.711787954
2020-03-25 10:56:00,119.52533628
2020-03-25 10:57:00,119.284911753
2020-03-25 10:58:00,119.069020341
2020-03-25 10:59:00,119.221125654
2020-03-25 11:00:00,119.324164737
2020-03-25 11:01:00,119.201499162
2020-03-25 11:02:00,119.309444868
2020-03-25 11:03:00,119.47627005
2020-03-25 11:04:00,119.437017066
2020-03-25 11:05:00,119.544962772
2020-03-25 11:06:00,119.863893267
2020-03-25 11:07:00,120.320209206
2020-03-25 11:08:00,120.60479334
2020-03-25 11:09:00,120.815778129
2020-03-25 11:10:00,121.085642394
2020-03-25 11:11:00,120.673486062
2020-03-25 11:12:00,120.35946219
2020-03-25 11:13:00,120.089597925
2020-03-25 11:14:00,120.143570778
2020-03-25 11:15:00,119.986558842
2020-03-25 11:16:00,119.986558842
2020-03-25 11:17:00,119.172059424
2020-03-25 11:18:00,119.652908478
2020-03-25 11:19:00,120.20598302256
2020-03-25 11:20:00,120.320209206
2020-03-25 11:21:00,120.192637008
2020-03-25 11:22:00,119.67253497
2020-03-25 11:23:00,119.45105000778
2020-03-25 11:24:00,119.711787954
2020-03-25 11:25:00,120.177917139
2020-03-25 11:26:00,120.712739046
2020-03-25 11:27:00,120.943350327
2020-03-25 11:28:00,120.648952947
2020-03-25 11:29:00,120.815778129
2020-03-25 11:30:00,120.781431768
2020-03-25 11:31:00,120.526287372
2020-03-25 11:32:00,120.722552292
2020-03-25 11:33:00,120.634233078
2020-03-25 11:34:00,120.712739046
2020-03-25 11:35:00,120.62873766024
2020-03-25 11:36:00,120.084691302
2020-03-25 11:37:00,120.231889992
2020-03-25 11:38:00,120.526287372
2020-03-25 11:39:00,120.148477401
2020-03-25 11:40:00,120.192637008
2020-03-25 11:41:00,119.505709788
2020-03-25 11:42:00,119.417390574
2020-03-25 11:43:00,119.446830312
2020-03-25 11:44:00,119.564589264
2020-03-25 11:45:00,119.383044213
2020-03-25 11:46:00,118.975794504
2020-03-25 11:47:00,119.2309389
2020-03-25 11:48:00,119.1681341256
2020-03-25 11:49:00,119.28000513
2020-03-25 11:50:00,119.260378638
2020-03-25 11:51:00,119.260378638
2020-03-25 11:52:00,119.309444868
2020-03-25 11:53:00,119.319258114
2020-03-25 11:54:00,119.319258114
2020-03-25 11:55:00,119.407577328
2020-03-25 11:56:00,119.422297197
2020-03-25 11:57:00,119.564589264
2020-03-25 11:58:00,119.814827037
2020-03-25 11:59:00,119.633281986
2020-03-25 12:00:00,119.594029002
2020-03-25 12:01:00,119.652908478
2020-03-25 12:02:00,119.6543804649
2020-03-25 12:03:00,119.711787954
2020-03-25 12:04:00,119.790293922
2020-03-25 12:05:00,120.020905203
2020-03-25 12:06:00,120.241703238
2020-03-25 12:07:00,120.020905203
2020-03-25 12:08:00,120.045438318
2020-03-25 12:09:00,120.104317794
2020-03-25 12:10:00,120.01599858
2020-03-25 12:11:00,119.780480676
2020-03-25 12:12:00,119.594029002
2020-03-25 12:13:00,119.780480676
2020-03-25 12:14:00,119.91786612
2020-03-25 12:15:00,120.290769468
2020-03-25 12:16:00,120.45759465
2020-03-25 12:17:00,120.624419832
2020-03-25 12:18:00,120.742178784
2020-03-25 12:19:00,120.722552292
2020-03-25 12:20:00,120.531193995
2020-03-25 12:21:00,120.594980094
2020-03-25 12:22:00,120.496847634
2020-03-25 12:23:00,120.634233078
2020-03-25 12:24:00,120.437968158
2020-03-25 12:25:00,120.732365538
2020-03-25 12:26:00,120.771618522
2020-03-25 12:27:00,120.7029258
2020-03-25 12:28:00,120.742178784
2020-03-25 12:29:00,120.80105826
2020-03-25 12:30:00,120.717645669
2020-03-25 12:31:00,120.820684752
2020-03-25 12:32:00,120.688205931
2020-03-25 12:33:00,120.742178784
2020-03-25 12:34:00,120.771618522
2020-03-25 12:35:00,121.262280822
2020-03-25 12:36:00,121.115082132
2020-03-25 12:37:00,121.075829148
2020-03-25 12:38:00,121.53705171
2020-03-25 12:39:00,121.644997416
2020-03-25 12:40:00,121.959021288
2020-03-25 12:41:00,122.008087518
2020-03-25 12:42:00,122.096406732
2020-03-25 12:43:00,122.253418668
2020-03-25 12:44:00,122.302484898
2020-03-25 12:45:00,122.42024385
2020-03-25 12:46:00,122.400617358
2020-03-25 12:47:00,122.43084215568
2020-03-25 12:48:00,122.27304516
2020-03-25 12:49:00,122.106219978
2020-03-25 12:50:00,121.949208042
2020-03-25 12:51:00,122.361364374
2020-03-25 12:52:00,122.410430604
2020-03-25 12:53:00,122.5321148544
2020-03-25 12:54:00,122.341737882
2020-03-25 12:55:00,121.83144909
2020-03-25 12:56:00,121.507611972
2020-03-25 12:57:00,121.507611972
2020-03-25 12:58:00,121.507611972
2020-03-25 12:59:00,121.48798548
2020-03-25 13:00:00,121.321160298
2020-03-25 13:01:00,121.527238464
2020-03-25 13:02:00,121.272094068
2020-03-25 13:03:00,121.448732496
2020-03-25 13:04:00,121.743129876
2020-03-25 13:05:00,122.361364374
2020-03-25 13:06:00,122.484029949
2020-03-25 13:07:00,122.97145387782
2020-03-25 13:08:00,123.023758479
2020-03-25 13:09:00,123.42109680954
2020-03-25 13:10:00,123.273996252
2020-03-25 13:11:00,123.313249236
2020-03-25 13:12:00,123.018851856
2020-03-25 13:13:00,123.126797562
2020-03-25 13:14:00,123.028665102
2020-03-25 13:15:00,122.969785626
2020-03-25 13:16:00,122.984505495
2020-03-25 13:17:00,122.940345888
2020-03-25 13:18:00,123.0993204732
2020-03-25 13:19:00,123.30343599
2020-03-25 13:20:00,123.543860517
2020-03-25 13:21:00,123.784285044
2020-03-25 13:22:00,123.480074418
2020-03-25 13:23:00,123.431008188
2020-03-25 13:24:00,123.509514156
2020-03-25 13:25:00,123.332875728
2020-03-25 13:26:00,123.05064677304
2020-03-25 13:27:00,122.832400182
2020-03-25 13:28:00,122.744080968
2020-03-25 13:29:00,122.793147198
2020-03-25 13:30:00,123.102264447
2020-03-25 13:31:00,123.013945233
2020-03-25 13:32:00,122.842213428
2020-03-25 13:33:00,122.7902032242
2020-03-25 13:34:00,122.950159134
2020-03-25 13:35:00,123.097357824
2020-03-25 13:36:00,122.945252511
2020-03-25 13:37:00,122.989412118
2020-03-25 13:38:00,123.02876323446
2020-03-25 13:39:00,123.431008188
2020-03-25 13:40:00,123.30343599
2020-03-25 13:41:00,123.048291594
2020-03-25 13:42:00,123.180770415
2020-03-25 13:43:00,123.126797562
2020-03-25 13:44:00,123.048291594
2020-03-25 13:45:00,123.09951673812
2020-03-25 13:46:00,123.185677038
2020-03-25 13:47:00,123.166050546
2020-03-25 13:48:00,123.59655764802
2020-03-25 13:49:00,123.40156845
2020-03-25 13:50:00,123.35250222
2020-03-25 13:51:00,123.440821434
2020-03-25 13:52:00,123.519327402
2020-03-25 13:53:00,123.509514156
2020-03-25 13:54:00,123.3564275184
2020-03-25 13:55:00,123.215116776
2020-03-25 13:56:00,123.234743268
2020-03-25 13:57:00,123.234743268
2020-03-25 13:58:00,122.91090615
2020-03-25 13:59:00,122.920719396
2020-03-25 14:00:00,122.86183992
2020-03-25 14:01:00,122.577255786
2020-03-25 14:02:00,122.341737882
2020-03-25 14:03:00,122.086593486
2020-03-25 14:04:00,121.29172056
2020-03-25 14:05:00,121.625370924
2020-03-25 14:06:00,121.026762918
2020-03-25 14:07:00,121.14452187
2020-03-25 14:08:00,121.026762918
2020-03-25 14:09:00,120.781431768
2020-03-25 14:10:00,120.75199203
2020-03-25 14:11:00,120.928630458
2020-03-25 14:12:00,121.24265433
2020-03-25 14:13:00,121.370226528
2020-03-25 14:14:00,121.772569614
2020-03-25 14:15:00,121.738223253
2020-03-25 14:16:00,122.066966994
2020-03-25 14:17:00,122.057153748
2020-03-25 14:18:00,122.10464985864
2020-03-25 14:19:00,122.52308666808
2020-03-25 14:20:00,122.989412118
2020-03-25 14:21:00,122.86183992
2020-03-25 14:22:00,122.655761754
2020-03-25 14:23:00,122.538002802
2020-03-25 14:24:00,122.22505838706
2020-03-25 14:25:00,122.170006077
2020-03-25 14:26:00,122.047340502
2020-03-25 14:27:00,122.165099454
2020-03-25 14:28:00,121.89023043354
2020-03-25 14:29:00,121.870702074
2020-03-25 14:30:00,121.959021288
2020-03-25 14:31:00,121.792196106
2020-03-25 14:32:00,121.841262336
2020-03-25 14:33:00,121.674437154
2020-03-25 14:34:00,121.468358988
2020-03-25 14:35:00,121.04638941
2020-03-25 14:36:00,120.96287868654
2020-03-25 14:37:00,121.16669980596
2020-03-25 14:38:00,121.267187445
2020-03-25 14:39:00,121.399666266
2020-03-25 14:40:00,121.73331663
2020-03-25 14:41:00,121.58611794
2020-03-25 14:42:00,121.429106004
2020-03-25 14:43:00,121.399666266
2020-03-25 14:44:00,121.507611972
2020-03-25 14:45:00,121.566491448
2020-03-25 14:46:00,121.625370924
2020-03-25 14:47:00,122.017900764
2020-03-25 14:48:00,122.331924636
2020-03-25 14:49:00,122.135659716
2020-03-25 14:50:00,122.0296766592
2020-03-25 14:51:00,121.900141812
2020-03-25 14:52:00,121.816729221
2020-03-25 14:53:00,121.713690138
2020-03-25 14:54:00,121.473265611
2020-03-25 14:55:00,121.58611794
2020-03-25 14:56:00,122.017900764
2020-03-25 14:57:00,122.253418668
2020-03-25 14:58:00,122.488936572
2020-03-25 14:59:00,122.37117762
2020-03-25 15:00:00,122.498749818
2020-03-25 15:01:00,122.498749818
2020-03-25 15:02:00,122.611602147
2020-03-25 15:03:00,122.729361099
2020-03-25 15:04:00,122.636135262
2020-03-25 15:05:00,122.822586936
2020-03-25 15:06:00,122.783333952
2020-03-25 15:07:00,122.528189556
2020-03-25 15:08:00,122.547816048
2020-03-25 15:09:00,122.51837631
2020-03-25 15:10:00,122.587069032
2020-03-25 15:11:00,122.341737882
2020-03-25 15:12:00,121.968834534
2020-03-25 15:13:00,121.993367649
2020-03-25 15:14:00,121.890328566
2020-03-25 15:15:00,122.07678024
2020-03-25 15:16:00,122.263231914
2020-03-25 15:17:00,122.204352438
2020-03-25 15:18:00,122.253418668
2020-03-25 15:19:00,122.380990866
2020-03-25 15:20:00,122.27304516
2020-03-25 15:21:00,122.282858406
2020-03-25 15:22:00,121.998274272
2020-03-25 15:23:00,122.233792176
2020-03-25 15:24:00,122.263231914
2020-03-25 15:25:00,122.27304516
2020-03-25 15:26:00,122.165099454
2020-03-25 15:27:00,121.38985302
2020-03-25 15:28:00,121.429106004
2020-03-25 15:29:00,121.43891925
2020-03-25 15:30:00,121.571398071
2020-03-25 15:31:00,121.919768304
2020-03-25 15:32:00,121.752943122
2020-03-25 15:33:00,121.644997416
2020-03-25 15:34:00,122.086593486
2020-03-25 15:35:00,122.047340502
2020-03-25 15:36:00,122.111126601
2020-03-25 15:37:00,122.086593486
2020-03-25 15:38:00,122.179819323
2020-03-25 15:39:00,121.890328566
2020-03-25 15:40:00,121.909955058
2020-03-25 15:41:00,122.037527256
2020-03-25 15:42:00,122.017900764
2020-03-25 15:43:00,121.846168959
2020-03-25 15:44:00,121.890328566
2020-03-25 15:45:00,121.83144909
2020-03-25 15:46:00,122.047340502
2020-03-25 15:47:00,121.959021288
2020-03-25 15:48:00,121.909955058
2020-03-25 15:49:00,121.757849745
2020-03-25 15:50:00,121.595931186
2020-03-25 15:51:00,120.074878056
2020-03-25 15:52:00,119.726507823
2020-03-25 15:53:00,119.417390574
2020-03-25 15:54:00,118.69121037
2020-03-25 15:55:00,119.270191884
2020-03-25 15:56:00,119.91786612
2020-03-25 15:57:00,120.40852842
2020-03-25 15:58:00,119.981652219
2020-03-25 15:59:00,119.103366702
2020-03-25 16:00:00,119.662721724
2020-03-26 09:31:00,120.325115829
2020-03-26 09:32:00,120.918817212
2020-03-26 09:33:00,121.63194579882
2020-03-26 09:34:00,121.551771579
2020-03-26 09:35:00,121.92958155
2020-03-26 09:36:00,121.949208042
2020-03-26 09:37:00,122.04743863446
2020-03-26 09:38:00,122.258325291
2020-03-26 09:39:00,121.345693413
2020-03-26 09:40:00,121.63518417
2020-03-26 09:41:00,121.689157023
2020-03-26 09:42:00,121.169054985
2020-03-26 09:43:00,121.63331965326
2020-03-26 09:44:00,121.39564283514
2020-03-26 09:45:00,121.959021288
2020-03-26 09:46:00,122.14979079024
2020-03-26 09:47:00,121.851075582
2020-03-26 09:48:00,121.330973544
2020-03-26 09:49:00,121.129802001
2020-03-26 09:50:00,120.958070196
2020-03-26 09:51:00,120.634233078
2020-03-26 09:52:00,120.85012449
2020-03-26 09:53:00,121.988461026
2020-03-26 09:54:00,121.949208042
2020-03-26 09:55:00,122.248512045
2020-03-26 09:56:00,122.1749127
2020-03-26 09:57:00,122.282858406
2020-03-26 09:58:00,123.431008188
2020-03-26 09:59:00,123.283809498
2020-03-26 10:00:00,123.239649891
2020-03-26 10:01:00,123.391755204
2020-03-26 10:02:00,123.666526092
2020-03-26 10:03:00,123.637086354
2020-03-26 10:04:00,123.774471798
2020-03-26 10:05:00,123.79409829
2020-03-26 10:06:00,123.8995906845
2020-03-26 10:07:00,123.911857242
2020-03-26 10:08:00,124.225881114
2020-03-26 10:09:00,123.970736718
2020-03-26 10:10:00,124.765609644
2020-03-26 10:11:00,124.785236136
2020-03-26 10:12:00,125.324964666
2020-03-26 10:13:00,125.531042832
2020-03-26 10:14:00,125.70768126
2020-03-26 10:15:00,125.535949455
2020-03-26 10:16:00,125.65861503
2020-03-26 10:17:00,125.6095488
2020-03-26 10:18:00,125.8607678976
2020-03-26 10:19:00,125.918666049
2020-03-26 10:20:00,126.267036282
2020-03-26 10:21:00,127.037376093
2020-03-26 10:22:00,127.076629077
2020-03-26 10:23:00,127.199294652
2020-03-26 10:24:00,127.258174128
2020-03-26 10:25:00,127.174761537
2020-03-26 10:26:00,127.537851639
2020-03-26 10:27:00,127.645797345
2020-03-26 10:28:00,127.454439048
2020-03-26 10:29:00,127.528038393
2020-03-26 10:30:00,127.4814254745
2020-03-26 10:31:00,127.518225147
2020-03-26 10:32:00,127.371026457
2020-03-26 10:33:00,127.837155642
2020-03-26 10:34:00,127.96472784
2020-03-26 10:35:00,128.376884172
2020-03-26 10:36:00,128.077580169
2020-03-26 10:37:00,127.572198
2020-03-26 10:38:00,127.67033046
2020-03-26 10:39:00,127.7517804018
2020-03-26 10:40:00,127.680143706
2020-03-26 10:41:00,127.385746326
2020-03-26 10:42:00,127.478972163
2020-03-26 10:43:00,126.949056879
2020-03-26 10:44:00,126.880364157
2020-03-26 10:45:00,126.747885336
2020-03-26 10:46:00,127.258174128
2020-03-26 10:47:00,127.478972163
2020-03-26 10:48:00,127.248360882
2020-03-26 10:49:00,126.88684089936
2020-03-26 10:50:00,126.98340324
2020-03-26 10:51:00,127.012842978
2020-03-26 10:52:00,127.160041668
2020-03-26 10:53:00,127.366119834
2020-03-26 10:54:00,127.150228422
2020-03-26 10:55:00,127.37593308
2020-03-26 10:56:00,127.542758262
2020-03-26 10:57:00,127.27780062
2020-03-26 10:58:00,127.199294652
2020-03-26 10:59:00,127.493692032
2020-03-26 11:00:00,127.81752915
2020-03-26 11:01:00,127.67033046
2020-03-26 11:02:00,127.739023182
2020-03-26 11:03:00,127.876408626
2020-03-26 11:04:00,128.244405351
2020-03-26 11:05:00,128.435763648
2020-03-26 11:06:00,129.024558408
2020-03-26 11:07:00,128.563335846
2020-03-26 11:08:00,128.465203386
2020-03-26 11:09:00,128.779227258
2020-03-26 11:10:00,128.200245744
2020-03-26 11:11:00,128.337631188
2020-03-26 11:12:00,129.068718015
2020-03-26 11:13:00,128.985305424
2020-03-26 11:14:00,128.857733226
2020-03-26 11:15:00,128.739974274
2020-03-26 11:16:00,128.89698621
2020-03-26 11:17:00,128.887172964
2020-03-26 11:18:00,128.926425948
2020-03-26 11:19:00,129.19138359
2020-03-26 11:20:00,129.652606152
2020-03-26 11:21:00,129.318955788
2020-03-26 11:22:00,129.475967724
2020-03-26 11:23:00,129.623166414
2020-03-26 11:24:00,129.848871072
2020-03-26 11:25:00,129.922470417
2020-03-26 11:26:00,130.202147928
2020-03-26 11:27:00,130.17270819
2020-03-26 11:28:00,129.986256516
2020-03-26 11:29:00,129.996069762
2020-03-26 11:30:00,130.069669107
2020-03-26 11:31:00,130.12364196
2020-03-26 11:32:00,130.094202222
2020-03-26 11:33:00,130.015696254
2020-03-26 11:34:00,130.3964501988
2020-03-26 11:35:00,130.31990688
2020-03-26 11:36:00,130.143268452
2020-03-26 11:37:00,130.064762484
2020-03-26 11:38:00,130.447479078
2020-03-26 11:39:00,130.550518161
2020-03-26 11:40:00,130.427852586
2020-03-26 11:41:00,131.276698365
2020-03-26 11:42:00,130.987207608
2020-03-26 11:43:00,130.840008918
2020-03-26 11:44:00,130.535798292
2020-03-26 11:45:00,130.83009753954
2020-03-26 11:46:00,129.87831081
2020-03-26 11:47:00,129.613353168
2020-03-26 11:48:00,129.17509360164
2020-03-26 11:49:00,129.63297966
2020-03-26 11:50:00,129.328769034
2020-03-26 11:51:00,129.122690868
2020-03-26 11:52:00,128.89698621
2020-03-26 11:53:00,129.279702804
2020-03-26 11:54:00,129.358208772
2020-03-26 11:55:00,129.368022018
2020-03-26 11:56:00,128.779227258
2020-03-26 11:57:00,128.337631188
2020-03-26 11:58:00,128.985305424
2020-03-26 11:59:00,128.720347782
2020-03-26 12:00:00,128.74978752
2020-03-26 12:01:00,129.382741887
2020-03-26 12:02:00,129.456341232
2020-03-26 12:03:00,129.176663721
2020-03-26 12:04:00,129.171757098
2020-03-26 12:05:00,129.024558408
2020-03-26 12:06:00,129.348395526
2020-03-26 12:07:00,129.33858228
2020-03-26 12:08:00,129.230636574
2020-03-26 12:09:00,128.975492178
2020-03-26 12:10:00,128.877359718
2020-03-26 12:11:00,128.779227258
2020-03-26 12:12:00,128.911706079
2020-03-26 12:13:00,128.916612702
2020-03-26 12:14:00,128.96705278644
2020-03-26 12:15:00,128.632028568
2020-03-26 12:16:00,128.465203386
2020-03-26 12:17:00,128.151179514
2020-03-26 12:18:00,128.268938466
2020-03-26 12:19:00,128.136459645
2020-03-26 12:20:00,128.25912522
2020-03-26 12:21:00,128.151179514
2020-03-26 12:22:00,127.86659538
2020-03-26 12:23:00,129.0824565594
2020-03-26 12:24:00,128.690908044
2020-03-26 12:25:00,128.906799456
2020-03-26 12:26:00,129.377835264
2020-03-26 12:27:00,129.112877622
2020-03-26 12:28:00,129.858684318
2020-03-26 12:29:00,130.310093634
2020-03-26 12:30:00,130.947954624
2020-03-26 12:31:00,130.491638685
2020-03-26 12:32:00,130.5593500824
2020-03-26 12:33:00,129.515220708
2020-03-26 12:34:00,129.456341232
2020-03-26 12:35:00,129.5348472
2020-03-26 12:36:00,129.053998146
2020-03-26 12:37:00,128.739974274
2020-03-26 12:38:00,128.51701732488
2020-03-26 12:39:00,128.543709354
2020-03-26 12:40:00,128.465203386
2020-03-26 12:41:00,128.533896108
2020-03-26 12:42:00,128.190432498
2020-03-26 12:43:00,128.102113284
2020-03-26 12:44:00,128.151179514
2020-03-26 12:45:00,128.043233808
2020-03-26 12:46:00,127.876408626
2020-03-26 12:47:00,128.30819145
2020-03-26 12:48:00,128.249311974
2020-03-26 12:49:00,128.190432498
2020-03-26 12:50:00,128.494643124
2020-03-26 12:51:00,128.681094798
2020-03-26 12:52:00,128.543709354
2020-03-26 12:53:00,128.563335846
2020-03-26 12:54:00,128.45539014
2020-03-26 12:55:00,128.720347782
2020-03-26 12:56:00,128.759600766
2020-03-26 12:57:00,128.9911933716
2020-03-26 12:58:00,129.132504114
2020-03-26 12:59:00,129.260076312
2020-03-26 13:00:00,129.19138359
2020-03-26 13:01:00,129.495594216
2020-03-26 13:02:00,129.417088248
2020-03-26 13:03:00,129.58391343
2020-03-26 13:04:00,129.480874347
2020-03-26 13:05:00,129.770365104
2020-03-26 13:06:00,129.78017835
2020-03-26 13:07:00,129.706579005
2020-03-26 13:08:00,129.637886283
2020-03-26 13:09:00,129.466154478
2020-03-26 13:10:00,129.348395526
2020-03-26 13:11:00,129.426901494
2020-03-26 13:12:00,129.377835264
2020-03-26 13:13:00,129.421994871
2020-03-26 13:14:00,129.333675657
2020-03-26 13:15:00,129.220823328
2020-03-26 13:16:00,128.828293488
2020-03-26 13:17:00,129.353302149
2020-03-26 13:18:00,129.593726676
2020-03-26 13:19:00,129.466154478
2020-03-26 13:20:00,130.261027404
2020-03-26 13:21:00,129.91785819138
2020-03-26 13:22:00,129.662419398
2020-03-26 13:23:00,129.613353168
2020-03-26 13:24:00,129.765458481
2020-03-26 13:25:00,130.084388976
2020-03-26 13:26:00,129.9622140633
2020-03-26 13:27:00,129.92737704
2020-03-26 13:28:00,129.897937302
2020-03-26 13:29:00,129.92737704
2020-03-26 13:30:00,129.7924449075
2020-03-26 13:31:00,129.466154478
2020-03-26 13:32:00,129.28951605
2020-03-26 13:33:00,129.466154478
2020-03-26 13:34:00,129.260076312
2020-03-26 13:35:00,129.176663721
2020-03-26 13:36:00,129.250263066
2020-03-26 13:37:00,129.28951605
2020-03-26 13:38:00,129.28951605
2020-03-26 13:39:00,129.294422673
2020-03-26 13:40:00,129.564286938
2020-03-26 13:41:00,129.63297966
2020-03-26 13:42:00,129.5348472
2020-03-26 13:43:00,129.623166414
2020-03-26 13:44:00,129.888124056
2020-03-26 13:45:00,130.143268452
2020-03-26 13:46:00,130.334626749
2020-03-26 13:47:00,130.393506225
2020-03-26 13:48:00,130.408226094
2020-03-26 13:49:00,130.388599602
2020-03-26 13:50:00,130.496545308
2020-03-26 13:51:00,130.359159864
2020-03-26 13:52:00,130.472012193
2020-03-26 13:53:00,130.481825439
2020-03-26 13:54:00,130.525985046
2020-03-26 13:55:00,130.62765027456
2020-03-26 13:56:00,130.491638685
2020-03-26 13:57:00,130.251214158
2020-03-26 13:58:00,130.31990688
2020-03-26 13:59:00,130.36897311
2020-03-26 14:00:00,130.329720126
2020-03-26 14:01:00,130.187428059
2020-03-26 14:02:00,130.050042615
2020-03-26 14:03:00,129.701672382
2020-03-26 14:04:00,129.66860174298
2020-03-26 14:05:00,129.43671474
2020-03-26 14:06:00,129.475967724
2020-03-26 14:07:00,129.368022018
2020-03-26 14:08:00,129.27960467154
2020-03-26 14:09:00,128.887172964
2020-03-26 14:10:00,129.255169689
2020-03-26 14:11:00,129.426901494
2020-03-26 14:12:00,129.304235919
2020-03-26 14:13:00,128.730161028
2020-03-26 14:14:00,128.985305424
2020-03-26 14:15:00,128.65165506
2020-03-26 14:16:00,128.318004696
2020-03-26 14:17:00,128.072673546
2020-03-26 14:18:00,128.278751712
2020-03-26 14:19:00,128.327817942
2020-03-26 14:20:00,128.445576894
2020-03-26 14:21:00,128.445576894
2020-03-26 14:22:00,128.5535226
2020-03-26 14:23:00,128.622215322
2020-03-26 14:24:00,128.548615977
2020-03-26 14:25:00,128.60258883
2020-03-26 14:26:00,128.573149092
2020-03-26 14:27:00,128.65165506
2020-03-26 14:28:00,128.79885375
2020-03-26 14:29:00,128.612402076
2020-03-26 14:30:00,128.690908044
2020-03-26 14:31:00,129.03819881994
2020-03-26 14:32:00,129.269889558
2020-03-26 14:33:00,129.525033954
2020-03-26 14:34:00,129.721298874
2020-03-26 14:35:00,129.5348472
2020-03-26 14:36:00,129.598633299
2020-03-26 14:37:00,129.564286938
2020-03-26 14:38:00,129.603539922
2020-03-26 14:39:00,129.740925366
2020-03-26 14:40:00,129.672232644
2020-03-26 14:41:00,129.647699529
2020-03-26 14:42:00,129.593726676
2020-03-26 14:43:00,129.613353168
2020-03-26 14:44:00,129.515220708
2020-03-26 14:45:00,129.309142542
2020-03-26 14:46:00,129.318955788
2020-03-26 14:47:00,129.431808117
2020-03-26 14:48:00,129.407275002
2020-03-26 14:49:00,129.250263066
2020-03-26 14:50:00,128.89698621
2020-03-26 14:51:00,129.230636574
2020-03-26 14:52:00,129.220823328
2020-03-26 14:53:00,129.309142542
2020-03-26 14:54:00,129.47479013448
2020-03-26 14:55:00,129.525033954
2020-03-26 14:56:00,129.318955788
2020-03-26 14:57:00,129.60432498168
2020-03-26 14:58:00,129.873404187
2020-03-26 14:59:00,129.73111212
2020-03-26 15:00:00,129.652606152
2020-03-26 15:01:00,129.407275002
2020-03-26 15:02:00,129.299329296
2020-03-26 15:03:00,129.49529981862
2020-03-26 15:04:00,129.161943852
2020-03-26 15:05:00,129.368022018
2020-03-26 15:06:00,129.19138359
2020-03-26 15:07:00,128.877359718
2020-03-26 15:08:00,128.955865686
2020-03-26 15:09:00,128.89698621
2020-03-26 15:10:00,128.789040504
2020-03-26 15:11:00,128.936239194
2020-03-26 15:12:00,128.906799456
2020-03-26 15:13:00,129.004931916
2020-03-26 15:14:00,128.906799456
2020-03-26 15:15:00,128.808666996
2020-03-26 15:16:00,128.818480242
2020-03-26 15:17:00,128.89698621
2020-03-26 15:18:00,128.789040504
2020-03-26 15:19:00,128.89698621
2020-03-26 15:20:00,128.79885375
2020-03-26 15:21:00,128.857733226
2020-03-26 15:22:00,128.79885375
2020-03-26 15:23:00,128.759600766
2020-03-26 15:24:00,128.543709354
2020-03-26 15:25:00,128.65165506
2020-03-26 15:26:00,128.79885375
2020-03-26 15:27:00,128.730161028
2020-03-26 15:28:00,128.720347782
2020-03-26 15:29:00,128.779227258
2020-03-26 15:30:00,128.720347782
2020-03-26 15:31:00,128.681094798
2020-03-26 15:32:00,129.505407462
2020-03-26 15:33:00,129.152130606
2020-03-26 15:34:00,129.279702804
2020-03-26 15:35:00,129.304235919
2020-03-26 15:36:00,129.161943852
2020-03-26 15:37:00,128.926425948
2020-03-26 15:38:00,128.573149092
2020-03-26 15:39:00,128.386697418
2020-03-26 15:40:00,128.622215322
2020-03-26 15:41:00,129.14231736
2020-03-26 15:42:00,129.019651785
2020-03-26 15:43:00,129.063811392
2020-03-26 15:44:00,128.965678932
2020-03-26 15:45:00,129.068718015
2020-03-26 15:46:00,128.582962338
2020-03-26 15:47:00,128.911706079
2020-03-26 15:48:00,128.661468306
2020-03-26 15:49:00,128.882266341
2020-03-26 15:50:00,128.887172964
2020-03-26 15:51:00,131.880212994
2020-03-26 15:52:00,131.811520272
2020-03-26 15:53:00,132.341435556
2020-03-26 15:54:00,133.1186446392
2020-03-26 15:55:00,131.59562886
2020-03-26 15:56:00,131.978345454
2020-03-26 15:57:00,131.811520272
2020-03-26 15:58:00,132.262929588
2020-03-26 15:59:00,131.54656263
2020-03-26 16:00:00,131.84096001
2020-03-27 09:31:00,128.2807143612
2020-03-27 09:32:00,129.22484675886
2020-03-27 09:33:00,129.0441849
2020-03-27 09:34:00,129.794898219
2020-03-27 09:35:00,129.662419398
2020-03-27 09:36:00,130.408226094
2020-03-27 09:37:00,130.388599602
2020-03-27 09:38:00,130.064762484
2020-03-27 09:39:00,130.02570576492
2020-03-27 09:40:00,129.368022018
2020-03-27 09:41:00,128.690908044
2020-03-27 09:42:00,129.058904769
2020-03-27 09:43:00,128.249311974
2020-03-27 09:44:00,128.200245744
2020-03-27 09:45:00,128.862639849
2020-03-27 09:46:00,129.078531261
2020-03-27 09:47:00,129.171757098
2020-03-27 09:48:00,129.122690868
2020-03-27 09:49:00,129.662419398
2020-03-27 09:50:00,129.652606152
2020-03-27 09:51:00,130.447479078
2020-03-27 09:52:00,131.021553969
2020-03-27 09:53:00,130.682996982
2020-03-27 09:54:00,130.71243672
2020-03-27 09:55:00,130.805662557
2020-03-27 09:56:00,130.879261902
2020-03-27 09:57:00,130.658463867
2020-03-27 09:58:00,130.501451931
2020-03-27 09:59:00,130.692810228
2020-03-27 10:00:00,130.432759209
2020-03-27 10:01:00,130.673183736
2020-03-27 10:02:00,130.359159864
2020-03-27 10:03:00,130.050042615
2020-03-27 10:04:00,129.446527986
2020-03-27 10:05:00,130.408226094
2020-03-27 10:06:00,129.78017835
2020-03-27 10:07:00,129.809618088
2020-03-27 10:08:00,130.084388976
2020-03-27 10:09:00,130.005883008
2020-03-27 10:10:00,130.015696254
2020-03-27 10:11:00,130.035322746
2020-03-27 10:12:00,129.618259791
2020-03-27 10:13:00,129.377835264
2020-03-27 10:14:00,128.975492178
2020-03-27 10:15:00,129.520127331
2020-03-27 10:16:00,129.14231736
2020-03-27 10:17:00,128.936239194
2020-03-27 10:18:00,128.558429223
2020-03-27 10:19:00,128.867546472
2020-03-27 10:20:00,128.435763648
2020-03-27 10:21:00,127.76512641636
2020-03-27 10:22:00,128.11192653
2020-03-27 10:23:00,128.573149092
2020-03-27 10:24:00,128.475016632
2020-03-27 10:25:00,128.249311974
2020-03-27 10:26:00,128.582962338
2020-03-27 10:27:00,128.592775584
2020-03-27 10:28:00,128.445576894
2020-03-27 10:29:00,128.298378204
2020-03-27 10:30:00,128.367070926
2020-03-27 10:31:00,127.945101348
2020-03-27 10:32:00,128.11192653
2020-03-27 10:33:00,128.067766923
2020-03-27 10:34:00,128.053047054
2020-03-27 10:35:00,128.048140431
2020-03-27 10:36:00,128.04833669592
2020-03-27 10:37:00,128.25912522
2020-03-27 10:38:00,128.033420562
2020-03-27 10:39:00,128.11948272942
2020-03-27 10:40:00,128.1825819012
2020-03-27 10:41:00,128.175712629
2020-03-27 10:42:00,128.35725768
2020-03-27 10:43:00,128.720347782
2020-03-27 10:44:00,128.509362993
2020-03-27 10:45:00,128.50445637
2020-03-27 10:46:00,128.30819145
2020-03-27 10:47:00,128.298378204
2020-03-27 10:48:00,128.425950402
2020-03-27 10:49:00,128.838106734
2020-03-27 10:50:00,128.857733226
2020-03-27 10:51:00,128.627121945
2020-03-27 10:52:00,128.607495453
2020-03-27 10:53:00,128.759600766
2020-03-27 10:54:00,128.985305424
2020-03-27 10:55:00,129.053998146
2020-03-27 10:56:00,128.838106734
2020-03-27 10:57:00,128.965678932
2020-03-27 10:58:00,128.671281552
2020-03-27 10:59:00,128.975492178
2020-03-27 11:00:00,129.0441849
2020-03-27 11:01:00,129.25085186076
2020-03-27 11:02:00,129.19138359
2020-03-27 11:03:00,129.053998146
2020-03-27 11:04:00,129.103064376
2020-03-27 11:05:00,129.230636574
2020-03-27 11:06:00,129.328769034
2020-03-27 11:07:00,129.250263066
2020-03-27 11:08:00,129.603539922
2020-03-27 11:09:00,129.63297966
2020-03-27 11:10:00,130.211961174
2020-03-27 11:11:00,129.996069762
2020-03-27 11:12:00,129.848871072
2020-03-27 11:13:00,129.672232644
2020-03-27 11:14:00,130.104015468
2020-03-27 11:15:00,129.996069762
2020-03-27 11:16:00,130.329720126
2020-03-27 11:17:00,130.5161718
2020-03-27 11:18:00,130.673183736
2020-03-27 11:19:00,130.61342106786
2020-03-27 11:20:00,130.525985046
2020-03-27 11:21:00,130.506358554
2020-03-27 11:22:00,130.192334682
2020-03-27 11:23:00,130.084388976
2020-03-27 11:24:00,129.956816778
2020-03-27 11:25:00,130.241400912
2020-03-27 11:26:00,130.491638685
2020-03-27 11:27:00,130.525985046
2020-03-27 11:28:00,130.143268452
2020-03-27 11:29:00,129.755645235
2020-03-27 11:30:00,129.873404187
2020-03-27 11:31:00,129.937190286
2020-03-27 11:32:00,129.819431334
2020-03-27 11:33:00,129.814524711
2020-03-27 11:34:00,129.819431334
2020-03-27 11:35:00,130.045135992
2020-03-27 11:36:00,130.202147928
2020-03-27 11:37:00,130.054949238
2020-03-27 11:38:00,129.819431334
2020-03-27 11:39:00,129.554473692
2020-03-27 11:40:00,129.819431334
2020-03-27 11:41:00,129.5348472
2020-03-27 11:42:00,129.299329296
2020-03-27 11:43:00,129.063811392
2020-03-27 11:44:00,128.828293488
2020-03-27 11:45:00,128.99511867
2020-03-27 11:46:00,128.975492178
2020-03-27 11:47:00,128.74978752
2020-03-27 11:48:00,128.857733226
2020-03-27 11:49:00,128.789040504
2020-03-27 11:50:00,128.838106734
2020-03-27 11:51:00,128.965678932
2020-03-27 11:52:00,128.857733226
2020-03-27 11:53:00,128.877359718
2020-03-27 11:54:00,129.112877622
2020-03-27 11:55:00,129.161943852
2020-03-27 11:56:00,129.09325113
2020-03-27 11:57:00,128.916612702
2020-03-27 11:58:00,128.906799456
2020-03-27 11:59:00,128.84791998
2020-03-27 12:00:00,129.0441849
2020-03-27 12:01:00,129.0441849
2020-03-27 12:02:00,129.318955788
2020-03-27 12:03:00,129.24103861476
2020-03-27 12:04:00,129.19138359
2020-03-27 12:05:00,129.426901494
2020-03-27 12:06:00,129.446527986
2020-03-27 12:07:00,129.358208772
2020-03-27 12:08:00,129.368022018
2020-03-27 12:09:00,129.68204589
2020-03-27 12:10:00,129.760551858
2020-03-27 12:11:00,129.92737704
2020-03-27 12:12:00,130.084388976
2020-03-27 12:13:00,130.005883008
2020-03-27 12:14:00,129.92737704
2020-03-27 12:15:00,129.834151203
2020-03-27 12:16:00,130.18615233702
2020-03-27 12:17:00,129.97644327
2020-03-27 12:18:00,130.13355333846
2020-03-27 12:19:00,130.437665832
2020-03-27 12:20:00,130.506358554
2020-03-27 12:21:00,130.550518161
2020-03-27 12:22:00,130.207054551
2020-03-27 12:23:00,130.36897311
2020-03-27 12:24:00,130.079482353
2020-03-27 12:25:00,130.236494289
2020-03-27 12:26:00,130.398412848
2020-03-27 12:27:00,130.462198947
2020-03-27 12:28:00,130.393506225
2020-03-27 12:29:00,130.118735337
2020-03-27 12:30:00,130.094202222
2020-03-27 12:31:00,130.177614813
2020-03-27 12:32:00,130.388599602
2020-03-27 12:33:00,130.771316196
2020-03-27 12:34:00,130.66337049
2020-03-27 12:35:00,130.682996982
2020-03-27 12:36:00,130.889075148
2020-03-27 12:37:00,131.10496656
2020-03-27 12:38:00,131.360110956
2020-03-27 12:39:00,131.212912266
2020-03-27 12:40:00,131.369924202
2020-03-27 12:41:00,130.95776787
2020-03-27 12:42:00,131.095153314
2020-03-27 12:43:00,131.242352004
2020-03-27 12:44:00,131.242352004
2020-03-27 12:45:00,131.320857972
2020-03-27 12:46:00,131.458243416
2020-03-27 12:47:00,131.477869908
2020-03-27 12:48:00,131.217818889
2020-03-27 12:49:00,131.15403279
2020-03-27 12:50:00,131.046087084
2020-03-27 12:51:00,131.15403279
2020-03-27 12:52:00,130.62470630076
2020-03-27 12:53:00,131.193285774
2020-03-27 12:54:00,131.291418234
2020-03-27 12:55:00,131.095153314
2020-03-27 12:56:00,130.928328132
2020-03-27 12:57:00,130.815475803
2020-03-27 12:58:00,130.678090359
2020-03-27 12:59:00,130.869448656
2020-03-27 13:00:00,130.918514886
2020-03-27 13:01:00,130.987207608
2020-03-27 13:02:00,131.134406298
2020-03-27 13:03:00,131.124593052
2020-03-27 13:04:00,131.046087084
2020-03-27 13:05:00,130.781129442
2020-03-27 13:06:00,130.41803934
2020-03-27 13:07:00,130.741876458
2020-03-27 13:08:00,130.918514886
2020-03-27 13:09:00,130.447479078
2020-03-27 13:10:00,130.457292324
2020-03-27 13:11:00,130.437665832
2020-03-27 13:12:00,130.378786356
2020-03-27 13:13:00,130.398412848
2020-03-27 13:14:00,130.41803934
2020-03-27 13:15:00,130.373879733
2020-03-27 13:16:00,130.349346618
2020-03-27 13:17:00,130.202147928
2020-03-27 13:18:00,130.359159864
2020-03-27 13:19:00,130.6231361814
2020-03-27 13:20:00,130.5161718
2020-03-27 13:21:00,130.682996982
2020-03-27 13:22:00,130.741876458
2020-03-27 13:23:00,130.76150295
2020-03-27 13:24:00,130.795849311
2020-03-27 13:25:00,130.840008918
2020-03-27 13:26:00,130.869448656
2020-03-27 13:27:00,130.624117506
2020-03-27 13:28:00,130.78544727024
2020-03-27 13:29:00,130.643743998
2020-03-27 13:30:00,130.388599602
2020-03-27 13:31:00,130.44963799212
2020-03-27 13:32:00,130.56523803
2020-03-27 13:33:00,130.903795017
2020-03-27 13:34:00,131.261978496
2020-03-27 13:35:00,131.291418234
2020-03-27 13:36:00,130.967581116
2020-03-27 13:37:00,130.678090359
2020-03-27 13:38:00,130.879261902
2020-03-27 13:39:00,130.751689704
2020-03-27 13:40:00,130.992114231
2020-03-27 13:41:00,131.232538758
2020-03-27 13:42:00,131.55774973044
2020-03-27 13:43:00,131.487683154
2020-03-27 13:44:00,131.212912266
2020-03-27 13:45:00,131.173659282
2020-03-27 13:46:00,131.311044726
2020-03-27 13:47:00,131.0068341
2020-03-27 13:48:00,130.977394362
2020-03-27 13:49:00,131.330671218
2020-03-27 13:50:00,131.522029515
2020-03-27 13:51:00,131.291418234
2020-03-27 13:52:00,131.28052553094
2020-03-27 13:53:00,131.44843017
2020-03-27 13:54:00,131.25216525
2020-03-27 13:55:00,131.25216525
2020-03-27 13:56:00,131.551469253
2020-03-27 13:57:00,131.345391087
2020-03-27 13:58:00,131.39936394
2020-03-27 13:59:00,131.183472528
2020-03-27 14:00:00,130.928328132
2020-03-27 14:01:00,131.84096001
2020-03-27 14:02:00,130.879261902
2020-03-27 14:03:00,130.81056918
2020-03-27 14:04:00,130.65316471416
2020-03-27 14:05:00,130.771316196
2020-03-27 14:06:00,130.732063212
2020-03-27 14:07:00,130.830195672
2020-03-27 14:08:00,131.00320319898
2020-03-27 14:09:00,131.0357831757
2020-03-27 14:10:00,130.879261902
2020-03-27 14:11:00,130.9656184668
2020-03-27 14:12:00,131.149126167
2020-03-27 14:13:00,131.163846036
2020-03-27 14:14:00,131.414083809
2020-03-27 14:15:00,131.610348729
2020-03-27 14:16:00,131.526936138
2020-03-27 14:17:00,131.664321582
2020-03-27 14:18:00,131.571095745
2020-03-27 14:19:00,131.860586502
2020-03-27 14:20:00,131.39936394
2020-03-27 14:21:00,131.576002368
2020-03-27 14:22:00,131.566189122
2020-03-27 14:23:00,131.615255352
2020-03-27 14:24:00,131.64469509
2020-03-27 14:25:00,131.340484464
2020-03-27 14:26:00,131.360110956
2020-03-27 14:27:00,131.654508336
2020-03-27 14:28:00,131.183472528
2020-03-27 14:29:00,131.369924202
2020-03-27 14:30:00,131.561282499
2020-03-27 14:31:00,131.566189122
2020-03-27 14:32:00,131.242352004
2020-03-27 14:33:00,131.360110956
2020-03-27 14:34:00,131.409177186
2020-03-27 14:35:00,131.576002368
2020-03-27 14:36:00,131.409177186
2020-03-27 14:37:00,131.468056662
2020-03-27 14:38:00,131.242352004
2020-03-27 14:39:00,131.566189122
2020-03-27 14:40:00,131.669228205
2020-03-27 14:41:00,131.600535483
2020-03-27 14:42:00,131.585815614
2020-03-27 14:43:00,131.683948074
2020-03-27 14:44:00,131.566189122
2020-03-27 14:45:00,131.654508336
2020-03-27 14:46:00,131.605442106
2020-03-27 14:47:00,131.733014304
2020-03-27 14:48:00,131.767360665
2020-03-27 14:49:00,131.7251637072
2020-03-27 14:50:00,131.74282755
2020-03-27 14:51:00,131.59562886
2020-03-27 14:52:00,131.801707026
2020-03-27 14:53:00,132.125544144
2020-03-27 14:54:00,132.11386638126
2020-03-27 14:55:00,131.89002624
2020-03-27 14:56:00,131.899839486
2020-03-27 14:57:00,132.03722493
2020-03-27 14:58:00,132.13535739
2020-03-27 14:59:00,132.38068854
2020-03-27 15:00:00,132.400315032
2020-03-27 15:01:00,132.361062048
2020-03-27 15:02:00,132.38068854
2020-03-27 15:03:00,132.606393198
2020-03-27 15:04:00,132.57695346
2020-03-27 15:05:00,132.410128278
2020-03-27 15:06:00,132.28255608
2020-03-27 15:07:00,132.518073984
2020-03-27 15:08:00,132.591673329
2020-03-27 15:09:00,132.596579952
2020-03-27 15:10:00,132.650552805
2020-03-27 15:11:00,132.655459428
2020-03-27 15:12:00,132.979296546
2020-03-27 15:13:00,133.244254188
2020-03-27 15:14:00,132.7069789695
2020-03-27 15:15:00,132.841911102
2020-03-27 15:16:00,133.0838076159
2020-03-27 15:17:00,133.519025076
2020-03-27 15:18:00,133.50921183
2020-03-27 15:19:00,133.641690651
2020-03-27 15:20:00,133.695663504
2020-03-27 15:21:00,133.582811175
2020-03-27 15:22:00,133.940994654
2020-03-27 15:23:00,133.847768817
2020-03-27 15:24:00,134.333524494
2020-03-27 15:25:00,134.421843708
2020-03-27 15:26:00,134.676988104
2020-03-27 15:27:00,134.809466925
2020-03-27 15:28:00,134.897786139
2020-03-27 15:29:00,134.745680826
2020-03-27 15:30:00,134.2373546832
2020-03-27 15:31:00,134.058753606
2020-03-27 15:32:00,133.813422456
2020-03-27 15:33:00,133.70547675
2020-03-27 15:34:00,133.401266124
2020-03-27 15:35:00,133.70547675
2020-03-27 15:36:00,133.744729734
2020-03-27 15:37:00,133.602437667
2020-03-27 15:38:00,133.597531044
2020-03-27 15:39:00,133.818329079
2020-03-27 15:40:00,133.219721073
2020-03-27 15:41:00,132.979296546
2020-03-27 15:42:00,132.57695346
2020-03-27 15:43:00,132.6363235983
2020-03-27 15:44:00,132.616206444
2020-03-27 15:45:00,132.9694833
2020-03-27 15:46:00,133.151028351
2020-03-27 15:47:00,133.234440942
2020-03-27 15:48:00,133.308040287
2020-03-27 15:49:00,132.998923038
2020-03-27 15:50:00,132.547513722
2020-03-27 15:51:00,131.134406298
2020-03-27 15:52:00,131.468056662
2020-03-27 15:53:00,131.330671218
2020-03-27 15:54:00,131.615255352
2020-03-27 15:55:00,131.325764595
2020-03-27 15:56:00,131.909652732
2020-03-27 15:57:00,131.571095745
2020-03-27 15:58:00,131.536749384
2020-03-27 15:59:00,131.036273838
2020-03-27 16:00:00,131.605442106
2020-03-30 09:31:00,133.499398584
2020-03-30 09:32:00,134.598482136
2020-03-30 09:33:00,134.696614596
2020-03-30 09:34:00,134.39240397
2020-03-30 09:35:00,134.416937085
2020-03-30 09:36:00,135.516020637
2020-03-30 09:37:00,135.604339851
2020-03-30 09:38:00,136.237294218
2020-03-30 09:39:00,136.654357173
2020-03-30 09:40:00,137.28731154
2020-03-30 09:41:00,136.9561144875
2020-03-30 09:42:00,136.9708343565
2020-03-30 09:43:00,136.904594946
2020-03-30 09:44:00,136.884968454
2020-03-30 09:45:00,137.002727406
2020-03-30 09:46:00,136.767209502
2020-03-30 09:47:00,136.875155208
2020-03-30 09:48:00,137.027260521
2020-03-30 09:49:00,136.683796911
2020-03-30 09:50:00,136.433559138
2020-03-30 09:51:00,136.472812122
2020-03-30 09:52:00,136.06065579
2020-03-30 09:53:00,136.35505317
2020-03-30 09:54:00,136.23650915832
2020-03-30 09:55:00,136.237294218
2020-03-30 09:56:00,136.286360448
2020-03-30 09:57:00,136.669077042
2020-03-30 09:58:00,136.580757828
2020-03-30 09:59:00,136.786835994
2020-03-30 10:00:00,136.884968454
2020-03-30 10:01:00,136.953661176
2020-03-30 10:02:00,136.914408192
2020-03-30 10:03:00,136.914408192
2020-03-30 10:04:00,137.022353898
2020-03-30 10:05:00,137.233338687
2020-03-30 10:06:00,137.169552588
2020-03-30 10:07:00,137.277498294
2020-03-30 10:08:00,137.1980110014
2020-03-30 10:09:00,136.953661176
2020-03-30 10:10:00,136.953661176
2020-03-30 10:11:00,136.67604444666
2020-03-30 10:12:00,137.130299604
2020-03-30 10:13:00,137.385444
2020-03-30 10:14:00,137.43451023
2020-03-30 10:15:00,137.768160594
2020-03-30 10:16:00,138.141063942
2020-03-30 10:17:00,138.229383156
2020-03-30 10:18:00,138.63486648072
2020-03-30 10:19:00,138.322608993
2020-03-30 10:20:00,138.11152607154
2020-03-30 10:21:00,138.131250696
2020-03-30 10:22:00,138.136157319
2020-03-30 10:23:00,138.02330499
2020-03-30 10:24:00,138.209756664
2020-03-30 10:25:00,138.13390027242
2020-03-30 10:26:00,138.0571606887
2020-03-30 10:27:00,138.258822894
2020-03-30 10:28:00,138.42015265824
2020-03-30 10:29:00,138.298075878
2020-03-30 10:30:00,138.31770237
2020-03-30 10:31:00,138.26863614
2020-03-30 10:32:00,138.283356009
2020-03-30 10:33:00,138.3667686
2020-03-30 10:34:00,138.425648076
2020-03-30 10:35:00,138.41583483
2020-03-30 10:36:00,138.4065122463
2020-03-30 10:37:00,138.34478692896
2020-03-30 10:38:00,138.35911426812
2020-03-30 10:39:00,138.406021584
2020-03-30 10:40:00,138.376581846
2020-03-30 10:41:00,138.376581846
2020-03-30 10:42:00,138.239196402
2020-03-30 10:43:00,138.298075878
2020-03-30 10:44:00,137.768160594
2020-03-30 10:45:00,137.77797384
2020-03-30 10:46:00,137.949705645
2020-03-30 10:47:00,137.797600332
2020-03-30 10:48:00,138.008585121
2020-03-30 10:49:00,138.038024859
2020-03-30 10:50:00,137.949705645
2020-03-30 10:51:00,137.738720856
2020-03-30 10:52:00,137.591522166
2020-03-30 10:53:00,137.267685048
2020-03-30 10:54:00,136.9865355501
2020-03-30 10:55:00,136.81500001002
2020-03-30 10:56:00,136.786835994
2020-03-30 10:57:00,136.394306154
2020-03-30 10:58:00,136.139161758
2020-03-30 10:59:00,135.86439087
2020-03-30 11:00:00,135.71719218
2020-03-30 11:01:00,135.648499458
2020-03-30 11:02:00,135.805511394
2020-03-30 11:03:00,135.825137886
2020-03-30 11:04:00,135.589619982
2020-03-30 11:05:00,136.212761103
2020-03-30 11:06:00,136.06065579
2020-03-30 11:07:00,136.266733956
2020-03-30 11:08:00,136.212761103
2020-03-30 11:09:00,136.001776314
2020-03-30 11:10:00,135.81532464
2020-03-30 11:11:00,135.221623257
2020-03-30 11:12:00,135.47186103
2020-03-30 11:13:00,135.511114014
2020-03-30 11:14:00,135.501300768
2020-03-30 11:15:00,135.663219327
2020-03-30 11:16:00,135.785884902
2020-03-30 11:17:00,135.795698148
2020-03-30 11:18:00,135.614153097
2020-03-30 11:19:00,135.5214179223
2020-03-30 11:20:00,136.021402806
2020-03-30 11:21:00,136.041029298
2020-03-30 11:22:00,136.30598694
2020-03-30 11:23:00,135.952710084
2020-03-30 11:24:00,135.81532464
2020-03-30 11:25:00,135.746631918
2020-03-30 11:26:00,135.776071656
2020-03-30 11:27:00,135.47186103
2020-03-30 11:28:00,135.707378934
2020-03-30 11:29:00,135.727005426
2020-03-30 11:30:00,135.9134571
2020-03-30 11:31:00,136.090095528
2020-03-30 11:32:00,136.134255135
2020-03-30 11:33:00,135.71719218
2020-03-30 11:34:00,135.805511394
2020-03-30 11:35:00,135.805511394
2020-03-30 11:36:00,135.830044509
2020-03-30 11:37:00,135.609246474
2020-03-30 11:38:00,135.584713359
2020-03-30 11:39:00,135.32466234
2020-03-30 11:40:00,135.51199720614
2020-03-30 11:41:00,135.37372857
2020-03-30 11:42:00,135.47186103
2020-03-30 11:43:00,135.251062995
2020-03-30 11:44:00,135.255969618
2020-03-30 11:45:00,135.658312704
2020-03-30 11:46:00,135.540553752
2020-03-30 11:47:00,135.334475586
2020-03-30 11:48:00,135.103864305
2020-03-30 11:49:00,135.17746365
2020-03-30 11:50:00,135.201996765
2020-03-30 11:51:00,135.285409356
2020-03-30 11:52:00,135.334475586
2020-03-30 11:53:00,135.167650404
2020-03-30 11:54:00,135.192183519
2020-03-30 11:55:00,135.197090142
2020-03-30 11:56:00,135.285409356
2020-03-30 11:57:00,135.21269320314
2020-03-30 11:58:00,135.221623257
2020-03-30 11:59:00,135.167650404
2020-03-30 12:00:00,135.167650404
2020-03-30 12:01:00,135.010638468
2020-03-30 12:02:00,135.118584174
2020-03-30 12:03:00,135.138210666
2020-03-30 12:04:00,135.187276896
2020-03-30 12:05:00,135.437514669
2020-03-30 12:06:00,135.457141161
2020-03-30 12:07:00,135.4218134754
2020-03-30 12:08:00,135.192183519
2020-03-30 12:09:00,135.148023912
2020-03-30 12:10:00,135.309942471
2020-03-30 12:11:00,135.776071656
2020-03-30 12:12:00,135.884017362
2020-03-30 12:13:00,135.77616978846
2020-03-30 12:14:00,136.021402806
2020-03-30 12:15:00,136.212761103
2020-03-30 12:16:00,136.521878352
2020-03-30 12:17:00,136.413932646
2020-03-30 12:18:00,136.512065106
2020-03-30 12:19:00,136.492438614
2020-03-30 12:20:00,136.521878352
2020-03-30 12:21:00,136.364866416
2020-03-30 12:22:00,136.521878352
2020-03-30 12:23:00,136.570944582
2020-03-30 12:24:00,136.580757828
2020-03-30 12:25:00,136.777022748
2020-03-30 12:26:00,136.718143272
2020-03-30 12:27:00,137.02147070586
2020-03-30 12:28:00,137.257871802
2020-03-30 12:29:00,137.267685048
2020-03-30 12:30:00,137.463949968
2020-03-30 12:31:00,137.346191016
2020-03-30 12:32:00,137.33637777
2020-03-30 12:33:00,137.527736067
2020-03-30 12:34:00,137.591522166
2020-03-30 12:35:00,137.733814233
2020-03-30 12:36:00,137.768160594
2020-03-30 12:37:00,137.984052006
2020-03-30 12:38:00,138.067464597
2020-03-30 12:39:00,138.087091089
2020-03-30 12:40:00,138.209756664
2020-03-30 12:41:00,138.141063942
2020-03-30 12:42:00,138.101810958
2020-03-30 12:43:00,138.091997712
2020-03-30 12:44:00,138.091997712
2020-03-30 12:45:00,137.866293054
2020-03-30 12:46:00,137.797600332
2020-03-30 12:47:00,137.8761063
2020-03-30 12:48:00,137.807413578
2020-03-30 12:49:00,137.576802297
2020-03-30 12:50:00,137.72890761
2020-03-30 12:51:00,137.72890761
2020-03-30 12:52:00,137.72890761
2020-03-30 12:53:00,137.861386431
2020-03-30 12:54:00,137.797600332
2020-03-30 12:55:00,137.964425514
2020-03-30 12:56:00,137.900639415
2020-03-30 12:57:00,137.748534102
2020-03-30 12:58:00,137.640588396
2020-03-30 12:59:00,137.694561249
2020-03-30 13:00:00,137.831946693
2020-03-30 13:01:00,137.699467872
2020-03-30 13:02:00,137.5090908996
2020-03-30 13:03:00,137.3138073042
2020-03-30 13:04:00,137.316751278
2020-03-30 13:05:00,137.365817508
2020-03-30 13:06:00,137.262778425
2020-03-30 13:07:00,137.277498294
2020-03-30 13:08:00,137.184272457
2020-03-30 13:09:00,137.169552588
2020-03-30 13:10:00,137.002727406
2020-03-30 13:11:00,137.243151933
2020-03-30 13:12:00,137.33637777
2020-03-30 13:13:00,137.370724131
2020-03-30 13:14:00,137.326564524
2020-03-30 13:15:00,137.326564524
2020-03-30 13:16:00,137.395257246
2020-03-30 13:17:00,137.385444
2020-03-30 13:18:00,137.405070492
2020-03-30 13:19:00,137.326564524
2020-03-30 13:20:00,137.414883738
2020-03-30 13:21:00,137.400163869
2020-03-30 13:22:00,137.409977115
2020-03-30 13:23:00,137.34354143958
2020-03-30 13:24:00,137.439416853
2020-03-30 13:25:00,137.522829444
2020-03-30 13:26:00,137.48357646
2020-03-30 13:27:00,137.395257246
2020-03-30 13:28:00,137.321657901
2020-03-30 13:29:00,137.326564524
2020-03-30 13:30:00,137.208805572
2020-03-30 13:31:00,137.169552588
2020-03-30 13:32:00,137.2112588835
2020-03-30 13:33:00,136.983100914
2020-03-30 13:34:00,136.94384793
2020-03-30 13:35:00,136.55131809
2020-03-30 13:36:00,136.546411467
2020-03-30 13:37:00,136.364866416
2020-03-30 13:38:00,136.35505317
2020-03-30 13:39:00,136.364866416
2020-03-30 13:40:00,136.4041194
2020-03-30 13:41:00,136.168601496
2020-03-30 13:42:00,135.991963068
2020-03-30 13:43:00,136.198041234
2020-03-30 13:44:00,136.139161758
2020-03-30 13:45:00,136.070469036
2020-03-30 13:46:00,135.75134227608
2020-03-30 13:47:00,135.56999349
2020-03-30 13:48:00,135.839857755
2020-03-30 13:49:00,135.869297493
2020-03-30 13:50:00,135.893830608
2020-03-30 13:51:00,135.908550477
2020-03-30 13:52:00,135.820231263
2020-03-30 13:53:00,135.859484247
2020-03-30 13:54:00,135.71719218
2020-03-30 13:55:00,135.81532464
2020-03-30 13:56:00,135.4227948
2020-03-30 13:57:00,135.412981554
2020-03-30 13:58:00,135.442421292
2020-03-30 13:59:00,135.432608046
2020-03-30 14:00:00,135.442421292
2020-03-30 14:01:00,135.378635193
2020-03-30 14:02:00,135.462047784
2020-03-30 14:03:00,135.4227948
2020-03-30 14:04:00,135.432608046
2020-03-30 14:05:00,135.403168308
2020-03-30 14:06:00,135.412981554
2020-03-30 14:07:00,135.334475586
2020-03-30 14:08:00,135.354102078
2020-03-30 14:09:00,135.491487522
2020-03-30 14:10:00,135.491487522
2020-03-30 14:11:00,135.481674276
2020-03-30 14:12:00,135.442421292
2020-03-30 14:13:00,135.167650404
2020-03-30 14:14:00,135.27559611
2020-03-30 14:15:00,135.638686212
2020-03-30 14:16:00,135.319755717
2020-03-30 14:17:00,135.4227948
2020-03-30 14:18:00,135.334475586
2020-03-30 14:19:00,135.442421292
2020-03-30 14:20:00,135.368821947
2020-03-30 14:21:00,135.12839742
2020-03-30 14:22:00,135.314849094
2020-03-30 14:23:00,135.412981554
2020-03-30 14:24:00,135.452234538
2020-03-30 14:25:00,135.42593503872
2020-03-30 14:26:00,135.37372857
2020-03-30 14:27:00,135.511114014
2020-03-30 14:28:00,135.535647129
2020-03-30 14:29:00,135.76625841
2020-03-30 14:30:00,135.874204116
2020-03-30 14:31:00,135.923270346
2020-03-30 14:32:00,136.22905109136
2020-03-30 14:33:00,136.276547202
2020-03-30 14:34:00,136.394306154
2020-03-30 14:35:00,136.227480972
2020-03-30 14:36:00,136.20785448
2020-03-30 14:37:00,136.384492908
2020-03-30 14:38:00,136.359959793
2020-03-30 14:39:00,136.232387595
2020-03-30 14:40:00,136.364866416
2020-03-30 14:41:00,136.590571074
2020-03-30 14:42:00,136.767209502
2020-03-30 14:43:00,136.72717145832
2020-03-30 14:44:00,136.786835994
2020-03-30 14:45:00,136.924221438
2020-03-30 14:46:00,136.84571547
2020-03-30 14:47:00,136.835902224
2020-03-30 14:48:00,136.620010812
2020-03-30 14:49:00,136.60038432
2020-03-30 14:50:00,136.727956518
2020-03-30 14:51:00,136.693610157
2020-03-30 14:52:00,137.007634029
2020-03-30 14:53:00,137.100859866
2020-03-30 14:54:00,136.99291416
2020-03-30 14:55:00,136.99291416
2020-03-30 14:56:00,136.786835994
2020-03-30 14:57:00,136.79664924
2020-03-30 14:58:00,136.811369109
2020-03-30 14:59:00,136.7024420784
2020-03-30 15:00:00,136.821182355
2020-03-30 15:01:00,136.919314815
2020-03-30 15:02:00,137.061606882
2020-03-30 15:03:00,136.99870397514
2020-03-30 15:04:00,137.046887013
2020-03-30 15:05:00,137.179365834
2020-03-30 15:06:00,137.306938032
2020-03-30 15:07:00,137.257871802
2020-03-30 15:08:00,137.321657901
2020-03-30 15:09:00,137.468856591
2020-03-30 15:10:00,137.58170892
2020-03-30 15:11:00,137.542455936
2020-03-30 15:12:00,137.670028134
2020-03-30 15:13:00,137.640588396
2020-03-30 15:14:00,137.542455936
2020-03-30 15:15:00,137.385444
2020-03-30 15:16:00,137.248058556
2020-03-30 15:17:00,137.488483083
2020-03-30 15:18:00,137.341284393
2020-03-30 15:19:00,137.331471147
2020-03-30 15:20:00,137.473763214
2020-03-30 15:21:00,137.444323476
2020-03-30 15:22:00,137.130299604
2020-03-30 15:23:00,137.159739342
2020-03-30 15:24:00,136.983100914
2020-03-30 15:25:00,136.757396256
2020-03-30 15:26:00,136.472812122
2020-03-30 15:27:00,136.541504844
2020-03-30 15:28:00,135.844764378
2020-03-30 15:29:00,136.247107464
2020-03-30 15:30:00,136.340333301
2020-03-30 15:31:00,136.15015259352
2020-03-30 15:32:00,136.050842544
2020-03-30 15:33:00,136.041029298
2020-03-30 15:34:00,135.707378934
2020-03-30 15:35:00,135.996869691
2020-03-30 15:36:00,135.9134571
2020-03-30 15:37:00,135.776071656
2020-03-30 15:38:00,135.589619982
2020-03-30 15:39:00,135.972336576
2020-03-30 15:40:00,135.805511394
2020-03-30 15:41:00,135.638686212
2020-03-30 15:42:00,135.638686212
2020-03-30 15:43:00,135.61905972
2020-03-30 15:44:00,135.349195455
2020-03-30 15:45:00,136.031216052
2020-03-30 15:46:00,136.335426678
2020-03-30 15:47:00,136.624917435
2020-03-30 15:48:00,136.84571547
2020-03-30 15:49:00,136.55131809
2020-03-30 15:50:00,136.30598694
2020-03-30 15:51:00,136.482625368
2020-03-30 15:52:00,136.198041234
2020-03-30 15:53:00,135.795698148
2020-03-30 15:54:00,135.56999349
2020-03-30 15:55:00,135.776071656
2020-03-30 15:56:00,135.834951132
2020-03-30 15:57:00,135.76625841
2020-03-30 15:58:00,135.795698148
2020-03-30 15:59:00,135.511114014
2020-03-30 16:00:00,135.854577624
2020-03-31 09:31:00,134.402217216
2020-03-31 09:32:00,134.858533155
2020-03-31 09:33:00,134.583762267
2020-03-31 09:34:00,134.991011976
2020-03-31 09:35:00,134.986105353
2020-03-31 09:36:00,135.309942471
2020-03-31 09:37:00,135.049891452
2020-03-31 09:38:00,134.946852369
2020-03-31 09:39:00,134.137259574
2020-03-31 09:40:00,134.63773512
2020-03-31 09:41:00,134.98119873
2020-03-31 09:42:00,134.912506008
2020-03-31 09:43:00,134.706427842
2020-03-31 09:44:00,134.412030462
2020-03-31 09:45:00,134.127446328
2020-03-31 09:46:00,134.078380098
2020-03-31 09:47:00,133.617157536
2020-03-31 09:48:00,132.733965396
2020-03-31 09:49:00,132.738872019
2020-03-31 09:50:00,132.346342179
2020-03-31 09:51:00,132.439568016
2020-03-31 09:52:00,132.866444217
2020-03-31 09:53:00,132.72415215
2020-03-31 09:54:00,133.023456153
2020-03-31 09:55:00,133.16574822
2020-03-31 09:56:00,133.155934974
2020-03-31 09:57:00,133.1986225941
2020-03-31 09:58:00,133.0160962185
2020-03-31 09:59:00,132.998923038
2020-03-31 10:00:00,132.665272674
2020-03-31 10:01:00,132.881164086
2020-03-31 10:02:00,132.444474639
2020-03-31 10:03:00,132.351248802
2020-03-31 10:04:00,132.522980607
2020-03-31 10:05:00,132.665272674
2020-03-31 10:06:00,132.783031626
2020-03-31 10:07:00,132.99480147468
2020-03-31 10:08:00,132.9694833
2020-03-31 10:09:00,133.141215105
2020-03-31 10:10:00,133.283507172
2020-03-31 10:11:00,133.85267544
2020-03-31 10:12:00,133.626970782
2020-03-31 10:13:00,133.646597274
2020-03-31 10:14:00,134.372777478
2020-03-31 10:15:00,134.210858919
2020-03-31 10:16:00,134.151979443
2020-03-31 10:17:00,134.039127114
2020-03-31 10:18:00,134.107819836
2020-03-31 10:19:00,134.039127114
2020-03-31 10:20:00,134.107819836
2020-03-31 10:21:00,133.960621146
2020-03-31 10:22:00,133.77495453168
2020-03-31 10:23:00,133.636784028
2020-03-31 10:24:00,133.70547675
2020-03-31 10:25:00,133.818329079
2020-03-31 10:26:00,133.793795964
2020-03-31 10:27:00,133.666223766
2020-03-31 10:28:00,133.617157536
2020-03-31 10:29:00,133.783982718
2020-03-31 10:30:00,133.882115178
2020-03-31 10:31:00,133.86072230172
2020-03-31 10:32:00,134.053846983
2020-03-31 10:33:00,134.019500622
2020-03-31 10:34:00,133.980247638
2020-03-31 10:35:00,133.744729734
2020-03-31 10:36:00,133.828142325
2020-03-31 10:37:00,133.744729734
2020-03-31 10:38:00,133.798702587
2020-03-31 10:39:00,134.264831772
2020-03-31 10:40:00,134.416937085
2020-03-31 10:41:00,134.470909938
2020-03-31 10:42:00,134.333524494
2020-03-31 10:43:00,134.362964232
2020-03-31 10:44:00,134.436563577
2020-03-31 10:45:00,134.284458264
2020-03-31 10:46:00,133.862488686
2020-03-31 10:47:00,133.990060884
2020-03-31 10:48:00,134.09800659
2020-03-31 10:49:00,133.921368162
2020-03-31 10:50:00,133.990060884
2020-03-31 10:51:00,134.068566852
2020-03-31 10:52:00,134.215765542
2020-03-31 10:53:00,134.166699312
2020-03-31 10:54:00,134.029313868
2020-03-31 10:55:00,134.039127114
2020-03-31 10:56:00,134.09800659
2020-03-31 10:57:00,133.985154261
2020-03-31 10:58:00,134.044033737
2020-03-31 10:59:00,133.882115178
2020-03-31 11:00:00,133.921368162
2020-03-31 11:01:00,133.931181408
2020-03-31 11:02:00,134.250111903
2020-03-31 11:03:00,134.274645018
2020-03-31 11:04:00,133.896835047
2020-03-31 11:05:00,134.039127114
2020-03-31 11:06:00,133.911554916
2020-03-31 11:07:00,134.019500622
2020-03-31 11:08:00,133.970434392
2020-03-31 11:09:00,133.882115178
2020-03-31 11:10:00,133.940994654
2020-03-31 11:11:00,134.0710201635
2020-03-31 11:12:00,134.186325804
2020-03-31 11:13:00,134.318804625
2020-03-31 11:14:00,134.34333774
2020-03-31 11:15:00,134.39240397
2020-03-31 11:16:00,134.755494072
2020-03-31 11:17:00,134.843813286
2020-03-31 11:18:00,134.63773512
2020-03-31 11:19:00,134.667174858
2020-03-31 11:20:00,134.529789414
2020-03-31 11:21:00,134.804560302
2020-03-31 11:22:00,134.78493381
2020-03-31 11:23:00,134.726054334
2020-03-31 11:24:00,134.902692762
2020-03-31 11:25:00,135.054798075
2020-03-31 11:26:00,135.349195455
2020-03-31 11:27:00,135.378635193
2020-03-31 11:28:00,135.354102078
2020-03-31 11:29:00,135.466954407
2020-03-31 11:30:00,135.697565688
2020-03-31 11:31:00,135.893830608
2020-03-31 11:32:00,136.222574349
2020-03-31 11:33:00,136.28174822238
2020-03-31 11:34:00,136.610197566
2020-03-31 11:35:00,136.590571074
2020-03-31 11:36:00,136.443372384
2020-03-31 11:37:00,136.492438614
2020-03-31 11:38:00,136.1568256008
2020-03-31 11:39:00,136.026309429
2020-03-31 11:40:00,136.168601496
2020-03-31 11:41:00,136.536598221
2020-03-31 11:42:00,136.629824058
2020-03-31 11:43:00,136.875155208
2020-03-31 11:44:00,137.051793636
2020-03-31 11:45:00,136.71196092702
2020-03-31 11:46:00,136.904594946
2020-03-31 11:47:00,136.82343940158
2020-03-31 11:48:00,136.983100914
2020-03-31 11:49:00,136.929128061
2020-03-31 11:50:00,137.071420128
2020-03-31 11:51:00,137.051793636
2020-03-31 11:52:00,137.012540652
2020-03-31 11:53:00,136.953661176
2020-03-31 11:54:00,136.737769764
2020-03-31 11:55:00,136.74758301
2020-03-31 11:56:00,136.889875077
2020-03-31 11:57:00,137.36297166666
2020-03-31 11:58:00,137.390350623
2020-03-31 11:59:00,137.277498294
2020-03-31 12:00:00,137.454136722
2020-03-31 12:01:00,137.346191016
2020-03-31 12:02:00,137.120486358
2020-03-31 12:03:00,137.444323476
2020-03-31 12:04:00,137.11842557634
2020-03-31 12:05:00,136.973287668
2020-03-31 12:06:00,137.159739342
2020-03-31 12:07:00,137.552269182
2020-03-31 12:08:00,137.429603607
2020-03-31 12:09:00,137.552269182
2020-03-31 12:10:00,137.807413578
2020-03-31 12:11:00,137.611148658
2020-03-31 12:12:00,137.699467872
2020-03-31 12:13:00,137.660214888
2020-03-31 12:14:00,137.611148658
2020-03-31 12:15:00,137.444323476
2020-03-31 12:16:00,137.620961904
2020-03-31 12:17:00,137.385444
2020-03-31 12:18:00,137.218618818
2020-03-31 12:19:00,137.444323476
2020-03-31 12:20:00,137.24423139006
2020-03-31 12:21:00,137.130299604
2020-03-31 12:22:00,136.973287668
2020-03-31 12:23:00,137.243151933
2020-03-31 12:24:00,137.395257246
2020-03-31 12:25:00,137.208805572
2020-03-31 12:26:00,136.919314815
2020-03-31 12:27:00,136.875155208
2020-03-31 12:28:00,136.669077042
2020-03-31 12:29:00,136.659263796
2020-03-31 12:30:00,136.884968454
2020-03-31 12:31:00,136.98221772186
2020-03-31 12:32:00,136.811369109
2020-03-31 12:33:00,136.629824058
2020-03-31 12:34:00,136.620010812
2020-03-31 12:35:00,136.639637304
2020-03-31 12:36:00,136.374679662
2020-03-31 12:37:00,136.561131336
2020-03-31 12:38:00,136.536598221
2020-03-31 12:39:00,136.099908774
2020-03-31 12:40:00,136.0729223475
2020-03-31 12:41:00,136.418839269
2020-03-31 12:42:00,136.462998876
2020-03-31 12:43:00,136.4041194
2020-03-31 12:44:00,136.546411467
2020-03-31 12:45:00,136.472812122
2020-03-31 12:46:00,136.345239924
2020-03-31 12:47:00,135.96252333
2020-03-31 12:48:00,136.266733956
2020-03-31 12:49:00,136.55131809
2020-03-31 12:50:00,136.561131336
2020-03-31 12:51:00,136.634730681
2020-03-31 12:52:00,136.423745892
2020-03-31 12:53:00,136.198041234
2020-03-31 12:54:00,136.556224713
2020-03-31 12:55:00,136.561131336
2020-03-31 12:56:00,136.566037959
2020-03-31 12:57:00,136.570944582
2020-03-31 12:58:00,136.291267071
2020-03-31 12:59:00,136.443372384
2020-03-31 13:00:00,136.399212777
2020-03-31 13:01:00,136.50234999246
2020-03-31 13:02:00,136.659263796
2020-03-31 13:03:00,137.032167144
2020-03-31 13:04:00,137.002727406
2020-03-31 13:05:00,136.904594946
2020-03-31 13:06:00,136.865341962
2020-03-31 13:07:00,136.610197566
2020-03-31 13:08:00,136.55131809
2020-03-31 13:09:00,136.462998876
2020-03-31 13:10:00,136.963474422
2020-03-31 13:11:00,136.79664924
2020-03-31 13:12:00,137.218618818
2020-03-31 13:13:00,137.248058556
2020-03-31 13:14:00,137.208805572
2020-03-31 13:15:00,137.316751278
2020-03-31 13:16:00,137.012540652
2020-03-31 13:17:00,136.968381045
2020-03-31 13:18:00,136.938941307
2020-03-31 13:19:00,136.94384793
2020-03-31 13:20:00,136.94384793
2020-03-31 13:21:00,136.786835994
2020-03-31 13:22:00,136.492438614
2020-03-31 13:23:00,136.629824058
2020-03-31 13:24:00,136.835902224
2020-03-31 13:25:00,136.914408192
2020-03-31 13:26:00,136.914408192
2020-03-31 13:27:00,136.924221438
2020-03-31 13:28:00,136.855528716
2020-03-31 13:29:00,136.688703534
2020-03-31 13:30:00,136.884968454
2020-03-31 13:31:00,136.884968454
2020-03-31 13:32:00,136.860435339
2020-03-31 13:33:00,137.066513505
2020-03-31 13:34:00,136.816275732
2020-03-31 13:35:00,136.96229683248
2020-03-31 13:36:00,136.963474422
2020-03-31 13:37:00,137.218618818
2020-03-31 13:38:00,137.252965179
2020-03-31 13:39:00,137.218618818
2020-03-31 13:40:00,137.130299604
2020-03-31 13:41:00,137.22519369282
2020-03-31 13:42:00,137.218618818
2020-03-31 13:43:00,137.262778425
2020-03-31 13:44:00,137.267685048
2020-03-31 13:45:00,136.963474422
2020-03-31 13:46:00,137.248058556
2020-03-31 13:47:00,137.228432064
2020-03-31 13:48:00,137.198992326
2020-03-31 13:49:00,137.110673112
2020-03-31 13:50:00,137.311844655
2020-03-31 13:51:00,137.2303947132
2020-03-31 13:52:00,137.174459211
2020-03-31 13:53:00,137.316751278
2020-03-31 13:54:00,137.53264269
2020-03-31 13:55:00,137.179365834
2020-03-31 13:56:00,136.983100914
2020-03-31 13:57:00,137.228432064
2020-03-31 13:58:00,137.297124786
2020-03-31 13:59:00,137.297124786
2020-03-31 14:00:00,137.360910885
2020-03-31 14:01:00,137.346191016
2020-03-31 14:02:00,137.414883738
2020-03-31 14:03:00,137.542455936
2020-03-31 14:04:00,137.468856591
2020-03-31 14:05:00,137.48357646
2020-03-31 14:06:00,137.395257246
2020-03-31 14:07:00,137.159739342
2020-03-31 14:08:00,137.248058556
2020-03-31 14:09:00,137.33637777
2020-03-31 14:10:00,137.3849533377
2020-03-31 14:11:00,137.385444
2020-03-31 14:12:00,137.375630754
2020-03-31 14:13:00,137.346191016
2020-03-31 14:14:00,137.28731154
2020-03-31 14:15:00,137.012540652
2020-03-31 14:16:00,137.051793636
2020-03-31 14:17:00,136.953661176
2020-03-31 14:18:00,136.94384793
2020-03-31 14:19:00,136.953661176
2020-03-31 14:20:00,137.149926096
2020-03-31 14:21:00,137.346191016
2020-03-31 14:22:00,137.248058556
2020-03-31 14:23:00,137.380537377
2020-03-31 14:24:00,137.208805572
2020-03-31 14:25:00,137.184272457
2020-03-31 14:26:00,137.228432064
2020-03-31 14:27:00,137.208805572
2020-03-31 14:28:00,137.159739342
2020-03-31 14:29:00,137.130299604
2020-03-31 14:30:00,137.145019473
2020-03-31 14:31:00,137.0836866855
2020-03-31 14:32:00,137.14011285
2020-03-31 14:33:00,137.149926096
2020-03-31 14:34:00,137.380537377
2020-03-31 14:35:00,137.316751278
2020-03-31 14:36:00,137.277498294
2020-03-31 14:37:00,137.454136722
2020-03-31 14:38:00,137.53264269
2020-03-31 14:39:00,137.709281118
2020-03-31 14:40:00,137.542455936
2020-03-31 14:41:00,137.665121511
2020-03-31 14:42:00,137.650401642
2020-03-31 14:43:00,137.763253971
2020-03-31 14:44:00,137.72321592732
2020-03-31 14:45:00,137.714187741
2020-03-31 14:46:00,137.228432064
2020-03-31 14:47:00,137.414883738
2020-03-31 14:48:00,137.385444
2020-03-31 14:49:00,137.086139997
2020-03-31 14:50:00,137.267685048
2020-03-31 14:51:00,137.208805572
2020-03-31 14:52:00,137.297124786
2020-03-31 14:53:00,137.405070492
2020-03-31 14:54:00,137.198992326
2020-03-31 14:55:00,137.159739342
2020-03-31 14:56:00,137.002727406
2020-03-31 14:57:00,137.110673112
2020-03-31 14:58:00,137.12676683544
2020-03-31 14:59:00,136.924221438
2020-03-31 15:00:00,136.934034684
2020-03-31 15:01:00,137.100859866
2020-03-31 15:02:00,137.316751278
2020-03-31 15:03:00,137.277498294
2020-03-31 15:04:00,137.297124786
2020-03-31 15:05:00,137.017447275
2020-03-31 15:06:00,137.203898949
2020-03-31 15:07:00,136.8947817
2020-03-31 15:08:00,136.60038432
2020-03-31 15:09:00,136.620010812
2020-03-31 15:10:00,136.683796911
2020-03-31 15:11:00,136.55131809
2020-03-31 15:12:00,136.198041234
2020-03-31 15:13:00,136.266733956
2020-03-31 15:14:00,136.325613432
2020-03-31 15:15:00,135.972336576
2020-03-31 15:16:00,136.099908774
2020-03-31 15:17:00,135.96252333
2020-03-31 15:18:00,136.178414742
2020-03-31 15:19:00,135.785884902
2020-03-31 15:20:00,135.727005426
2020-03-31 15:21:00,135.785884902
2020-03-31 15:22:00,135.790791525
2020-03-31 15:23:00,135.555273621
2020-03-31 15:24:00,135.550366998
2020-03-31 15:25:00,135.383541816
2020-03-31 15:26:00,135.61905972
2020-03-31 15:27:00,135.535647129
2020-03-31 15:28:00,135.687752442
2020-03-31 15:29:00,135.383541816
2020-03-31 15:30:00,135.020451714
2020-03-31 15:31:00,134.82428492646
2020-03-31 15:32:00,134.98119873
2020-03-31 15:33:00,135.285409356
2020-03-31 15:34:00,135.37372857
2020-03-31 15:35:00,135.687752442
2020-03-31 15:36:00,135.442421292
2020-03-31 15:37:00,135.589619982
2020-03-31 15:38:00,135.830044509
2020-03-31 15:39:00,135.825137886
2020-03-31 15:40:00,136.01158956
2020-03-31 15:41:00,136.085188905
2020-03-31 15:42:00,135.982149822
2020-03-31 15:43:00,135.898737231
2020-03-31 15:44:00,136.055749167
2020-03-31 15:45:00,135.854577624
2020-03-31 15:46:00,135.805511394
2020-03-31 15:47:00,135.790791525
2020-03-31 15:48:00,135.628872966
2020-03-31 15:49:00,135.22652988
2020-03-31 15:50:00,134.696614596
2020-03-31 15:51:00,136.001776314
2020-03-31 15:52:00,136.129348512
2020-03-31 15:53:00,136.119535266
2020-03-31 15:54:00,136.090095528
2020-03-31 15:55:00,135.9134571
2020-03-31 15:56:00,136.119535266
2020-03-31 15:57:00,137.385444
2020-03-31 15:58:00,136.25692071
2020-03-31 15:59:00,136.198041234
2020-03-31 16:00:00,136.129348512
2020-04-01 09:31:00,131.899839486
2020-04-01 09:32:00,132.174610374
2020-04-01 09:33:00,132.478821
2020-04-01 09:34:00,131.831146764
2020-04-01 09:35:00,131.659414959
2020-04-01 09:36:00,131.590722237
2020-04-01 09:37:00,131.54656263
2020-04-01 09:38:00,131.880212994
2020-04-01 09:39:00,131.811520272
2020-04-01 09:40:00,131.625068598
2020-04-01 09:41:00,131.320857972
2020-04-01 09:42:00,131.183472528
2020-04-01 09:43:00,130.898888394
2020-04-01 09:44:00,131.046087084
2020-04-01 09:45:00,131.011740723
2020-04-01 09:46:00,130.893981771
2020-04-01 09:47:00,130.594677768
2020-04-01 09:48:00,130.786036065
2020-04-01 09:49:00,131.08955976378
2020-04-01 09:50:00,131.286511611
2020-04-01 09:51:00,131.46786039708
2020-04-01 09:52:00,131.585815614
2020-04-01 09:53:00,131.649601713
2020-04-01 09:54:00,131.703574566
2020-04-01 09:55:00,131.713387812
2020-04-01 09:56:00,131.997971946
2020-04-01 09:57:00,131.674134828
2020-04-01 09:58:00,131.79189378
2020-04-01 09:59:00,131.35029771
2020-04-01 10:00:00,131.762454042
2020-04-01 10:01:00,131.816426895
2020-04-01 10:02:00,131.664321582
2020-04-01 10:03:00,131.674134828
2020-04-01 10:04:00,131.79189378
2020-04-01 10:05:00,131.64469509
2020-04-01 10:06:00,131.605442106
2020-04-01 10:07:00,131.54656263
2020-04-01 10:08:00,131.762454042
2020-04-01 10:09:00,132.272742834
2020-04-01 10:10:00,132.213863358
2020-04-01 10:11:00,132.28255608
2020-04-01 10:12:00,132.23348985
2020-04-01 10:13:00,132.164797128
2020-04-01 10:14:00,132.218769981
2020-04-01 10:15:00,132.75251243094
2020-04-01 10:16:00,132.498447492
2020-04-01 10:17:00,132.974389923
2020-04-01 10:18:00,132.841911102
2020-04-01 10:19:00,132.665272674
2020-04-01 10:20:00,132.557326968
2020-04-01 10:21:00,132.424848147
2020-04-01 10:22:00,132.316902441
2020-04-01 10:23:00,132.21356896062
2020-04-01 10:24:00,132.449381262
2020-04-01 10:25:00,131.958718962
2020-04-01 10:26:00,131.978345454
2020-04-01 10:27:00,132.03722493
2020-04-01 10:28:00,131.968532208
2020-04-01 10:29:00,131.723201058
2020-04-01 10:30:00,131.811520272
2020-04-01 10:31:00,131.674134828
2020-04-01 10:32:00,131.870399748
2020-04-01 10:33:00,132.066664668
2020-04-01 10:34:00,132.370875294
2020-04-01 10:35:00,132.655459428
2020-04-01 10:36:00,132.900790578
2020-04-01 10:37:00,133.057802514
2020-04-01 10:38:00,133.332573402
2020-04-01 10:39:00,133.322760156
2020-04-01 10:40:00,133.111775367
2020-04-01 10:41:00,132.998923038
2020-04-01 10:42:00,133.141215105
2020-04-01 10:43:00,133.347293271
2020-04-01 10:44:00,133.676037012
2020-04-01 10:45:00,133.666223766
2020-04-01 10:46:00,133.931181408
2020-04-01 10:47:00,133.99987413
2020-04-01 10:48:00,134.402217216
2020-04-01 10:49:00,134.578855644
2020-04-01 10:50:00,133.867395309
2020-04-01 10:51:00,133.59007297704
2020-04-01 10:52:00,133.739823111
2020-04-01 10:53:00,133.837955571
2020-04-01 10:54:00,133.921368162
2020-04-01 10:55:00,133.965527769
2020-04-01 10:56:00,133.95051350262
2020-04-01 10:57:00,133.533744945
2020-04-01 10:58:00,133.833048948
2020-04-01 10:59:00,133.744729734
2020-04-01 11:00:00,133.769262849
2020-04-01 11:01:00,133.980247638
2020-04-01 11:02:00,133.99987413
2020-04-01 11:03:00,133.764356226
2020-04-01 11:04:00,133.9081202799
2020-04-01 11:05:00,134.058753606
2020-04-01 11:06:00,134.088193344
2020-04-01 11:07:00,133.764356226
2020-04-01 11:08:00,133.744729734
2020-04-01 11:09:00,133.940994654
2020-04-01 11:10:00,134.225578788
2020-04-01 11:11:00,134.510162922
2020-04-01 11:12:00,134.421843708
2020-04-01 11:13:00,134.117633082
2020-04-01 11:14:00,133.764356226
2020-04-01 11:15:00,133.783982718
2020-04-01 11:16:00,133.50921183
2020-04-01 11:17:00,133.695663504
2020-04-01 11:18:00,134.068566852
2020-04-01 11:19:00,134.186325804
2020-04-01 11:20:00,134.367870855
2020-04-01 11:21:00,134.24520528
2020-04-01 11:22:00,134.304084756
2020-04-01 11:23:00,134.205952296
2020-04-01 11:24:00,134.14707282
2020-04-01 11:25:00,134.019500622
2020-04-01 11:26:00,133.970434392
2020-04-01 11:27:00,133.793795964
2020-04-01 11:28:00,133.587717798
2020-04-01 11:29:00,133.661317143
2020-04-01 11:30:00,133.725103242
2020-04-01 11:31:00,133.430705862
2020-04-01 11:32:00,133.587717798
2020-04-01 11:33:00,133.90174167
2020-04-01 11:34:00,133.862488686
2020-04-01 11:35:00,133.80360921
2020-04-01 11:36:00,133.945901277
2020-04-01 11:37:00,133.685850258
2020-04-01 11:38:00,133.793795964
2020-04-01 11:39:00,133.813422456
2020-04-01 11:40:00,133.528838322
2020-04-01 11:41:00,133.254067434
2020-04-01 11:42:00,132.979296546
2020-04-01 11:43:00,132.802658118
2020-04-01 11:44:00,132.832097856
2020-04-01 11:45:00,132.77321838
2020-04-01 11:46:00,132.841911102
2020-04-01 11:47:00,132.665272674
2020-04-01 11:48:00,132.832097856
2020-04-01 11:49:00,132.670179297
2020-04-01 11:50:00,132.478821
2020-04-01 11:51:00,132.52788723
2020-04-01 11:52:00,132.498447492
2020-04-01 11:53:00,132.522980607
2020-04-01 11:54:00,132.503354115
2020-04-01 11:55:00,132.444474639
2020-04-01 11:56:00,132.361062048
2020-04-01 11:57:00,132.311995818
2020-04-01 11:58:00,132.361062048
2020-04-01 11:59:00,132.439568016
2020-04-01 12:00:00,132.390501786
2020-04-01 12:01:00,132.557326968
2020-04-01 12:02:00,132.395408409
2020-04-01 12:03:00,132.385595163
2020-04-01 12:04:00,132.459194508
2020-04-01 12:05:00,132.400315032
2020-04-01 12:06:00,132.635832936
2020-04-01 12:07:00,132.645646182
2020-04-01 12:08:00,132.665272674
2020-04-01 12:09:00,132.635832936
2020-04-01 12:10:00,132.586766706
2020-04-01 12:11:00,132.861537594
2020-04-01 12:12:00,132.861537594
2020-04-01 12:13:00,132.621113067
2020-04-01 12:14:00,132.861537594
2020-04-01 12:15:00,132.75437694768
2020-04-01 12:16:00,132.802658118
2020-04-01 12:17:00,132.635832936
2020-04-01 12:18:00,132.405221655
2020-04-01 12:19:00,132.518073984
2020-04-01 12:20:00,132.253116342
2020-04-01 12:21:00,132.29325251814
2020-04-01 12:22:00,132.567140214
2020-04-01 12:23:00,132.743778642
2020-04-01 12:24:00,132.851724348
2020-04-01 12:25:00,132.738872019
2020-04-01 12:26:00,132.655459428
2020-04-01 12:27:00,132.351248802
2020-04-01 12:28:00,132.321809064
2020-04-01 12:29:00,132.439568016
2020-04-01 12:30:00,132.321809064
2020-04-01 12:31:00,132.557326968
2020-04-01 12:32:00,132.763405134
2020-04-01 12:33:00,132.75624146442
2020-04-01 12:34:00,132.665272674
2020-04-01 12:35:00,132.92041707
2020-04-01 12:36:00,132.518073984
2020-04-01 12:37:00,132.611299821
2020-04-01 12:38:00,132.851724348
2020-04-01 12:39:00,132.650552805
2020-04-01 12:40:00,132.704525658
2020-04-01 12:41:00,132.6711606216
2020-04-01 12:42:00,132.640739559
2020-04-01 12:43:00,132.52788723
2020-04-01 12:44:00,132.28255608
2020-04-01 12:45:00,132.596579952
2020-04-01 12:46:00,132.572046837
2020-04-01 12:47:00,132.6319076376
2020-04-01 12:48:00,132.469007754
2020-04-01 12:49:00,132.2261299155
2020-04-01 12:50:00,132.169703751
2020-04-01 12:51:00,132.16705417458
2020-04-01 12:52:00,132.28255608
2020-04-01 12:53:00,132.503354115
2020-04-01 12:54:00,132.719245527
2020-04-01 12:55:00,132.753591888
2020-04-01 12:56:00,132.73720376718
2020-04-01 12:57:00,132.783031626
2020-04-01 12:58:00,132.655459428
2020-04-01 12:59:00,132.537700476
2020-04-01 13:00:00,132.792844872
2020-04-01 13:01:00,132.640739559
2020-04-01 13:02:00,132.900790578
2020-04-01 13:03:00,133.200094581
2020-04-01 13:04:00,133.479772092
2020-04-01 13:05:00,133.36201314
2020-04-01 13:06:00,133.14690678768
2020-04-01 13:07:00,133.317853533
2020-04-01 13:08:00,133.548464814
2020-04-01 13:09:00,133.734916488
2020-04-01 13:10:00,133.626970782
2020-04-01 13:11:00,133.592624421
2020-04-01 13:12:00,133.80360921
2020-04-01 13:13:00,133.931181408
2020-04-01 13:14:00,133.793795964
2020-04-01 13:15:00,133.528838322
2020-04-01 13:16:00,133.450332354
2020-04-01 13:17:00,133.587717798
2020-04-01 13:18:00,133.50921183
2020-04-01 13:19:00,133.70547675
2020-04-01 13:20:00,133.676037012
2020-04-01 13:21:00,133.725103242
2020-04-01 13:22:00,133.862488686
2020-04-01 13:23:00,134.176512558
2020-04-01 13:24:00,134.078380098
2020-04-01 13:25:00,134.205952296
2020-04-01 13:26:00,134.402217216
2020-04-01 13:27:00,134.225578788
2020-04-01 13:28:00,134.24520528
2020-04-01 13:29:00,133.891928424
2020-04-01 13:30:00,133.936088031
2020-04-01 13:31:00,133.764356226
2020-04-01 13:32:00,133.695663504
2020-04-01 13:33:00,133.725103242
2020-04-01 13:34:00,133.872301932
2020-04-01 13:35:00,133.75454298
2020-04-01 13:36:00,133.734916488
2020-04-01 13:37:00,133.572997929
2020-04-01 13:38:00,133.568091306
2020-04-01 13:39:00,133.587717798
2020-04-01 13:40:00,133.744729734
2020-04-01 13:41:00,133.62706891446
2020-04-01 13:42:00,133.587717798
2020-04-01 13:43:00,133.646597274
2020-04-01 13:44:00,133.386546255
2020-04-01 13:45:00,133.298227041
2020-04-01 13:46:00,133.106868744
2020-04-01 13:47:00,133.420892616
2020-04-01 13:48:00,133.371826386
2020-04-01 13:49:00,133.597531044
2020-04-01 13:50:00,133.440519108
2020-04-01 13:51:00,133.288413795
2020-04-01 13:52:00,133.283507172
2020-04-01 13:53:00,133.30421312106
2020-04-01 13:54:00,133.322760156
2020-04-01 13:55:00,133.283507172
2020-04-01 13:56:00,133.440519108
2020-04-01 13:57:00,133.528838322
2020-04-01 13:58:00,133.55827806
2020-04-01 13:59:00,133.725103242
2020-04-01 14:00:00,133.636784028
2020-04-01 14:01:00,133.626970782
2020-04-01 14:02:00,133.519025076
2020-04-01 14:03:00,133.818329079
2020-04-01 14:04:00,133.833048948
2020-04-01 14:05:00,133.9508079
2020-04-01 14:06:00,133.9508079
2020-04-01 14:07:00,134.215765542
2020-04-01 14:08:00,134.093099967
2020-04-01 14:09:00,134.083286721
2020-04-01 14:10:00,133.793795964
2020-04-01 14:11:00,133.79271650694
2020-04-01 14:12:00,133.862488686
2020-04-01 14:13:00,133.70547675
2020-04-01 14:14:00,133.847768817
2020-04-01 14:15:00,133.75454298
2020-04-01 14:16:00,133.725103242
2020-04-01 14:17:00,133.50921183
2020-04-01 14:18:00,133.381639632
2020-04-01 14:19:00,133.494491961
2020-04-01 14:20:00,133.528838322
2020-04-01 14:21:00,133.528838322
2020-04-01 14:22:00,133.479772092
2020-04-01 14:23:00,133.440519108
2020-04-01 14:24:00,133.249160811
2020-04-01 14:25:00,133.136308482
2020-04-01 14:26:00,133.2839978343
2020-04-01 14:27:00,133.146121728
2020-04-01 14:28:00,133.13817299874
2020-04-01 14:29:00,133.401266124
2020-04-01 14:30:00,133.205001204
2020-04-01 14:31:00,132.910603824
2020-04-01 14:32:00,132.959670054
2020-04-01 14:33:00,132.890977332
2020-04-01 14:34:00,132.861537594
2020-04-01 14:35:00,132.998923038
2020-04-01 14:36:00,132.9694833
2020-04-01 14:37:00,133.205001204
2020-04-01 14:38:00,133.26388068
2020-04-01 14:39:00,133.4601456
2020-04-01 14:40:00,133.420892616
2020-04-01 14:41:00,133.273693926
2020-04-01 14:42:00,133.381639632
2020-04-01 14:43:00,133.2511234602
2020-04-01 14:44:00,133.175561466
2020-04-01 14:45:00,133.36201314
2020-04-01 14:46:00,133.479772092
2020-04-01 14:47:00,133.4675055345
2020-04-01 14:48:00,133.293320418
2020-04-01 14:49:00,133.4836973904
2020-04-01 14:50:00,133.406172747
2020-04-01 14:51:00,133.322760156
2020-04-01 14:52:00,133.273693926
2020-04-01 14:53:00,133.357106517
2020-04-01 14:54:00,133.234440942
2020-04-01 14:55:00,133.249160811
2020-04-01 14:56:00,133.072522383
2020-04-01 14:57:00,132.949856808
2020-04-01 14:58:00,132.998923038
2020-04-01 14:59:00,132.998923038
2020-04-01 15:00:00,132.748685265
2020-04-01 15:01:00,132.846817725
2020-04-01 15:02:00,132.763405134
2020-04-01 15:03:00,132.753591888
2020-04-01 15:04:00,132.714338904
2020-04-01 15:05:00,132.719245527
2020-04-01 15:06:00,132.890977332
2020-04-01 15:07:00,132.895883955
2020-04-01 15:08:00,132.694712412
2020-04-01 15:09:00,132.655459428
2020-04-01 15:10:00,132.719245527
2020-04-01 15:11:00,132.670179297
2020-04-01 15:12:00,132.787938249
2020-04-01 15:13:00,132.841911102
2020-04-01 15:14:00,132.812471364
2020-04-01 15:15:00,132.645646182
2020-04-01 15:16:00,132.62601969
2020-04-01 15:17:00,132.57695346
2020-04-01 15:18:00,132.478821
2020-04-01 15:19:00,132.42975477
2020-04-01 15:20:00,132.709432281
2020-04-01 15:21:00,132.67508592
2020-04-01 15:22:00,132.92041707
2020-04-01 15:23:00,133.106868744
2020-04-01 15:24:00,132.959670054
2020-04-01 15:25:00,132.743778642
2020-04-01 15:26:00,132.5857853814
2020-04-01 15:27:00,132.459194508
2020-04-01 15:28:00,132.655459428
2020-04-01 15:29:00,132.660366051
2020-04-01 15:30:00,132.743778642
2020-04-01 15:31:00,133.057802514
2020-04-01 15:32:00,133.244254188
2020-04-01 15:33:00,132.9694833
2020-04-01 15:34:00,133.038176022
2020-04-01 15:35:00,133.0720317207
2020-04-01 15:36:00,133.008736284
2020-04-01 15:37:00,133.038176022
2020-04-01 15:38:00,133.047989268
2020-04-01 15:39:00,132.881164086
2020-04-01 15:40:00,132.660366051
2020-04-01 15:41:00,132.665272674
2020-04-01 15:42:00,132.547513722
2020-04-01 15:43:00,132.52788723
2020-04-01 15:44:00,132.478821
2020-04-01 15:45:00,132.684899166
2020-04-01 15:46:00,133.352199894
2020-04-01 15:47:00,133.057802514
2020-04-01 15:48:00,133.4601456
2020-04-01 15:49:00,133.88839565544
2020-04-01 15:50:00,133.882115178
2020-04-01 15:51:00,133.504305207
2020-04-01 15:52:00,133.783982718
2020-04-01 15:53:00,133.882115178
2020-04-01 15:54:00,133.896835047
2020-04-01 15:55:00,134.333524494
2020-04-01 15:56:00,134.353150986
2020-04-01 15:57:00,134.284458264
2020-04-01 15:58:00,133.494491961
2020-04-01 15:59:00,133.381639632
2020-04-01 16:00:00,133.872301932
2020-04-02 09:31:00,133.185374712
2020-04-02 09:32:00,133.20343108464
2020-04-02 09:33:00,133.47918329724
2020-04-02 09:34:00,133.342386648
2020-04-02 09:35:00,132.419941524
2020-04-02 09:36:00,132.979296546
2020-04-02 09:37:00,132.964576677
2020-04-02 09:38:00,132.40267021104
2020-04-02 09:39:00,132.959670054
2020-04-02 09:40:00,132.792844872
2020-04-02 09:41:00,133.047989268
2020-04-02 09:42:00,132.370875294
2020-04-02 09:43:00,132.258022965
2020-04-02 09:44:00,131.762454042
2020-04-02 09:45:00,131.54656263
2020-04-02 09:46:00,131.026460592
2020-04-02 09:47:00,130.938141378
2020-04-02 09:48:00,131.585815614
2020-04-02 09:49:00,131.369924202
2020-04-02 09:50:00,131.585815614
2020-04-02 09:51:00,131.752640796
2020-04-02 09:52:00,131.934185847
2020-04-02 09:53:00,131.84096001
2020-04-02 09:54:00,131.44843017
2020-04-02 09:55:00,131.571095745
2020-04-02 09:56:00,131.600535483
2020-04-02 09:57:00,131.085340068
2020-04-02 09:58:00,131.713387812
2020-04-02 09:59:00,131.311044726
2020-04-02 10:00:00,131.418990432
2020-04-02 10:01:00,131.64469509
2020-04-02 10:02:00,131.600535483
2020-04-02 10:03:00,131.865493125
2020-04-02 10:04:00,131.634881844
2020-04-02 10:05:00,131.576002368
2020-04-02 10:06:00,131.585815614
2020-04-02 10:07:00,131.30123148
2020-04-02 10:08:00,131.752640796
2020-04-02 10:09:00,131.997971946
2020-04-02 10:10:00,132.267836211
2020-04-02 10:11:00,132.601486575
2020-04-02 10:12:00,132.5112047118
2020-04-02 10:13:00,132.670179297
2020-04-02 10:14:00,133.023456153
2020-04-02 10:15:00,133.293320418
2020-04-02 10:16:00,133.445425731
2020-04-02 10:17:00,133.16574822
2020-04-02 10:18:00,133.200094581
2020-04-02 10:19:00,133.11668199
2020-04-02 10:20:00,133.391452878
2020-04-02 10:21:00,133.342386648
2020-04-02 10:22:00,132.890977332
2020-04-02 10:23:00,133.038176022
2020-04-02 10:24:00,132.979296546
2020-04-02 10:25:00,132.979296546
2020-04-02 10:26:00,132.930230316
2020-04-02 10:27:00,133.36201314
2020-04-02 10:28:00,133.26388068
2020-04-02 10:29:00,133.847768817
2020-04-02 10:30:00,134.745680826
2020-04-02 10:31:00,134.902692762
2020-04-02 10:32:00,135.393355062
2020-04-02 10:33:00,134.814373548
2020-04-02 10:34:00,134.4414702
2020-04-02 10:35:00,134.755494072
2020-04-02 10:36:00,135.368821947
2020-04-02 10:37:00,135.76625841
2020-04-02 10:38:00,135.4227948
2020-04-02 10:39:00,135.893830608
2020-04-02 10:40:00,136.198041234
2020-04-02 10:41:00,136.099908774
2020-04-02 10:42:00,135.167650404
2020-04-02 10:43:00,135.32466234
2020-04-02 10:44:00,135.4227948
2020-04-02 10:45:00,135.47186103
2020-04-02 10:46:00,135.908550477
2020-04-02 10:47:00,135.727005426
2020-04-02 10:48:00,135.736818672
2020-04-02 10:49:00,135.854577624
2020-04-02 10:50:00,135.506207391
2020-04-02 10:51:00,135.810418017
2020-04-02 10:52:00,135.86439087
2020-04-02 10:53:00,135.800604771
2020-04-02 10:54:00,135.884017362
2020-04-02 10:55:00,135.614153097
2020-04-02 10:56:00,135.81532464
2020-04-02 10:57:00,136.139161758
2020-04-02 10:58:00,136.5159904044
2020-04-02 10:59:00,136.678890288
2020-04-02 11:00:00,136.482625368
2020-04-02 11:01:00,136.374679662
2020-04-02 11:02:00,136.301080317
2020-04-02 11:03:00,136.884968454
2020-04-02 11:04:00,136.580757828
2020-04-02 11:05:00,136.757396256
2020-04-02 11:06:00,136.2255183228
2020-04-02 11:07:00,136.777022748
2020-04-02 11:08:00,136.335426678
2020-04-02 11:09:00,136.099908774
2020-04-02 11:10:00,136.610197566
2020-04-02 11:11:00,136.374679662
2020-04-02 11:12:00,136.659263796
2020-04-02 11:13:00,136.521878352
2020-04-02 11:14:00,136.757396256
2020-04-02 11:15:00,136.673983665
2020-04-02 11:16:00,137.012540652
2020-04-02 11:17:00,137.306938032
2020-04-02 11:18:00,137.228432064
2020-04-02 11:19:00,137.414883738
2020-04-02 11:20:00,137.43451023
2020-04-02 11:21:00,137.326564524
2020-04-02 11:22:00,137.18917908
2020-04-02 11:23:00,136.99291416
2020-04-02 11:24:00,136.806462486
2020-04-02 11:25:00,136.953661176
2020-04-02 11:26:00,136.703423403
2020-04-02 11:27:00,136.531691598
2020-04-02 11:28:00,136.261827333
2020-04-02 11:29:00,136.512065106
2020-04-02 11:30:00,136.47899446698
2020-04-02 11:31:00,136.786835994
2020-04-02 11:32:00,137.022353898
2020-04-02 11:33:00,137.130299604
2020-04-02 11:34:00,137.218618818
2020-04-02 11:35:00,137.218618818
2020-04-02 11:36:00,137.513016198
2020-04-02 11:37:00,137.513016198
2020-04-02 11:38:00,137.149926096
2020-04-02 11:39:00,136.75405975236
2020-04-02 11:40:00,137.149926096
2020-04-02 11:41:00,137.356004262
2020-04-02 11:42:00,137.385444
2020-04-02 11:43:00,137.09104662
2020-04-02 11:44:00,137.498296329
2020-04-02 11:45:00,137.542455936
2020-04-02 11:46:00,137.297124786
2020-04-02 11:47:00,137.33637777
2020-04-02 11:48:00,137.385444
2020-04-02 11:49:00,137.390350623
2020-04-02 11:50:00,137.49643181226
2020-04-02 11:51:00,137.562082428
2020-04-02 11:52:00,137.365817508
2020-04-02 11:53:00,137.405070492
2020-04-02 11:54:00,137.405070492
2020-04-02 11:55:00,137.208805572
2020-04-02 11:56:00,137.04198039
2020-04-02 11:57:00,137.375630754
2020-04-02 11:58:00,137.454136722
2020-04-02 11:59:00,137.375630754
2020-04-02 12:00:00,137.454136722
2020-04-02 12:01:00,137.527736067
2020-04-02 12:02:00,137.513016198
2020-04-02 12:03:00,137.513016198
2020-04-02 12:04:00,137.365817508
2020-04-02 12:05:00,137.58170892
2020-04-02 12:06:00,137.930079153
2020-04-02 12:07:00,138.096904335
2020-04-02 12:08:00,137.871199677
2020-04-02 12:09:00,137.92517253
2020-04-02 12:10:00,138.003678498
2020-04-02 12:11:00,137.97423876
2020-04-02 12:12:00,138.033118236
2020-04-02 12:13:00,138.258822894
2020-04-02 12:14:00,138.337328862
2020-04-02 12:15:00,138.31770237
2020-04-02 12:16:00,137.954612268
2020-04-02 12:17:00,137.954612268
2020-04-02 12:18:00,138.31770237
2020-04-02 12:19:00,138.386395092
2020-04-02 12:20:00,138.361861977
2020-04-02 12:21:00,138.278449386
2020-04-02 12:22:00,137.954612268
2020-04-02 12:23:00,137.709281118
2020-04-02 12:24:00,137.934985776
2020-04-02 12:25:00,137.67984138
2020-04-02 12:26:00,137.91545741646
2020-04-02 12:27:00,137.92517253
2020-04-02 12:28:00,138.082184466
2020-04-02 12:29:00,137.836853316
2020-04-02 12:30:00,137.591522166
2020-04-02 12:31:00,137.738720856
2020-04-02 12:32:00,137.473763214
2020-04-02 12:33:00,137.405070492
2020-04-02 12:34:00,137.395257246
2020-04-02 12:35:00,137.48357646
2020-04-02 12:36:00,137.640588396
2020-04-02 12:37:00,137.522829444
2020-04-02 12:38:00,137.699467872
2020-04-02 12:39:00,137.424696984
2020-04-02 12:40:00,137.33637777
2020-04-02 12:41:00,137.375630754
2020-04-02 12:42:00,137.689654626
2020-04-02 12:43:00,137.807413578
2020-04-02 12:44:00,137.8761063
2020-04-02 12:45:00,137.944799022
2020-04-02 12:46:00,137.988958629
2020-04-02 12:47:00,138.160690434
2020-04-02 12:48:00,138.160690434
2020-04-02 12:49:00,137.930079153
2020-04-02 12:50:00,137.97423876
2020-04-02 12:51:00,137.934985776
2020-04-02 12:52:00,138.052744728
2020-04-02 12:53:00,138.141063942
2020-04-02 12:54:00,138.298075878
2020-04-02 12:55:00,138.258822894
2020-04-02 12:56:00,138.21956991
2020-04-02 12:57:00,137.92517253
2020-04-02 12:58:00,138.013491744
2020-04-02 12:59:00,137.905546038
2020-04-02 13:00:00,137.993865252
2020-04-02 13:01:00,137.905546038
2020-04-02 13:02:00,138.02330499
2020-04-02 13:03:00,138.298075878
2020-04-02 13:04:00,138.209756664
2020-04-02 13:05:00,138.229383156
2020-04-02 13:06:00,138.141063942
2020-04-02 13:07:00,138.249009648
2020-04-02 13:08:00,138.190130172
2020-04-02 13:09:00,137.934985776
2020-04-02 13:10:00,137.930079153
2020-04-02 13:11:00,137.836853316
2020-04-02 13:12:00,137.92517253
2020-04-02 13:13:00,137.984052006
2020-04-02 13:14:00,138.02330499
2020-04-02 13:15:00,138.131250696
2020-04-02 13:16:00,138.12143745
2020-04-02 13:17:00,138.013491744
2020-04-02 13:18:00,138.062557974
2020-04-02 13:19:00,138.145970565
2020-04-02 13:20:00,138.02330499
2020-04-02 13:21:00,138.180316926
2020-04-02 13:22:00,138.013491744
2020-04-02 13:23:00,138.229383156
2020-04-02 13:24:00,138.28865516184
2020-04-02 13:25:00,138.356955354
2020-04-02 13:26:00,138.229383156
2020-04-02 13:27:00,137.562082428
2020-04-02 13:28:00,137.537549313
2020-04-02 13:29:00,137.444323476
2020-04-02 13:30:00,137.375630754
2020-04-02 13:31:00,137.01224625462
2020-04-02 13:32:00,137.27828335368
2020-04-02 13:33:00,137.154832719
2020-04-02 13:34:00,136.934034684
2020-04-02 13:35:00,137.046887013
2020-04-02 13:36:00,137.179365834
2020-04-02 13:37:00,137.248058556
2020-04-02 13:38:00,137.145019473
2020-04-02 13:39:00,137.14011285
2020-04-02 13:40:00,137.346191016
2020-04-02 13:41:00,137.34628914846
2020-04-02 13:42:00,137.522829444
2020-04-02 13:43:00,137.395257246
2020-04-02 13:44:00,137.326564524
2020-04-02 13:45:00,137.326564524
2020-04-02 13:46:00,137.292218163
2020-04-02 13:47:00,137.429603607
2020-04-02 13:48:00,137.390350623
2020-04-02 13:49:00,137.48907187776
2020-04-02 13:50:00,137.503202952
2020-04-02 13:51:00,137.400163869
2020-04-02 13:52:00,137.65364001318
2020-04-02 13:53:00,137.385444
2020-04-02 13:54:00,137.3869159869
2020-04-02 13:55:00,137.248058556
2020-04-02 13:56:00,137.316751278
2020-04-02 13:57:00,137.149926096
2020-04-02 13:58:00,137.277498294
2020-04-02 13:59:00,137.022353898
2020-04-02 14:00:00,137.297124786
2020-04-02 14:01:00,137.19418383546
2020-04-02 14:02:00,137.297124786
2020-04-02 14:03:00,137.169552588
2020-04-02 14:04:00,137.022353898
2020-04-02 14:05:00,137.14011285
2020-04-02 14:06:00,136.978194291
2020-04-02 14:07:00,137.105766489
2020-04-02 14:08:00,137.061606882
2020-04-02 14:09:00,137.159739342
2020-04-02 14:10:00,137.130299604
2020-04-02 14:11:00,137.2495305429
2020-04-02 14:12:00,137.18917908
2020-04-02 14:13:00,137.356004262
2020-04-02 14:14:00,137.64323797242
2020-04-02 14:15:00,137.758347348
2020-04-02 14:16:00,137.768160594
2020-04-02 14:17:00,137.665121511
2020-04-02 14:18:00,137.385444
2020-04-02 14:19:00,137.130299604
2020-04-02 14:20:00,136.69851678
2020-04-02 14:21:00,136.94384793
2020-04-02 14:22:00,137.130299604
2020-04-02 14:23:00,137.208805572
2020-04-02 14:24:00,137.316751278
2020-04-02 14:25:00,137.233338687
2020-04-02 14:26:00,137.346191016
2020-04-02 14:27:00,137.547362559
2020-04-02 14:28:00,137.385444
2020-04-02 14:29:00,137.23824531
2020-04-02 14:30:00,137.503202952
2020-04-02 14:31:00,137.316751278
2020-04-02 14:32:00,137.09104662
2020-04-02 14:33:00,137.48357646
2020-04-02 14:34:00,137.63077515
2020-04-02 14:35:00,137.58170892
2020-04-02 14:36:00,137.719094364
2020-04-02 14:37:00,137.714187741
2020-04-02 14:38:00,138.091997712
2020-04-02 14:39:00,138.160690434
2020-04-02 14:40:00,138.101810958
2020-04-02 14:41:00,137.895732792
2020-04-02 14:42:00,137.709281118
2020-04-02 14:43:00,137.748534102
2020-04-02 14:44:00,137.620961904
2020-04-02 14:45:00,137.503202952
2020-04-02 14:46:00,137.43451023
2020-04-02 14:47:00,137.79436196082
2020-04-02 14:48:00,137.82704007
2020-04-02 14:49:00,137.58170892
2020-04-02 14:50:00,137.478669837
2020-04-02 14:51:00,137.522829444
2020-04-02 14:52:00,137.360910885
2020-04-02 14:53:00,137.424696984
2020-04-02 14:54:00,137.905546038
2020-04-02 14:55:00,137.699467872
2020-04-02 14:56:00,137.787787086
2020-04-02 14:57:00,137.856479808
2020-04-02 14:58:00,137.758347348
2020-04-02 14:59:00,137.748534102
2020-04-02 15:00:00,137.910452661
2020-04-02 15:01:00,137.944799022
2020-04-02 15:02:00,137.77797384
2020-04-02 15:03:00,137.959518891
2020-04-02 15:04:00,137.944799022
2020-04-02 15:05:00,137.9781640584
2020-04-02 15:06:00,137.82704007
2020-04-02 15:07:00,137.856479808
2020-04-02 15:08:00,137.934985776
2020-04-02 15:09:00,138.111624204
2020-04-02 15:10:00,138.307889124
2020-04-02 15:11:00,138.234289779
2020-04-02 15:12:00,138.190130172
2020-04-02 15:13:00,138.013491744
2020-04-02 15:14:00,138.14616682992
2020-04-02 15:15:00,138.003678498
2020-04-02 15:16:00,138.052744728
2020-04-02 15:17:00,138.224476533
2020-04-02 15:18:00,138.209756664
2020-04-02 15:19:00,138.160690434
2020-04-02 15:20:00,138.553220274
2020-04-02 15:21:00,138.803458047
2020-04-02 15:22:00,138.8147432799
2020-04-02 15:23:00,138.975189852
2020-04-02 15:24:00,139.038975951
2020-04-02 15:25:00,139.043882574
2020-04-02 15:26:00,138.999722967
2020-04-02 15:27:00,138.778924932
2020-04-02 15:28:00,138.646446111
2020-04-02 15:29:00,138.744578571
2020-04-02 15:30:00,138.80836467
2020-04-02 15:31:00,138.720045456
2020-04-02 15:32:00,138.3667686
2020-04-02 15:33:00,138.729858702
2020-04-02 15:34:00,138.705325587
2020-04-02 15:35:00,138.774018309
2020-04-02 15:36:00,138.680792472
2020-04-02 15:37:00,138.406021584
2020-04-02 15:38:00,138.17050368
2020-04-02 15:39:00,137.807413578
2020-04-02 15:40:00,137.885919546
2020-04-02 15:41:00,138.101810958
2020-04-02 15:42:00,138.376581846
2020-04-02 15:43:00,138.430554699
2020-04-02 15:44:00,138.43506879216
2020-04-02 15:45:00,138.715138833
2020-04-02 15:46:00,138.975189852
2020-04-02 15:47:00,138.847617654
2020-04-02 15:48:00,138.886870638
2020-04-02 15:49:00,138.715138833
2020-04-02 15:50:00,138.61209975
2020-04-02 15:51:00,139.406972676
2020-04-02 15:52:00,139.613050842
2020-04-02 15:53:00,139.063509066
2020-04-02 15:54:00,139.426599168
2020-04-02 15:55:00,139.8387555
2020-04-02 15:56:00,139.853475369
2020-04-02 15:57:00,139.78968927
2020-04-02 15:58:00,139.603237596
2020-04-02 15:59:00,139.328466708
2020-04-02 16:00:00,139.524731628
2020-04-03 09:31:00,138.337328862
2020-04-03 09:32:00,139.019349459
2020-04-03 09:33:00,138.70669944144
2020-04-03 09:34:00,138.71023221
2020-04-03 09:35:00,138.798551424
2020-04-03 09:36:00,137.817226824
2020-04-03 09:37:00,138.239196402
2020-04-03 09:38:00,138.504154044
2020-04-03 09:39:00,138.298075878
2020-04-03 09:40:00,138.827991162
2020-04-03 09:41:00,138.675885849
2020-04-03 09:42:00,139.156734903
2020-04-03 09:43:00,139.15182828
2020-04-03 09:44:00,139.166548149
2020-04-03 09:45:00,139.338279954
2020-04-03 09:46:00,139.21934341248
2020-04-03 09:47:00,139.357906446
2020-04-03 09:48:00,139.318653462
2020-04-03 09:49:00,139.3480932
2020-04-03 09:50:00,139.456038906
2020-04-03 09:51:00,139.406972676
2020-04-03 09:52:00,139.416785922
2020-04-03 09:53:00,139.29902697
2020-04-03 09:54:00,139.4128606236
2020-04-03 09:55:00,139.583611104
2020-04-03 09:56:00,139.706276679
2020-04-03 09:57:00,139.357906446
2020-04-03 09:58:00,139.853475369
2020-04-03 09:59:00,139.583611104
2020-04-03 10:00:00,139.75033815354
2020-04-03 10:01:00,139.779876024
2020-04-03 10:02:00,139.878008484
2020-04-03 10:03:00,139.799502516
2020-04-03 10:04:00,139.701370056
2020-04-03 10:05:00,139.98595419
2020-04-03 10:06:00,140.147872749
2020-04-03 10:07:00,140.599282065
2020-04-03 10:08:00,140.878959576
2020-04-03 10:09:00,141.487380828
2020-04-03 10:10:00,141.35647212636
2020-04-03 10:11:00,141.094850988
2020-04-03 10:12:00,141.124290726
2020-04-03 10:13:00,141.340182138
2020-04-03 10:14:00,141.4471465194
2020-04-03 10:15:00,141.423594729
2020-04-03 10:16:00,141.374528499
2020-04-03 10:17:00,141.693458994
2020-04-03 10:18:00,141.585513288
2020-04-03 10:19:00,141.1552024509
2020-04-03 10:20:00,141.00034942902
2020-04-03 10:21:00,141.153730464
2020-04-03 10:22:00,141.232236432
2020-04-03 10:23:00,141.153730464
2020-04-03 10:24:00,141.742525224
2020-04-03 10:25:00,141.742525224
2020-04-03 10:26:00,141.50700732
2020-04-03 10:27:00,141.178263579
2020-04-03 10:28:00,140.653254918
2020-04-03 10:29:00,140.952558921
2020-04-03 10:30:00,140.962372167
2020-04-03 10:31:00,141.055598004
2020-04-03 10:32:00,140.810266854
2020-04-03 10:33:00,140.800453608
2020-04-03 10:34:00,140.692507902
2020-04-03 10:35:00,140.643441672
2020-04-03 10:36:00,140.751387378
2020-04-03 10:37:00,140.741574132
2020-04-03 10:38:00,140.604188688
2020-04-03 10:39:00,140.52568272
2020-04-03 10:40:00,140.52568272
2020-04-03 10:41:00,140.67288141
2020-04-03 10:42:00,140.604188688
2020-04-03 10:43:00,140.3941852236
2020-04-03 10:44:00,140.216565471
2020-04-03 10:45:00,140.417737014
2020-04-03 10:46:00,140.417737014
2020-04-03 10:47:00,140.633628426
2020-04-03 10:48:00,140.515869474
2020-04-03 10:49:00,140.57474895
2020-04-03 10:50:00,140.506056228
2020-04-03 10:51:00,140.466803244
2020-04-03 10:52:00,140.466803244
2020-04-03 10:53:00,140.3294178
2020-04-03 10:54:00,140.3294178
2020-04-03 10:55:00,140.142966126
2020-04-03 10:56:00,140.270538324
2020-04-03 10:57:00,140.260725078
2020-04-03 10:58:00,140.452083375
2020-04-03 10:59:00,140.3294178
2020-04-03 11:00:00,140.206752225
2020-04-03 11:01:00,140.319604554
2020-04-03 11:02:00,140.447176752
2020-04-03 11:03:00,140.290164816
2020-04-03 11:04:00,140.2003736151
2020-04-03 11:05:00,140.000674059
2020-04-03 11:06:00,140.044833666
2020-04-03 11:07:00,139.720996548
2020-04-03 11:08:00,139.5173716935
2020-04-03 11:09:00,139.54435812
2020-04-03 11:10:00,139.701370056
2020-04-03 11:11:00,139.765156155
2020-04-03 11:12:00,139.338279954
2020-04-03 11:13:00,139.3480932
2020-04-03 11:14:00,139.39715943
2020-04-03 11:15:00,139.230334248
2020-04-03 11:16:00,139.357906446
2020-04-03 11:17:00,139.367719692
2020-04-03 11:18:00,139.166548149
2020-04-03 11:19:00,138.80836467
2020-04-03 11:20:00,138.916310376
2020-04-03 11:21:00,138.798551424
2020-04-03 11:22:00,138.602286504
2020-04-03 11:23:00,138.396208338
2020-04-03 11:24:00,138.523780536
2020-04-03 11:25:00,138.371675223
2020-04-03 11:26:00,138.445274568
2020-04-03 11:27:00,138.249009648
2020-04-03 11:28:00,138.199943418
2020-04-03 11:29:00,138.209756664
2020-04-03 11:30:00,138.17050368
2020-04-03 11:31:00,138.087091089
2020-04-03 11:32:00,138.175410303
2020-04-03 11:33:00,138.337328862
2020-04-03 11:34:00,138.337328862
2020-04-03 11:35:00,138.445274568
2020-04-03 11:36:00,138.31770237
2020-04-03 11:37:00,138.322608993
2020-04-03 11:38:00,138.12143745
2020-04-03 11:39:00,138.26863614
2020-04-03 11:40:00,138.253916271
2020-04-03 11:41:00,137.8667837163
2020-04-03 11:42:00,137.895732792
2020-04-03 11:43:00,137.807413578
2020-04-03 11:44:00,137.773067217
2020-04-03 11:45:00,137.620961904
2020-04-03 11:46:00,137.444323476
2020-04-03 11:47:00,137.356004262
2020-04-03 11:48:00,137.218618818
2020-04-03 11:49:00,137.120486358
2020-04-03 11:50:00,137.18917908
2020-04-03 11:51:00,137.267685048
2020-04-03 11:52:00,137.04198039
2020-04-03 11:53:00,137.23167043518
2020-04-03 11:54:00,137.061606882
2020-04-03 11:55:00,137.130299604
2020-04-03 11:56:00,137.316751278
2020-04-03 11:57:00,137.311844655
2020-04-03 11:58:00,137.356004262
2020-04-03 11:59:00,137.53264269
2020-04-03 12:00:00,137.493389706
2020-04-03 12:01:00,137.493389706
2020-04-03 12:02:00,137.503202952
2020-04-03 12:03:00,137.449230099
2020-04-03 12:04:00,137.419790361
2020-04-03 12:05:00,137.424696984
2020-04-03 12:06:00,137.213712195
2020-04-03 12:07:00,137.110673112
2020-04-03 12:08:00,137.218618818
2020-04-03 12:09:00,137.248058556
2020-04-03 12:10:00,137.252965179
2020-04-03 12:11:00,137.444323476
2020-04-03 12:12:00,137.326564524
2020-04-03 12:13:00,137.18917908
2020-04-03 12:14:00,136.904594946
2020-04-03 12:15:00,136.79664924
2020-04-03 12:16:00,136.983100914
2020-04-03 12:17:00,136.708330026
2020-04-03 12:18:00,136.74758301
2020-04-03 12:19:00,136.580757828
2020-04-03 12:20:00,136.472812122
2020-04-03 12:21:00,136.477718745
2020-04-03 12:22:00,136.786835994
2020-04-03 12:23:00,136.875155208
2020-04-03 12:24:00,136.723049895
2020-04-03 12:25:00,136.423745892
2020-04-03 12:26:00,136.472812122
2020-04-03 12:27:00,136.443372384
2020-04-03 12:28:00,136.786835994
2020-04-03 12:29:00,136.92638035212
2020-04-03 12:30:00,136.983100914
2020-04-03 12:31:00,137.29476960696
2020-04-03 12:32:00,137.179365834
2020-04-03 12:33:00,137.09104662
2020-04-03 12:34:00,137.179365834
2020-04-03 12:35:00,137.16101506398
2020-04-03 12:36:00,137.1003692037
2020-04-03 12:37:00,137.14011285
2020-04-03 12:38:00,137.130299604
2020-04-03 12:39:00,137.081233374
2020-04-03 12:40:00,137.14011285
2020-04-03 12:41:00,137.18917908
2020-04-03 12:42:00,137.061606882
2020-04-03 12:43:00,137.208805572
2020-04-03 12:44:00,137.405070492
2020-04-03 12:45:00,137.650401642
2020-04-03 12:46:00,137.365817508
2020-04-03 12:47:00,137.306938032
2020-04-03 12:48:00,136.97789989362
2020-04-03 12:49:00,136.948754553
2020-04-03 12:50:00,136.688703534
2020-04-03 12:51:00,136.767209502
2020-04-03 12:52:00,136.924221438
2020-04-03 12:53:00,136.87525334046
2020-04-03 12:54:00,136.914408192
2020-04-03 12:55:00,137.01195185724
2020-04-03 12:56:00,136.94384793
2020-04-03 12:57:00,137.0414897277
2020-04-03 12:58:00,136.99291416
2020-04-03 12:59:00,137.297124786
2020-04-03 13:00:00,137.179365834
2020-04-03 13:01:00,137.169552588
2020-04-03 13:02:00,137.194085703
2020-04-03 13:03:00,136.924221438
2020-04-03 13:04:00,137.012540652
2020-04-03 13:05:00,137.09104662
2020-04-03 13:06:00,137.071420128
2020-04-03 13:07:00,137.105766489
2020-04-03 13:08:00,137.022353898
2020-04-03 13:09:00,137.04178412508
2020-04-03 13:10:00,137.012540652
2020-04-03 13:11:00,136.865341962
2020-04-03 13:12:00,136.791742617
2020-04-03 13:13:00,136.678890288
2020-04-03 13:14:00,136.727956518
2020-04-03 13:15:00,136.610197566
2020-04-03 13:16:00,136.74758301
2020-04-03 13:17:00,136.855528716
2020-04-03 13:18:00,136.816275732
2020-04-03 13:19:00,136.953661176
2020-04-03 13:20:00,136.919314815
2020-04-03 13:21:00,136.791742617
2020-04-03 13:22:00,136.791742617
2020-04-03 13:23:00,136.69851678
2020-04-03 13:24:00,136.718143272
2020-04-03 13:25:00,136.77142919778
2020-04-03 13:26:00,136.55131809
2020-04-03 13:27:00,136.3869462195
2020-04-03 13:28:00,136.23739235046
2020-04-03 13:29:00,136.3398426387
2020-04-03 13:30:00,136.296173694
2020-04-03 13:31:00,136.08087107676
2020-04-03 13:32:00,136.001776314
2020-04-03 13:33:00,135.96173827032
2020-04-03 13:34:00,136.119535266
2020-04-03 13:35:00,136.148975004
2020-04-03 13:36:00,136.291267071
2020-04-03 13:37:00,136.335426678
2020-04-03 13:38:00,136.50225186
2020-04-03 13:39:00,136.561131336
2020-04-03 13:40:00,136.50225186
2020-04-03 13:41:00,136.60038432
2020-04-03 13:42:00,136.615104189
2020-04-03 13:43:00,136.595477697
2020-04-03 13:44:00,136.443372384
2020-04-03 13:45:00,136.369773039
2020-04-03 13:46:00,136.570944582
2020-04-03 13:47:00,136.60038432
2020-04-03 13:48:00,136.8947817
2020-04-03 13:49:00,136.595477697
2020-04-03 13:50:00,136.629824058
2020-04-03 13:51:00,136.811369109
2020-04-03 13:52:00,136.629824058
2020-04-03 13:53:00,136.531691598
2020-04-03 13:54:00,136.50225186
2020-04-03 13:55:00,136.580757828
2020-04-03 13:56:00,136.50225186
2020-04-03 13:57:00,136.477718745
2020-04-03 13:58:00,136.296173694
2020-04-03 13:59:00,136.20785448
2020-04-03 14:00:00,136.134255135
2020-04-03 14:01:00,136.06065579
2020-04-03 14:02:00,136.193134611
2020-04-03 14:03:00,136.178414742
2020-04-03 14:04:00,136.031216052
2020-04-03 14:05:00,136.104815397
2020-04-03 14:06:00,136.01158956
2020-04-03 14:07:00,135.94672400394
2020-04-03 14:08:00,136.026309429
2020-04-03 14:09:00,136.075375659
2020-04-03 14:10:00,135.967429953
2020-04-03 14:11:00,135.93779395008
2020-04-03 14:12:00,136.016496183
2020-04-03 14:13:00,135.977243199
2020-04-03 14:14:00,136.202947857
2020-04-03 14:15:00,136.183321365
2020-04-03 14:16:00,136.168601496
2020-04-03 14:17:00,136.18793359062
2020-04-03 14:18:00,136.139161758
2020-04-03 14:19:00,136.178414742
2020-04-03 14:20:00,136.15878825
2020-04-03 14:21:00,136.296173694
2020-04-03 14:22:00,136.35505317
2020-04-03 14:23:00,136.261827333
2020-04-03 14:24:00,136.168601496
2020-04-03 14:25:00,136.30598694
2020-04-03 14:26:00,136.40971295022
2020-04-03 14:27:00,136.330520055
2020-04-03 14:28:00,136.359959793
2020-04-03 14:29:00,136.462998876
2020-04-03 14:30:00,136.659263796
2020-04-03 14:31:00,136.492438614
2020-04-03 14:32:00,136.310893563
2020-04-03 14:33:00,136.325613432
2020-04-03 14:34:00,136.413932646
2020-04-03 14:35:00,136.639637304
2020-04-03 14:36:00,136.718143272
2020-04-03 14:37:00,136.364866416
2020-04-03 14:38:00,136.492438614
2020-04-03 14:39:00,136.521878352
2020-04-03 14:40:00,136.45318563
2020-04-03 14:41:00,136.703423403
2020-04-03 14:42:00,136.570944582
2020-04-03 14:43:00,136.384492908
2020-04-03 14:44:00,136.252014087
2020-04-03 14:45:00,136.148975004
2020-04-03 14:46:00,136.173508119
2020-04-03 14:47:00,136.286360448
2020-04-03 14:48:00,136.114628643
2020-04-03 14:49:00,136.148975004
2020-04-03 14:50:00,136.148975004
2020-04-03 14:51:00,136.227480972
2020-04-03 14:52:00,136.428652515
2020-04-03 14:53:00,136.718143272
2020-04-03 14:54:00,136.531691598
2020-04-03 14:55:00,136.521878352
2020-04-03 14:56:00,136.595477697
2020-04-03 14:57:00,136.708330026
2020-04-03 14:58:00,137.145019473
2020-04-03 14:59:00,137.110673112
2020-04-03 15:00:00,137.095953243
2020-04-03 15:01:00,136.889875077
2020-04-03 15:02:00,137.14011285
2020-04-03 15:03:00,136.919314815
2020-04-03 15:04:00,136.840808847
2020-04-03 15:05:00,136.830995601
2020-04-03 15:06:00,136.767209502
2020-04-03 15:07:00,136.811369109
2020-04-03 15:08:00,136.821182355
2020-04-03 15:09:00,137.100859866
2020-04-03 15:10:00,137.081233374
2020-04-03 15:11:00,136.870248585
2020-04-03 15:12:00,136.97053995912
2020-04-03 15:13:00,136.963474422
2020-04-03 15:14:00,136.978194291
2020-04-03 15:15:00,136.830995601
2020-04-03 15:16:00,136.924221438
2020-04-03 15:17:00,137.066513505
2020-04-03 15:18:00,137.395257246
2020-04-03 15:19:00,137.23824531
2020-04-03 15:20:00,137.061606882
2020-04-03 15:21:00,137.14011285
2020-04-03 15:22:00,136.973287668
2020-04-03 15:23:00,136.92579155736
2020-04-03 15:24:00,137.002727406
2020-04-03 15:25:00,136.99291416
2020-04-03 15:26:00,137.105766489
2020-04-03 15:27:00,136.948754553
2020-04-03 15:28:00,136.94384793
2020-04-03 15:29:00,137.022353898
2020-04-03 15:30:00,137.248058556
2020-04-03 15:31:00,137.262778425
2020-04-03 15:32:00,137.174459211
2020-04-03 15:33:00,136.983100914
2020-04-03 15:34:00,136.94384793
2020-04-03 15:35:00,136.914408192
2020-04-03 15:36:00,137.100859866
2020-04-03 15:37:00,136.983100914
2020-04-03 15:38:00,136.69851678
2020-04-03 15:39:00,136.74758301
2020-04-03 15:40:00,136.757396256
2020-04-03 15:41:00,136.708330026
2020-04-03 15:42:00,136.659263796
2020-04-03 15:43:00,136.50225186
2020-04-03 15:44:00,136.526784975
2020-04-03 15:45:00,136.443372384
2020-04-03 15:46:00,136.610197566
2020-04-03 15:47:00,136.688703534
2020-04-03 15:48:00,137.032167144
2020-04-03 15:49:00,137.194085703
2020-04-03 15:50:00,137.120486358
2020-04-03 15:51:00,138.12143745
2020-04-03 15:52:00,137.674934757
2020-04-03 15:53:00,137.552269182
2020-04-03 15:54:00,137.48357646
2020-04-03 15:55:00,137.508109575
2020-04-03 15:56:00,137.159739342
2020-04-03 15:57:00,137.28731154
2020-04-03 15:58:00,137.012540652
2020-04-03 15:59:00,136.884968454
2020-04-03 16:00:00,137.051793636
2020-04-06 09:31:00,139.083135558
2020-04-06 09:32:00,139.367719692
2020-04-06 09:33:00,139.112575296
2020-04-06 09:34:00,139.328466708
2020-04-06 09:35:00,139.034069328
2020-04-06 09:36:00,139.406972676
2020-04-06 09:37:00,139.240147494
2020-04-06 09:38:00,139.254867363
2020-04-06 09:39:00,139.730809794
2020-04-06 09:40:00,139.760249532
2020-04-06 09:41:00,139.667023695
2020-04-06 09:42:00,139.5708538842
2020-04-06 09:43:00,139.671930318
2020-04-06 09:44:00,139.58881212438
2020-04-06 09:45:00,139.632677334
2020-04-06 09:46:00,139.98595419
2020-04-06 09:47:00,139.69155681
2020-04-06 09:48:00,139.799502516
2020-04-06 09:49:00,139.892728353
2020-04-06 09:50:00,140.211658848
2020-04-06 09:51:00,140.201845602
2020-04-06 09:52:00,140.437363506
2020-04-06 09:53:00,140.309791308
2020-04-06 09:54:00,140.162592618
2020-04-06 09:55:00,140.29595463114
2020-04-06 09:56:00,140.088993273
2020-04-06 09:57:00,140.407923768
2020-04-06 09:58:00,140.432456883
2020-04-06 09:59:00,140.388297276
2020-04-06 10:00:00,139.809315762
2020-04-06 10:01:00,140.128246257
2020-04-06 10:02:00,139.946701206
2020-04-06 10:03:00,140.23128534
2020-04-06 10:04:00,139.995767436
2020-04-06 10:05:00,139.38567793218
2020-04-06 10:06:00,139.416785922
2020-04-06 10:07:00,139.18460452164
2020-04-06 10:08:00,139.171454772
2020-04-06 10:09:00,139.29902697
2020-04-06 10:10:00,139.205801133
2020-04-06 10:11:00,139.240147494
2020-04-06 10:12:00,139.15182828
2020-04-06 10:13:00,139.328466708
2020-04-06 10:14:00,139.24996074
2020-04-06 10:15:00,139.161641526
2020-04-06 10:16:00,139.220521002
2020-04-06 10:17:00,139.225427625
2020-04-06 10:18:00,139.210707756
2020-04-06 10:19:00,139.235240871
2020-04-06 10:20:00,139.254867363
2020-04-06 10:21:00,139.132201788
2020-04-06 10:22:00,139.043882574
2020-04-06 10:23:00,139.063509066
2020-04-06 10:24:00,139.0860795318
2020-04-06 10:25:00,139.181268018
2020-04-06 10:26:00,139.063509066
2020-04-06 10:27:00,139.043882574
2020-04-06 10:28:00,139.318653462
2020-04-06 10:29:00,139.289213724
2020-04-06 10:30:00,139.338279954
2020-04-06 10:31:00,139.500198513
2020-04-06 10:32:00,139.289213724
2020-04-06 10:33:00,139.142015034
2020-04-06 10:34:00,139.259773986
2020-04-06 10:35:00,139.171454772
2020-04-06 10:36:00,139.2965736585
2020-04-06 10:37:00,139.431505791
2020-04-06 10:38:00,139.456038906
2020-04-06 10:39:00,139.573797858
2020-04-06 10:40:00,139.603237596
2020-04-06 10:41:00,139.377532938
2020-04-06 10:42:00,139.382439561
2020-04-06 10:43:00,139.456038906
2020-04-06 10:44:00,139.289213724
2020-04-06 10:45:00,139.1361270864
2020-04-06 10:46:00,139.24996074
2020-04-06 10:47:00,139.0821542334
2020-04-06 10:48:00,139.132201788
2020-04-06 10:49:00,138.960469983
2020-04-06 10:50:00,138.886870638
2020-04-06 10:51:00,138.985003098
2020-04-06 10:52:00,138.95556336
2020-04-06 10:53:00,138.994816344
2020-04-06 10:54:00,139.019349459
2020-04-06 10:55:00,138.950656737
2020-04-06 10:56:00,138.90649713
2020-04-06 10:57:00,138.965376606
2020-04-06 10:58:00,138.926123622
2020-04-06 10:59:00,138.8613561984
2020-04-06 11:00:00,138.827991162
2020-04-06 11:01:00,138.64467972672
2020-04-06 11:02:00,138.572846766
2020-04-06 11:03:00,138.675885849
2020-04-06 11:04:00,138.71396124348
2020-04-06 11:05:00,138.720045456
2020-04-06 11:06:00,138.72662033082
2020-04-06 11:07:00,138.739671948
2020-04-06 11:08:00,138.749485194
2020-04-06 11:09:00,138.71278365396
2020-04-06 11:10:00,138.739671948
2020-04-06 11:11:00,138.720045456
2020-04-06 11:12:00,138.597379881
2020-04-06 11:13:00,138.56303352
2020-04-06 11:14:00,138.553220274
2020-04-06 11:15:00,138.793644801
2020-04-06 11:16:00,138.818177916
2020-04-06 11:17:00,138.77931746184
2020-04-06 11:18:00,138.788738178
2020-04-06 11:19:00,138.886870638
2020-04-06 11:20:00,138.872150769
2020-04-06 11:21:00,138.783831555
2020-04-06 11:22:00,138.77539216344
2020-04-06 11:23:00,138.827991162
2020-04-06 11:24:00,138.798551424
2020-04-06 11:25:00,138.827991162
2020-04-06 11:26:00,138.798551424
2020-04-06 11:27:00,138.837804408
2020-04-06 11:28:00,138.891777261
2020-04-06 11:29:00,138.788738178
2020-04-06 11:30:00,138.872150769
2020-04-06 11:31:00,138.911403753
2020-04-06 11:32:00,138.95556336
2020-04-06 11:33:00,138.970283229
2020-04-06 11:34:00,138.798551424
2020-04-06 11:35:00,138.636632865
2020-04-06 11:36:00,138.45243823758
2020-04-06 11:37:00,138.298075878
2020-04-06 11:38:00,138.239196402
2020-04-06 11:39:00,138.298075878
2020-04-06 11:40:00,138.484527552
2020-04-06 11:41:00,138.690605718
2020-04-06 11:42:00,138.75929844
2020-04-06 11:43:00,138.769111686
2020-04-06 11:44:00,138.700418964
2020-04-06 11:45:00,138.621912996
2020-04-06 11:46:00,138.523780536
2020-04-06 11:47:00,138.641539488
2020-04-06 11:48:00,138.577753389
2020-04-06 11:49:00,138.916310376
2020-04-06 11:50:00,138.945750114
2020-04-06 11:51:00,139.142015034
2020-04-06 11:52:00,139.083135558
2020-04-06 11:53:00,139.235240871
2020-04-06 11:54:00,139.166548149
2020-04-06 11:55:00,139.043882574
2020-04-06 11:56:00,138.842711031
2020-04-06 11:57:00,138.86753854338
2020-04-06 11:58:00,138.95556336
2020-04-06 11:59:00,139.097855427
2020-04-06 12:00:00,138.847617654
2020-04-06 12:01:00,138.84997283304
2020-04-06 12:02:00,138.896683884
2020-04-06 12:03:00,139.210707756
2020-04-06 12:04:00,139.25525989284
2020-04-06 12:05:00,139.259773986
2020-04-06 12:06:00,139.195987887
2020-04-06 12:07:00,139.0904954925
2020-04-06 12:08:00,139.083135558
2020-04-06 12:09:00,139.088042181
2020-04-06 12:10:00,139.15182828
2020-04-06 12:11:00,139.15182828
2020-04-06 12:12:00,139.083135558
2020-04-06 12:13:00,139.24996074
2020-04-06 12:14:00,139.367719692
2020-04-06 12:15:00,139.313746839
2020-04-06 12:16:00,139.475665398
2020-04-06 12:17:00,139.4815533456
2020-04-06 12:18:00,139.220521002
2020-04-06 12:19:00,139.259773986
2020-04-06 12:20:00,139.323560085
2020-04-06 12:21:00,139.44445927572
2020-04-06 12:22:00,139.637583957
2020-04-06 12:23:00,139.617957465
2020-04-06 12:24:00,139.676836941
2020-04-06 12:25:00,139.65043930926
2020-04-06 12:26:00,139.475665398
2020-04-06 12:27:00,139.652303826
2020-04-06 12:28:00,139.622864088
2020-04-06 12:29:00,139.676836941
2020-04-06 12:30:00,139.573797858
2020-04-06 12:31:00,139.52757746934
2020-04-06 12:32:00,139.652303826
2020-04-06 12:33:00,139.485478644
2020-04-06 12:34:00,139.534544874
2020-04-06 12:35:00,139.573797858
2020-04-06 12:36:00,139.534544874
2020-04-06 12:37:00,139.456038906
2020-04-06 12:38:00,139.5389608347
2020-04-06 12:39:00,139.465852152
2020-04-06 12:40:00,139.308840216
2020-04-06 12:41:00,139.24996074
2020-04-06 12:42:00,139.156734903
2020-04-06 12:43:00,139.245054117
2020-04-06 12:44:00,139.269587232
2020-04-06 12:45:00,139.3480932
2020-04-06 12:46:00,139.328466708
2020-04-06 12:47:00,139.3480932
2020-04-06 12:48:00,139.3480932
2020-04-06 12:49:00,139.279400478
2020-04-06 12:50:00,139.112575296
2020-04-06 12:51:00,139.043882574
2020-04-06 12:52:00,139.1989318608
2020-04-06 12:53:00,139.220521002
2020-04-06 12:54:00,139.24996074
2020-04-06 12:55:00,139.073322312
2020-04-06 12:56:00,139.245054117
2020-04-06 12:57:00,139.245054117
2020-04-06 12:58:00,139.15182828
2020-04-06 12:59:00,139.245054117
2020-04-06 13:00:00,139.318653462
2020-04-06 13:01:00,139.269587232
2020-04-06 13:02:00,139.259773986
2020-04-06 13:03:00,139.259773986
2020-04-06 13:04:00,139.10276205
2020-04-06 13:05:00,139.05369582
2020-04-06 13:06:00,139.05369582
2020-04-06 13:07:00,139.259773986
2020-04-06 13:08:00,139.132201788
2020-04-06 13:09:00,139.146921657
2020-04-06 13:10:00,139.088042181
2020-04-06 13:11:00,139.191081264
2020-04-06 13:12:00,139.195987887
2020-04-06 13:13:00,139.1694921228
2020-04-06 13:14:00,139.176361395
2020-04-06 13:15:00,139.063509066
2020-04-06 13:16:00,138.877057392
2020-04-06 13:17:00,139.048789197
2020-04-06 13:18:00,138.886870638
2020-04-06 13:19:00,138.641539488
2020-04-06 13:20:00,138.582660012
2020-04-06 13:21:00,138.56303352
2020-04-06 13:22:00,138.51396729
2020-04-06 13:23:00,138.504154044
2020-04-06 13:24:00,138.435461322
2020-04-06 13:25:00,138.46490106
2020-04-06 13:26:00,138.41583483
2020-04-06 13:27:00,138.3667686
2020-04-06 13:28:00,138.3667686
2020-04-06 13:29:00,138.489434175
2020-04-06 13:30:00,138.489434175
2020-04-06 13:31:00,138.479620929
2020-04-06 13:32:00,138.376581846
2020-04-06 13:33:00,138.361861977
2020-04-06 13:34:00,138.327515616
2020-04-06 13:35:00,138.190130172
2020-04-06 13:36:00,138.298075878
2020-04-06 13:37:00,138.376581846
2020-04-06 13:38:00,138.3667686
2020-04-06 13:39:00,138.352048731
2020-04-06 13:40:00,138.356955354
2020-04-06 13:41:00,138.435461322
2020-04-06 13:42:00,138.406021584
2020-04-06 13:43:00,138.396208338
2020-04-06 13:44:00,138.371675223
2020-04-06 13:45:00,138.337328862
2020-04-06 13:46:00,138.229383156
2020-04-06 13:47:00,138.298075878
2020-04-06 13:48:00,138.376581846
2020-04-06 13:49:00,138.3667686
2020-04-06 13:50:00,138.396208338
2020-04-06 13:51:00,138.435461322
2020-04-06 13:52:00,138.41583483
2020-04-06 13:53:00,138.523780536
2020-04-06 13:54:00,138.455087814
2020-04-06 13:55:00,138.406021584
2020-04-06 13:56:00,138.356955354
2020-04-06 13:57:00,138.46490106
2020-04-06 13:58:00,138.504154044
2020-04-06 13:59:00,138.46490106
2020-04-06 14:00:00,138.602286504
2020-04-06 14:01:00,138.445274568
2020-04-06 14:02:00,138.504154044
2020-04-06 14:03:00,138.567940143
2020-04-06 14:04:00,137.051793636
2020-04-06 14:05:00,138.813271293
2020-04-06 14:06:00,138.886870638
2020-04-06 14:07:00,139.254867363
2020-04-06 14:08:00,139.191081264
2020-04-06 14:09:00,139.156734903
2020-04-06 14:10:00,139.10276205
2020-04-06 14:11:00,139.10276205
2020-04-06 14:12:00,139.00462959
2020-04-06 14:13:00,139.043882574
2020-04-06 14:14:00,139.068415689
2020-04-06 14:15:00,138.916310376
2020-04-06 14:16:00,138.720045456
2020-04-06 14:17:00,138.798551424
2020-04-06 14:18:00,138.8255378505
2020-04-06 14:19:00,138.749485194
2020-04-06 14:20:00,138.729858702
2020-04-06 14:21:00,138.641539488
2020-04-06 14:22:00,138.636632865
2020-04-06 14:23:00,138.621912996
2020-04-06 14:24:00,138.61209975
2020-04-06 14:25:00,138.75929844
2020-04-06 14:26:00,138.602286504
2020-04-06 14:27:00,138.670979226
2020-04-06 14:28:00,138.74349911394
2020-04-06 14:29:00,138.788738178
2020-04-06 14:30:00,138.621912996
2020-04-06 14:31:00,138.71023221
2020-04-06 14:32:00,138.700418964
2020-04-06 14:33:00,138.474714306
2020-04-06 14:34:00,138.504154044
2020-04-06 14:35:00,138.626819619
2020-04-06 14:36:00,138.572846766
2020-04-06 14:37:00,138.582660012
2020-04-06 14:38:00,138.670979226
2020-04-06 14:39:00,138.577753389
2020-04-06 14:40:00,138.523780536
2020-04-06 14:41:00,138.533593782
2020-04-06 14:42:00,138.509060667
2020-04-06 14:43:00,138.494340798
2020-04-06 14:44:00,138.489434175
2020-04-06 14:45:00,138.636632865
2020-04-06 14:46:00,138.651352734
2020-04-06 14:47:00,138.543407028
2020-04-06 14:48:00,138.499247421
2020-04-06 14:49:00,138.401114961
2020-04-06 14:50:00,138.26863614
2020-04-06 14:51:00,138.18365342964
2020-04-06 14:52:00,138.31770237
2020-04-06 14:53:00,138.43075096392
2020-04-06 14:54:00,138.347142108
2020-04-06 14:55:00,138.347142108
2020-04-06 14:56:00,138.356955354
2020-04-06 14:57:00,138.40445146464
2020-04-06 14:58:00,138.548313651
2020-04-06 14:59:00,138.484527552
2020-04-06 15:00:00,138.33624940494
2020-04-06 15:01:00,138.337328862
2020-04-06 15:02:00,138.327515616
2020-04-06 15:03:00,138.396208338
2020-04-06 15:04:00,138.332422239
2020-04-06 15:05:00,138.327515616
2020-04-06 15:06:00,138.47196659712
2020-04-06 15:07:00,138.484527552
2020-04-06 15:08:00,138.56303352
2020-04-06 15:09:00,138.641539488
2020-04-06 15:10:00,138.278449386
2020-04-06 15:11:00,138.07237122
2020-04-06 15:12:00,137.841759939
2020-04-06 15:13:00,137.866293054
2020-04-06 15:14:00,138.062557974
2020-04-06 15:15:00,138.028211613
2020-04-06 15:16:00,138.150877188
2020-04-06 15:17:00,138.131250696
2020-04-06 15:18:00,137.984052006
2020-04-06 15:19:00,137.954612268
2020-04-06 15:20:00,137.836853316
2020-04-06 15:21:00,138.08336205552
2020-04-06 15:22:00,138.08836681098
2020-04-06 15:23:00,138.013491744
2020-04-06 15:24:00,137.959518891
2020-04-06 15:25:00,138.165597057
2020-04-06 15:26:00,138.327515616
2020-04-06 15:27:00,138.406021584
2020-04-06 15:28:00,138.386395092
2020-04-06 15:29:00,138.41583483
2020-04-06 15:30:00,138.425648076
2020-04-06 15:31:00,138.307889124
2020-04-06 15:32:00,138.26863614
2020-04-06 15:33:00,138.283356009
2020-04-06 15:34:00,138.302982501
2020-04-06 15:35:00,138.420741453
2020-04-06 15:36:00,138.234289779
2020-04-06 15:37:00,138.229383156
2020-04-06 15:38:00,138.307889124
2020-04-06 15:39:00,138.406021584
2020-04-06 15:40:00,138.474714306
2020-04-06 15:41:00,138.553220274
2020-04-06 15:42:00,138.651352734
2020-04-06 15:43:00,138.656259357
2020-04-06 15:44:00,138.749485194
2020-04-06 15:45:00,138.435461322
2020-04-06 15:46:00,138.406021584
2020-04-06 15:47:00,138.3667686
2020-04-06 15:48:00,138.381488469
2020-04-06 15:49:00,138.337328862
2020-04-06 15:50:00,138.46490106
2020-04-06 15:51:00,139.524731628
2020-04-06 15:52:00,139.436412414
2020-04-06 15:53:00,139.308840216
2020-04-06 15:54:00,139.083135558
2020-04-06 15:55:00,139.259773986
2020-04-06 15:56:00,139.338279954
2020-04-06 15:57:00,139.269587232
2020-04-06 15:58:00,139.156734903
2020-04-06 15:59:00,138.769111686
2020-04-06 16:00:00,138.965376606
2020-04-07 09:31:00,139.8387555
2020-04-07 09:32:00,139.8387555
2020-04-07 09:33:00,139.416785922
2020-04-07 09:34:00,139.554171366
2020-04-07 09:35:00,139.387346184
2020-04-07 09:36:00,139.573797858
2020-04-07 09:37:00,139.240147494
2020-04-07 09:38:00,139.505105136
2020-04-07 09:39:00,139.009536213
2020-04-07 09:40:00,139.318653462
2020-04-07 09:41:00,139.092948804
2020-04-07 09:42:00,139.367719692
2020-04-07 09:43:00,139.387346184
2020-04-07 09:44:00,139.240147494
2020-04-07 09:45:00,139.24996074
2020-04-07 09:46:00,139.034069328
2020-04-07 09:47:00,138.945750114
2020-04-07 09:48:00,138.68010554478
2020-04-07 09:49:00,138.46490106
2020-04-07 09:50:00,138.376581846
2020-04-07 09:51:00,138.641539488
2020-04-07 09:52:00,138.631726242
2020-04-07 09:53:00,138.60935204112
2020-04-07 09:54:00,138.376581846
2020-04-07 09:55:00,138.180316926
2020-04-07 09:56:00,137.807413578
2020-04-07 09:57:00,137.831946693
2020-04-07 09:58:00,137.670028134
2020-04-07 09:59:00,137.689654626
2020-04-07 10:00:00,137.856479808
2020-04-07 10:01:00,137.871199677
2020-04-07 10:02:00,137.77797384
2020-04-07 10:03:00,137.503202952
2020-04-07 10:04:00,137.665121511
2020-04-07 10:05:00,137.640588396
2020-04-07 10:06:00,137.557175805
2020-04-07 10:07:00,137.714187741
2020-04-07 10:08:00,137.900639415
2020-04-07 10:09:00,137.817226824
2020-04-07 10:10:00,138.062557974
2020-04-07 10:11:00,138.091997712
2020-04-07 10:12:00,138.406021584
2020-04-07 10:13:00,138.26863614
2020-04-07 10:14:00,138.3196650192
2020-04-07 10:15:00,138.327515616
2020-04-07 10:16:00,138.278449386
2020-04-07 10:17:00,138.406021584
2020-04-07 10:18:00,138.935936868
2020-04-07 10:19:00,139.372626315
2020-04-07 10:20:00,139.426599168
2020-04-07 10:21:00,139.387346184
2020-04-07 10:22:00,139.313746839
2020-04-07 10:23:00,139.59342435
2020-04-07 10:24:00,139.524731628
2020-04-07 10:25:00,139.367719692
2020-04-07 10:26:00,139.681743564
2020-04-07 10:27:00,139.765156155
2020-04-07 10:28:00,139.632677334
2020-04-07 10:29:00,139.573797858
2020-04-07 10:30:00,139.323560085
2020-04-07 10:31:00,139.529638251
2020-04-07 10:32:00,139.514918382
2020-04-07 10:33:00,139.554171366
2020-04-07 10:34:00,139.524731628
2020-04-07 10:35:00,139.568891235
2020-04-07 10:36:00,139.563984612
2020-04-07 10:37:00,139.573797858
2020-04-07 10:38:00,139.534544874
2020-04-07 10:39:00,139.475665398
2020-04-07 10:40:00,139.441319037
2020-04-07 10:41:00,139.402066053
2020-04-07 10:42:00,139.259773986
2020-04-07 10:43:00,139.54435812
2020-04-07 10:44:00,139.367719692
2020-04-07 10:45:00,139.480572021
2020-04-07 10:46:00,139.622864088
2020-04-07 10:47:00,139.720996548
2020-04-07 10:48:00,140.025207174
2020-04-07 10:49:00,140.18221911
2020-04-07 10:50:00,140.201845602
2020-04-07 10:51:00,140.138059503
2020-04-07 10:52:00,140.18221911
2020-04-07 10:53:00,140.1522887097
2020-04-07 10:54:00,140.08408665
2020-04-07 10:55:00,140.13315288
2020-04-07 10:56:00,140.152779372
2020-04-07 10:57:00,140.236191963
2020-04-07 10:58:00,140.299978062
2020-04-07 10:59:00,140.103713142
2020-04-07 11:00:00,139.86613445634
2020-04-07 11:01:00,139.69155681
2020-04-07 11:02:00,139.485478644
2020-04-07 11:03:00,139.622864088
2020-04-07 11:04:00,139.406972676
2020-04-07 11:05:00,139.338279954
2020-04-07 11:06:00,139.485478644
2020-04-07 11:07:00,139.632677334
2020-04-07 11:08:00,139.848568746
2020-04-07 11:09:00,139.735716417
2020-04-07 11:10:00,140.025207174
2020-04-07 11:11:00,139.98595419
2020-04-07 11:12:00,139.78968927
2020-04-07 11:13:00,139.809315762
2020-04-07 11:14:00,140.201845602
2020-04-07 11:15:00,140.152779372
2020-04-07 11:16:00,140.299978062
2020-04-07 11:17:00,140.142966126
2020-04-07 11:18:00,140.162592618
2020-04-07 11:19:00,140.118433011
2020-04-07 11:20:00,140.152779372
2020-04-07 11:21:00,140.339231046
2020-04-07 11:22:00,140.790640362
2020-04-07 11:23:00,140.908399314
2020-04-07 11:24:00,141.094850988
2020-04-07 11:25:00,140.72194764
2020-04-07 11:26:00,140.584562196
2020-04-07 11:27:00,140.393203899
2020-04-07 11:28:00,140.62381518
2020-04-07 11:29:00,140.741574132
2020-04-07 11:30:00,140.91821256
2020-04-07 11:31:00,140.977092036
2020-04-07 11:32:00,141.0418594596
2020-04-07 11:33:00,140.996718528
2020-04-07 11:34:00,140.91821256
2020-04-07 11:35:00,140.849519838
2020-04-07 11:36:00,140.790640362
2020-04-07 11:37:00,140.996718528
2020-04-07 11:38:00,141.124290726
2020-04-07 11:39:00,141.222423186
2020-04-07 11:40:00,141.227329809
2020-04-07 11:41:00,140.977092036
2020-04-07 11:42:00,140.9054553402
2020-04-07 11:43:00,141.085037742
2020-04-07 11:44:00,141.01634502
2020-04-07 11:45:00,140.947652298
2020-04-07 11:46:00,141.031064889
2020-04-07 11:47:00,141.143917218
2020-04-07 11:48:00,141.183170202
2020-04-07 11:49:00,141.021251643
2020-04-07 11:50:00,141.104664234
2020-04-07 11:51:00,141.109570857
2020-04-07 11:52:00,141.055598004
2020-04-07 11:53:00,140.844613215
2020-04-07 11:54:00,140.839706592
2020-04-07 11:55:00,140.888772822
2020-04-07 11:56:00,140.72194764
2020-04-07 11:57:00,140.878959576
2020-04-07 11:58:00,140.829893346
2020-04-07 11:59:00,140.692507902
2020-04-07 12:00:00,140.829893346
2020-04-07 12:01:00,140.888772822
2020-04-07 12:02:00,140.937839052
2020-04-07 12:03:00,141.202796694
2020-04-07 12:04:00,141.153730464
2020-04-07 12:05:00,141.16354371
2020-04-07 12:06:00,141.516820566
2020-04-07 12:07:00,141.575700042
2020-04-07 12:08:00,141.595326534
2020-04-07 12:09:00,141.590419911
2020-04-07 12:10:00,141.664019256
2020-04-07 12:11:00,141.477567582
2020-04-07 12:12:00,141.580606665
2020-04-07 12:13:00,141.595326534
2020-04-07 12:14:00,141.477567582
2020-04-07 12:15:00,141.45794109
2020-04-07 12:16:00,141.585513288
2020-04-07 12:17:00,141.55607355
2020-04-07 12:18:00,141.50298388914
2020-04-07 12:19:00,141.546260304
2020-04-07 12:20:00,141.516820566
2020-04-07 12:21:00,141.50700732
2020-04-07 12:22:00,141.511913943
2020-04-07 12:23:00,141.45794109
2020-04-07 12:24:00,141.413781483
2020-04-07 12:25:00,141.300929154
2020-04-07 12:26:00,141.35980863
2020-04-07 12:27:00,141.384341745
2020-04-07 12:28:00,141.242049678
2020-04-07 12:29:00,141.340182138
2020-04-07 12:30:00,141.389248368
2020-04-07 12:31:00,141.45794109
2020-04-07 12:32:00,141.31643408268
2020-04-07 12:33:00,141.487380828
2020-04-07 12:34:00,141.45794109
2020-04-07 12:35:00,141.4996473855
2020-04-07 12:36:00,141.438314598
2020-04-07 12:37:00,141.497194074
2020-04-07 12:38:00,141.585513288
2020-04-07 12:39:00,141.664019256
2020-04-07 12:40:00,141.5433163302
2020-04-07 12:41:00,141.467754336
2020-04-07 12:42:00,141.472660959
2020-04-07 12:43:00,141.384341745
2020-04-07 12:44:00,141.433407975
2020-04-07 12:45:00,141.413781483
2020-04-07 12:46:00,141.438314598
2020-04-07 12:47:00,141.497194074
2020-04-07 12:48:00,141.467754336
2020-04-07 12:49:00,141.50700732
2020-04-07 12:50:00,141.3279155805
2020-04-07 12:51:00,141.36383206086
2020-04-07 12:52:00,141.16354371
2020-04-07 12:53:00,141.242049678
2020-04-07 12:54:00,141.18042249312
2020-04-07 12:55:00,141.173356956
2020-04-07 12:56:00,141.300929154
2020-04-07 12:57:00,141.300929154
2020-04-07 12:58:00,141.349995384
2020-04-07 12:59:00,141.364715253
2020-04-07 13:00:00,141.16354371
2020-04-07 13:01:00,141.349995384
2020-04-07 13:02:00,141.546260304
2020-04-07 13:03:00,141.75233847
2020-04-07 13:04:00,142.027109358
2020-04-07 13:05:00,142.027109358
2020-04-07 13:06:00,142.01464653558
2020-04-07 13:07:00,142.056549096
2020-04-07 13:08:00,141.9495847146
2020-04-07 13:09:00,141.76548821964
2020-04-07 13:10:00,141.467754336
2020-04-07 13:11:00,141.379435122
2020-04-07 13:12:00,141.438314598
2020-04-07 13:13:00,141.354902007
2020-04-07 13:14:00,141.448127844
2020-04-07 13:15:00,141.389248368
2020-04-07 13:16:00,141.286209285
2020-04-07 13:17:00,141.40887486
2020-04-07 13:18:00,141.281302662
2020-04-07 13:19:00,141.291115908
2020-04-07 13:20:00,141.379435122
2020-04-07 13:21:00,141.242049678
2020-04-07 13:22:00,141.320555646
2020-04-07 13:23:00,141.320555646
2020-04-07 13:24:00,141.3107424
2020-04-07 13:25:00,141.330368892
2020-04-07 13:26:00,141.3107424
2020-04-07 13:27:00,141.3215369706
2020-04-07 13:28:00,141.3107424
2020-04-07 13:29:00,141.173356956
2020-04-07 13:30:00,141.153730464
2020-04-07 13:31:00,140.8819035498
2020-04-07 13:32:00,140.77101387
2020-04-07 13:33:00,140.86914633
2020-04-07 13:34:00,140.790640362
2020-04-07 13:35:00,140.614001934
2020-04-07 13:36:00,140.515869474
2020-04-07 13:37:00,140.555122458
2020-04-07 13:38:00,140.663068164
2020-04-07 13:39:00,140.76178941876
2020-04-07 13:40:00,140.839706592
2020-04-07 13:41:00,140.996718528
2020-04-07 13:42:00,141.09661737228
2020-04-07 13:43:00,141.16354371
2020-04-07 13:44:00,141.232236432
2020-04-07 13:45:00,141.075224496
2020-04-07 13:46:00,141.26167617
2020-04-07 13:47:00,141.379435122
2020-04-07 13:48:00,141.448127844
2020-04-07 13:49:00,141.516820566
2020-04-07 13:50:00,141.428501352
2020-04-07 13:51:00,141.232236432
2020-04-07 13:52:00,141.330368892
2020-04-07 13:53:00,141.197890071
2020-04-07 13:54:00,141.232236432
2020-04-07 13:55:00,141.340182138
2020-04-07 13:56:00,141.222423186
2020-04-07 13:57:00,141.349995384
2020-04-07 13:58:00,141.21260994
2020-04-07 13:59:00,141.29788704774
2020-04-07 14:00:00,141.330368892
2020-04-07 14:01:00,141.35980863
2020-04-07 14:02:00,141.349995384
2020-04-07 14:03:00,141.202796694
2020-04-07 14:04:00,141.124290726
2020-04-07 14:05:00,141.232236432
2020-04-07 14:06:00,141.001625151
2020-04-07 14:07:00,141.104664234
2020-04-07 14:08:00,141.0712991976
2020-04-07 14:09:00,140.903492691
2020-04-07 14:10:00,140.9505962718
2020-04-07 14:11:00,141.094850988
2020-04-07 14:12:00,140.928025806
2020-04-07 14:13:00,140.996718528
2020-04-07 14:14:00,141.16354371
2020-04-07 14:15:00,141.143917218
2020-04-07 14:16:00,141.14067884682
2020-04-07 14:17:00,140.908399314
2020-04-07 14:18:00,140.888772822
2020-04-07 14:19:00,140.761200624
2020-04-07 14:20:00,140.506056228
2020-04-07 14:21:00,140.62381518
2020-04-07 14:22:00,140.86914633
2020-04-07 14:23:00,140.849519838
2020-04-07 14:24:00,140.977092036
2020-04-07 14:25:00,141.035971512
2020-04-07 14:26:00,141.01634502
2020-04-07 14:27:00,141.075224496
2020-04-07 14:28:00,140.96727879
2020-04-07 14:29:00,140.864239707
2020-04-07 14:30:00,140.91821256
2020-04-07 14:31:00,140.854426461
2020-04-07 14:32:00,140.824986723
2020-04-07 14:33:00,140.643441672
2020-04-07 14:34:00,140.417737014
2020-04-07 14:35:00,140.192032356
2020-04-07 14:36:00,139.90980340104
2020-04-07 14:37:00,140.093899896
2020-04-07 14:38:00,140.187125733
2020-04-07 14:39:00,140.46670511154
2020-04-07 14:40:00,140.290164816
2020-04-07 14:41:00,140.42755026
2020-04-07 14:42:00,140.1174516864
2020-04-07 14:43:00,140.113526388
2020-04-07 14:44:00,140.201845602
2020-04-07 14:45:00,140.18221911
2020-04-07 14:46:00,140.38309625562
2020-04-07 14:47:00,140.56415064432
2020-04-07 14:48:00,140.250911832
2020-04-07 14:49:00,140.16131689602
2020-04-07 14:50:00,140.142966126
2020-04-07 14:51:00,140.118433011
2020-04-07 14:52:00,140.162592618
2020-04-07 14:53:00,140.192032356
2020-04-07 14:54:00,139.8387555
2020-04-07 14:55:00,139.696463433
2020-04-07 14:56:00,139.416785922
2020-04-07 14:57:00,139.39715943
2020-04-07 14:58:00,139.377532938
2020-04-07 14:59:00,139.406972676
2020-04-07 15:00:00,139.485478644
2020-04-07 15:01:00,139.750436286
2020-04-07 15:02:00,139.622864088
2020-04-07 15:03:00,139.8387555
2020-04-07 15:04:00,139.878008484
2020-04-07 15:05:00,139.868195238
2020-04-07 15:06:00,140.152779372
2020-04-07 15:07:00,140.103713142
2020-04-07 15:08:00,139.93688796
2020-04-07 15:09:00,139.927074714
2020-04-07 15:10:00,140.162592618
2020-04-07 15:11:00,140.265631701
2020-04-07 15:12:00,140.260725078
2020-04-07 15:13:00,140.37848403
2020-04-07 15:14:00,140.368670784
2020-04-07 15:15:00,140.270538324
2020-04-07 15:16:00,139.907448222
2020-04-07 15:17:00,139.804409139
2020-04-07 15:18:00,139.770062778
2020-04-07 15:19:00,139.519825005
2020-04-07 15:20:00,139.377532938
2020-04-07 15:21:00,139.529638251
2020-04-07 15:22:00,139.367719692
2020-04-07 15:23:00,139.730809794
2020-04-07 15:24:00,139.583611104
2020-04-07 15:25:00,139.3480932
2020-04-07 15:26:00,139.416785922
2020-04-07 15:27:00,139.681743564
2020-04-07 15:28:00,139.662117072
2020-04-07 15:29:00,139.64249058
2020-04-07 15:30:00,139.421692545
2020-04-07 15:31:00,139.500198513
2020-04-07 15:32:00,139.770062778
2020-04-07 15:33:00,139.156734903
2020-04-07 15:34:00,139.652303826
2020-04-07 15:35:00,139.74062304
2020-04-07 15:36:00,139.681743564
2020-04-07 15:37:00,139.652303826
2020-04-07 15:38:00,139.720996548
2020-04-07 15:39:00,139.583611104
2020-04-07 15:40:00,139.701370056
2020-04-07 15:41:00,139.667023695
2020-04-07 15:42:00,139.78968927
2020-04-07 15:43:00,139.956514452
2020-04-07 15:44:00,139.868195238
2020-04-07 15:45:00,139.927074714
2020-04-07 15:46:00,140.187125733
2020-04-07 15:47:00,140.103713142
2020-04-07 15:48:00,140.152779372
2020-04-07 15:49:00,140.3294178
2020-04-07 15:50:00,140.555122458
2020-04-07 15:51:00,140.142966126
2020-04-07 15:52:00,140.142966126
2020-04-07 15:53:00,139.956514452
2020-04-07 15:54:00,139.583611104
2020-04-07 15:55:00,140.167499241
2020-04-07 15:56:00,140.054646912
2020-04-07 15:57:00,140.270538324
2020-04-07 15:58:00,140.03502042
2020-04-07 15:59:00,139.8387555
2020-04-07 16:00:00,139.191081264
2020-04-08 09:31:00,139.809315762
2020-04-08 09:32:00,138.3667686
2020-04-08 09:33:00,139.387346184
2020-04-08 09:34:00,139.45446878664
2020-04-08 09:35:00,139.00462959
2020-04-08 09:36:00,138.82808929446
2020-04-08 09:37:00,138.273542763
2020-04-08 09:38:00,138.553220274
2020-04-08 09:39:00,138.803458047
2020-04-08 09:40:00,138.729858702
2020-04-08 09:41:00,138.891777261
2020-04-08 09:42:00,138.720045456
2020-04-08 09:43:00,138.788738178
2020-04-08 09:44:00,138.788738178
2020-04-08 09:45:00,138.739671948
2020-04-08 09:46:00,138.720045456
2020-04-08 09:47:00,138.641539488
2020-04-08 09:48:00,138.597379881
2020-04-08 09:49:00,138.720045456
2020-04-08 09:50:00,138.5983612056
2020-04-08 09:51:00,138.31770237
2020-04-08 09:52:00,138.445274568
2020-04-08 09:53:00,138.631726242
2020-04-08 09:54:00,138.523780536
2020-04-08 09:55:00,138.51396729
2020-04-08 09:56:00,138.450181191
2020-04-08 09:57:00,138.459994437
2020-04-08 09:58:00,138.52515439044
2020-04-08 09:59:00,138.337328862
2020-04-08 10:00:00,138.337328862
2020-04-08 10:01:00,138.258822894
2020-04-08 10:02:00,138.141063942
2020-04-08 10:03:00,138.199943418
2020-04-08 10:04:00,138.17050368
2020-04-08 10:05:00,138.160690434
2020-04-08 10:06:00,138.131250696
2020-04-08 10:07:00,137.964425514
2020-04-08 10:08:00,138.042931482
2020-04-08 10:09:00,138.07472639904
2020-04-08 10:10:00,138.07237122
2020-04-08 10:11:00,138.386395092
2020-04-08 10:12:00,138.288262632
2020-04-08 10:13:00,138.131250696
2020-04-08 10:14:00,138.229383156
2020-04-08 10:15:00,138.204850041
2020-04-08 10:16:00,138.239196402
2020-04-08 10:17:00,138.131250696
2020-04-08 10:18:00,138.356955354
2020-04-08 10:19:00,138.61209975
2020-04-08 10:20:00,138.8402577195
2020-04-08 10:21:00,138.70306854042
2020-04-08 10:22:00,138.80836467
2020-04-08 10:23:00,138.80836467
2020-04-08 10:24:00,138.720045456
2020-04-08 10:25:00,138.764205063
2020-04-08 10:26:00,138.7671490368
2020-04-08 10:27:00,138.827991162
2020-04-08 10:28:00,139.083135558
2020-04-08 10:29:00,139.122388542
2020-04-08 10:30:00,139.05369582
2020-04-08 10:31:00,138.980096475
2020-04-08 10:32:00,138.945750114
2020-04-08 10:33:00,139.05369582
2020-04-08 10:34:00,139.043882574
2020-04-08 10:35:00,138.9482034255
2020-04-08 10:36:00,138.965376606
2020-04-08 10:37:00,138.720045456
2020-04-08 10:38:00,138.837804408
2020-04-08 10:39:00,138.769111686
2020-04-08 10:40:00,138.813271293
2020-04-08 10:41:00,138.95556336
2020-04-08 10:42:00,139.092948804
2020-04-08 10:43:00,139.014442836
2020-04-08 10:44:00,138.778924932
2020-04-08 10:45:00,138.867244146
2020-04-08 10:46:00,138.867244146
2020-04-08 10:47:00,138.9643952814
2020-04-08 10:48:00,138.886870638
2020-04-08 10:49:00,139.0330880034
2020-04-08 10:50:00,139.33818182154
2020-04-08 10:51:00,139.720996548
2020-04-08 10:52:00,139.554171366
2020-04-08 10:53:00,139.54435812
2020-04-08 10:54:00,139.760249532
2020-04-08 10:55:00,139.711183302
2020-04-08 10:56:00,139.603237596
2020-04-08 10:57:00,139.505105136
2020-04-08 10:58:00,139.4889132801
2020-04-08 10:59:00,139.779876024
2020-04-08 11:00:00,139.848568746
2020-04-08 11:01:00,139.711183302
2020-04-08 11:02:00,139.58027460036
2020-04-08 11:03:00,139.613050842
2020-04-08 11:04:00,139.3799862495
2020-04-08 11:05:00,139.485478644
2020-04-08 11:06:00,139.662117072
2020-04-08 11:07:00,139.416785922
2020-04-08 11:08:00,139.44622566
2020-04-08 11:09:00,139.44622566
2020-04-08 11:10:00,139.416785922
2020-04-08 11:11:00,139.5183530181
2020-04-08 11:12:00,139.662117072
2020-04-08 11:13:00,139.701370056
2020-04-08 11:14:00,139.711183302
2020-04-08 11:15:00,139.927074714
2020-04-08 11:16:00,139.93688796
2020-04-08 11:17:00,140.098806519
2020-04-08 11:18:00,140.162592618
2020-04-08 11:19:00,140.28035157
2020-04-08 11:20:00,140.344137669
2020-04-08 11:21:00,140.437363506
2020-04-08 11:22:00,140.4069424434
2020-04-08 11:23:00,140.398110522
2020-04-08 11:24:00,140.349044292
2020-04-08 11:25:00,140.339231046
2020-04-08 11:26:00,140.42755026
2020-04-08 11:27:00,140.555122458
2020-04-08 11:28:00,140.456989998
2020-04-08 11:29:00,140.456989998
2020-04-08 11:30:00,140.290164816
2020-04-08 11:31:00,140.260725078
2020-04-08 11:32:00,140.064460158
2020-04-08 11:33:00,140.113526388
2020-04-08 11:34:00,140.201845602
2020-04-08 11:35:00,140.37848403
2020-04-08 11:36:00,140.3294178
2020-04-08 11:37:00,140.545309212
2020-04-08 11:38:00,140.555122458
2020-04-08 11:39:00,140.437363506
2020-04-08 11:40:00,140.506056228
2020-04-08 11:41:00,140.599282065
2020-04-08 11:42:00,140.496242982
2020-04-08 11:43:00,140.47661649
2020-04-08 11:44:00,140.57474895
2020-04-08 11:45:00,140.535495966
2020-04-08 11:46:00,140.506056228
2020-04-08 11:47:00,140.486429736
2020-04-08 11:48:00,140.564935704
2020-04-08 11:49:00,140.51910784518
2020-04-08 11:50:00,140.388297276
2020-04-08 11:51:00,140.3873159514
2020-04-08 11:52:00,140.466803244
2020-04-08 11:53:00,140.4167556894
2020-04-08 11:54:00,140.447176752
2020-04-08 11:55:00,140.569842327
2020-04-08 11:56:00,140.746480755
2020-04-08 11:57:00,141.01654128492
2020-04-08 11:58:00,140.986905282
2020-04-08 11:59:00,141.06541125
2020-04-08 12:00:00,140.91821256
2020-04-08 12:01:00,140.829893346
2020-04-08 12:02:00,140.849519838
2020-04-08 12:03:00,140.92331544792
2020-04-08 12:04:00,140.991811905
2020-04-08 12:05:00,141.045784758
2020-04-08 12:06:00,141.232236432
2020-04-08 12:07:00,141.232236432
2020-04-08 12:08:00,141.291115908
2020-04-08 12:09:00,141.2641294815
2020-04-08 12:10:00,141.291115908
2020-04-08 12:11:00,141.124290726
2020-04-08 12:12:00,141.104664234
2020-04-08 12:13:00,141.075224496
2020-04-08 12:14:00,141.075224496
2020-04-08 12:15:00,141.075224496
2020-04-08 12:16:00,141.11447748
2020-04-08 12:17:00,141.3107424
2020-04-08 12:18:00,141.399061614
2020-04-08 12:19:00,141.26167617
2020-04-08 12:20:00,141.340182138
2020-04-08 12:21:00,141.389248368
2020-04-08 12:22:00,141.349995384
2020-04-08 12:23:00,141.438314598
2020-04-08 12:24:00,141.477567582
2020-04-08 12:25:00,141.438314598
2020-04-08 12:26:00,141.418688106
2020-04-08 12:27:00,141.30456005502
2020-04-08 12:28:00,141.300929154
2020-04-08 12:29:00,141.40887486
2020-04-08 12:30:00,141.349995384
2020-04-08 12:31:00,141.403968237
2020-04-08 12:32:00,141.389248368
2020-04-08 12:33:00,141.60513978
2020-04-08 12:34:00,141.65420601
2020-04-08 12:35:00,141.585513288
2020-04-08 12:36:00,141.73261384554
2020-04-08 12:37:00,141.575700042
2020-04-08 12:38:00,141.585513288
2020-04-08 12:39:00,141.683645748
2020-04-08 12:40:00,141.94644447588
2020-04-08 12:41:00,142.056549096
2020-04-08 12:42:00,141.94860339
2020-04-08 12:43:00,141.75233847
2020-04-08 12:44:00,141.70327224
2020-04-08 12:45:00,141.673832502
2020-04-08 12:46:00,141.693458994
2020-04-08 12:47:00,141.664019256
2020-04-08 12:48:00,141.75233847
2020-04-08 12:49:00,141.644392764
2020-04-08 12:50:00,141.516820566
2020-04-08 12:51:00,141.575700042
2020-04-08 12:52:00,141.560980173
2020-04-08 12:53:00,141.60513978
2020-04-08 12:54:00,141.418688106
2020-04-08 12:55:00,141.222423186
2020-04-08 12:56:00,140.957465544
2020-04-08 12:57:00,140.977092036
2020-04-08 12:58:00,140.800453608
2020-04-08 12:59:00,140.859333084
2020-04-08 13:00:00,140.898586068
2020-04-08 13:01:00,140.937839052
2020-04-08 13:02:00,140.957465544
2020-04-08 13:03:00,141.134103972
2020-04-08 13:04:00,141.173356956
2020-04-08 13:05:00,141.094850988
2020-04-08 13:06:00,141.251862924
2020-04-08 13:07:00,141.256769547
2020-04-08 13:08:00,141.300929154
2020-04-08 13:09:00,141.300929154
2020-04-08 13:10:00,141.21260994
2020-04-08 13:11:00,141.227329809
2020-04-08 13:12:00,141.153730464
2020-04-08 13:13:00,140.996718528
2020-04-08 13:14:00,141.06541125
2020-04-08 13:15:00,141.242049678
2020-04-08 13:16:00,141.153730464
2020-04-08 13:17:00,141.143917218
2020-04-08 13:18:00,141.21260994
2020-04-08 13:19:00,141.045784758
2020-04-08 13:20:00,140.96727879
2020-04-08 13:21:00,140.947652298
2020-04-08 13:22:00,140.859333084
2020-04-08 13:23:00,141.026158266
2020-04-08 13:24:00,141.104664234
2020-04-08 13:25:00,141.040878135
2020-04-08 13:26:00,141.0089850855
2020-04-08 13:27:00,140.947652298
2020-04-08 13:28:00,140.878959576
2020-04-08 13:29:00,140.878959576
2020-04-08 13:30:00,140.95638608694
2020-04-08 13:31:00,141.01634502
2020-04-08 13:32:00,141.202796694
2020-04-08 13:33:00,141.006531774
2020-04-08 13:34:00,140.986905282
2020-04-08 13:35:00,140.859333084
2020-04-08 13:36:00,140.751387378
2020-04-08 13:37:00,140.682694656
2020-04-08 13:38:00,140.741574132
2020-04-08 13:39:00,140.741574132
2020-04-08 13:40:00,140.883866199
2020-04-08 13:41:00,140.928025806
2020-04-08 13:42:00,140.682694656
2020-04-08 13:43:00,140.496242982
2020-04-08 13:44:00,140.437363506
2020-04-08 13:45:00,140.368670784
2020-04-08 13:46:00,140.314697931
2020-04-08 13:47:00,140.417737014
2020-04-08 13:48:00,140.42755026
2020-04-08 13:49:00,140.3294178
2020-04-08 13:50:00,140.398110522
2020-04-08 13:51:00,140.456989998
2020-04-08 13:52:00,140.47661649
2020-04-08 13:53:00,140.447176752
2020-04-08 13:54:00,140.47661649
2020-04-08 13:55:00,140.515869474
2020-04-08 13:56:00,140.290164816
2020-04-08 13:57:00,140.358857538
2020-04-08 13:58:00,140.447176752
2020-04-08 13:59:00,140.67288141
2020-04-08 14:00:00,140.643441672
2020-04-08 14:01:00,140.57474895
2020-04-08 14:02:00,140.677788033
2020-04-08 14:03:00,140.63843691654
2020-04-08 14:04:00,140.663068164
2020-04-08 14:05:00,140.87778198648
2020-04-08 14:06:00,141.055598004
2020-04-08 14:07:00,141.075224496
2020-04-08 14:08:00,141.291115908
2020-04-08 14:09:00,141.389248368
2020-04-08 14:10:00,141.438314598
2020-04-08 14:11:00,141.516820566
2020-04-08 14:12:00,141.595326534
2020-04-08 14:13:00,141.713085486
2020-04-08 14:14:00,141.65420601
2020-04-08 14:15:00,141.546260304
2020-04-08 14:16:00,141.60513978
2020-04-08 14:17:00,141.673832502
2020-04-08 14:18:00,141.727805355
2020-04-08 14:19:00,141.811217946
2020-04-08 14:20:00,141.75233847
2020-04-08 14:21:00,141.914257029
2020-04-08 14:22:00,141.958416636
2020-04-08 14:23:00,141.879910668
2020-04-08 14:24:00,141.99766962
2020-04-08 14:25:00,142.645343856
2020-04-08 14:26:00,142.89204886044
2020-04-08 14:27:00,142.944647859
2020-04-08 14:28:00,143.047686942
2020-04-08 14:29:00,143.185072386
2020-04-08 14:30:00,143.194885632
2020-04-08 14:31:00,143.145819402
2020-04-08 14:32:00,143.067313434
2020-04-08 14:33:00,143.003527335
2020-04-08 14:34:00,142.959367728
2020-04-08 14:35:00,143.037873696
2020-04-08 14:36:00,143.155632648
2020-04-08 14:37:00,143.136006156
2020-04-08 14:38:00,143.155632648
2020-04-08 14:39:00,143.1257022477
2020-04-08 14:40:00,143.204698878
2020-04-08 14:41:00,143.312644584
2020-04-08 14:42:00,143.391150552
2020-04-08 14:43:00,143.459843274
2020-04-08 14:44:00,143.430403536
2020-04-08 14:45:00,143.312644584
2020-04-08 14:46:00,143.46965652
2020-04-08 14:47:00,143.42059029
2020-04-08 14:48:00,143.34139739478
2020-04-08 14:49:00,143.400963798
2020-04-08 14:50:00,143.361710814
2020-04-08 14:51:00,143.5182320877
2020-04-08 14:52:00,143.577602226
2020-04-08 14:53:00,143.61685521
2020-04-08 14:54:00,143.56778898
2020-04-08 14:55:00,143.577602226
2020-04-08 14:56:00,143.587415472
2020-04-08 14:57:00,143.479469766
2020-04-08 14:58:00,143.400963798
2020-04-08 14:59:00,143.459843274
2020-04-08 15:00:00,143.454936651
2020-04-08 15:01:00,143.283204846
2020-04-08 15:02:00,143.263578354
2020-04-08 15:03:00,143.214512124
2020-04-08 15:04:00,143.17525914
2020-04-08 15:05:00,143.150726025
2020-04-08 15:06:00,143.17525914
2020-04-08 15:07:00,142.969180974
2020-04-08 15:08:00,142.998620712
2020-04-08 15:09:00,142.949554482
2020-04-08 15:10:00,143.180165763
2020-04-08 15:11:00,143.2051895403
2020-04-08 15:12:00,143.37152406
2020-04-08 15:13:00,143.253765108
2020-04-08 15:14:00,143.523629373
2020-04-08 15:15:00,142.920114744
2020-04-08 15:16:00,143.32245783
2020-04-08 15:17:00,143.361710814
2020-04-08 15:18:00,143.494189635
2020-04-08 15:19:00,143.450030028
2020-04-08 15:20:00,143.557975734
2020-04-08 15:21:00,143.67220191744
2020-04-08 15:22:00,143.499096258
2020-04-08 15:23:00,143.56778898
2020-04-08 15:24:00,143.400963798
2020-04-08 15:25:00,143.410777044
2020-04-08 15:26:00,143.391150552
2020-04-08 15:27:00,143.194885632
2020-04-08 15:28:00,143.479469766
2020-04-08 15:29:00,143.71086610668
2020-04-08 15:30:00,143.705174424
2020-04-08 15:31:00,143.734614162
2020-04-08 15:32:00,143.86218636
2020-04-08 15:33:00,144.038824788
2020-04-08 15:34:00,143.940692328
2020-04-08 15:35:00,143.656108194
2020-04-08 15:36:00,143.479469766
2020-04-08 15:37:00,143.214512124
2020-04-08 15:38:00,143.067313434
2020-04-08 15:39:00,142.890675006
2020-04-08 15:40:00,142.97899422
2020-04-08 15:41:00,142.6782182301
2020-04-08 15:42:00,142.458892182
2020-04-08 15:43:00,142.625717364
2020-04-08 15:44:00,142.949554482
2020-04-08 15:45:00,143.023153827
2020-04-08 15:46:00,142.812169038
2020-04-08 15:47:00,142.88086176
2020-04-08 15:48:00,142.900488252
2020-04-08 15:49:00,142.836702153
2020-04-08 15:50:00,142.900488252
2020-04-08 15:51:00,144.087891018
2020-04-08 15:52:00,143.999571804
2020-04-08 15:53:00,144.151677117
2020-04-08 15:54:00,144.176210232
2020-04-08 15:55:00,144.029011542
2020-04-08 15:56:00,143.901439344
2020-04-08 15:57:00,143.803306884
2020-04-08 15:58:00,143.921065836
2020-04-08 15:59:00,143.361710814
2020-04-08 16:00:00,143.489283012
2020-04-09 09:31:00,141.349995384
2020-04-09 09:32:00,141.31034987016
2020-04-09 09:33:00,142.233187524
2020-04-09 09:34:00,142.988807466
2020-04-09 09:35:00,142.664970348
2020-04-09 09:36:00,142.812169038
2020-04-09 09:37:00,142.841608776
2020-04-09 09:38:00,142.512865035
2020-04-09 09:39:00,142.557024642
2020-04-09 09:40:00,142.360759722
2020-04-09 09:41:00,142.262627262
2020-04-09 09:42:00,142.331319984
2020-04-09 09:43:00,142.125241818
2020-04-09 09:44:00,142.066362342
2020-04-09 09:45:00,141.99766962
2020-04-09 09:46:00,142.292067
2020-04-09 09:47:00,142.429452444
2020-04-09 09:48:00,142.606090872
2020-04-09 09:49:00,142.19393454
2020-04-09 09:50:00,142.213561032
2020-04-09 09:51:00,142.223374278
2020-04-09 09:52:00,142.321506738
2020-04-09 09:53:00,142.223374278
2020-04-09 09:54:00,142.655157102
2020-04-09 09:55:00,142.615904118
2020-04-09 09:56:00,142.498145166
2020-04-09 09:57:00,142.606090872
2020-04-09 09:58:00,142.576651134
2020-04-09 09:59:00,142.763102808
2020-04-09 10:00:00,142.645343856
2020-04-09 10:01:00,142.83179553
2020-04-09 10:02:00,142.596277626
2020-04-09 10:03:00,142.9726156101
2020-04-09 10:04:00,142.704223332
2020-04-09 10:05:00,142.483425297
2020-04-09 10:06:00,142.512865035
2020-04-09 10:07:00,142.238094147
2020-04-09 10:08:00,142.022202735
2020-04-09 10:09:00,142.04673585
2020-04-09 10:10:00,142.3008989214
2020-04-09 10:11:00,142.63553061
2020-04-09 10:12:00,142.763102808
2020-04-09 10:13:00,142.88086176
2020-04-09 10:14:00,142.664970348
2020-04-09 10:15:00,142.753289562
2020-04-09 10:16:00,142.73366307
2020-04-09 10:17:00,142.630623987
2020-04-09 10:18:00,142.48833192
2020-04-09 10:19:00,142.566837888
2020-04-09 10:20:00,142.694410086
2020-04-09 10:21:00,143.145819402
2020-04-09 10:22:00,142.792542546
2020-04-09 10:23:00,142.655157102
2020-04-09 10:24:00,142.6266986886
2020-04-09 10:25:00,142.9574050788
2020-04-09 10:26:00,143.46965652
2020-04-09 10:27:00,143.489283012
2020-04-09 10:28:00,143.508909504
2020-04-09 10:29:00,143.366617437
2020-04-09 10:30:00,143.37152406
2020-04-09 10:31:00,143.234138616
2020-04-09 10:32:00,142.664970348
2020-04-09 10:33:00,142.576651134
2020-04-09 10:34:00,142.409825952
2020-04-09 10:35:00,142.73366307
2020-04-09 10:36:00,142.753289562
2020-04-09 10:37:00,142.836702153
2020-04-09 10:38:00,143.194885632
2020-04-09 10:39:00,142.48833192
2020-04-09 10:40:00,143.037873696
2020-04-09 10:41:00,142.900488252
2020-04-09 10:42:00,143.342084322
2020-04-09 10:43:00,143.22432537
2020-04-09 10:44:00,142.73366307
2020-04-09 10:45:00,142.969180974
2020-04-09 10:46:00,142.905394875
2020-04-09 10:47:00,143.042780319
2020-04-09 10:48:00,143.086939926
2020-04-09 10:49:00,143.302831338
2020-04-09 10:50:00,143.165445894
2020-04-09 10:51:00,143.018247204
2020-04-09 10:52:00,143.003527335
2020-04-09 10:53:00,142.841608776
2020-04-09 10:54:00,142.861235268
2020-04-09 10:55:00,142.679690217
2020-04-09 10:56:00,142.949554482
2020-04-09 10:57:00,143.17525914
2020-04-09 10:58:00,143.067313434
2020-04-09 10:59:00,142.949554482
2020-04-09 11:00:00,143.018247204
2020-04-09 11:01:00,142.483425297
2020-04-09 11:02:00,142.43926569
2020-04-09 11:03:00,142.478518674
2020-04-09 11:04:00,142.468705428
2020-04-09 11:05:00,142.517771658
2020-04-09 11:06:00,142.458892182
2020-04-09 11:07:00,142.43926569
2020-04-09 11:08:00,142.625717364
2020-04-09 11:09:00,142.96142850966
2020-04-09 11:10:00,142.82894968866
2020-04-09 11:11:00,142.7827293
2020-04-09 11:12:00,142.73366307
2020-04-09 11:13:00,142.694410086
2020-04-09 11:14:00,142.566837888
2020-04-09 11:15:00,142.615904118
2020-04-09 11:16:00,142.83179553
2020-04-09 11:17:00,142.68459684
2020-04-09 11:18:00,142.507958412
2020-04-09 11:19:00,142.463798805
2020-04-09 11:20:00,142.40531185884
2020-04-09 11:21:00,142.58646438
2020-04-09 11:22:00,142.704223332
2020-04-09 11:23:00,142.458892182
2020-04-09 11:24:00,142.34113323
2020-04-09 11:25:00,142.2439820946
2020-04-09 11:26:00,142.262627262
2020-04-09 11:27:00,142.395106083
2020-04-09 11:28:00,142.135055064
2020-04-09 11:29:00,142.331319984
2020-04-09 11:30:00,142.350946476
2020-04-09 11:31:00,142.48371969438
2020-04-09 11:32:00,142.409825952
2020-04-09 11:33:00,142.311693492
2020-04-09 11:34:00,142.252814016
2020-04-09 11:35:00,142.449078936
2020-04-09 11:36:00,142.350946476
2020-04-09 11:37:00,142.257720639
2020-04-09 11:38:00,142.606090872
2020-04-09 11:39:00,142.836702153
2020-04-09 11:40:00,142.58646438
2020-04-09 11:41:00,142.674783594
2020-04-09 11:42:00,142.449078936
2020-04-09 11:43:00,142.282253754
2020-04-09 11:44:00,142.282253754
2020-04-09 11:45:00,142.375479591
2020-04-09 11:46:00,142.458892182
2020-04-09 11:47:00,142.48833192
2020-04-09 11:48:00,142.527584904
2020-04-09 11:49:00,142.576651134
2020-04-09 11:50:00,142.606090872
2020-04-09 11:51:00,142.625717364
2020-04-09 11:52:00,142.625717364
2020-04-09 11:53:00,142.444172313
2020-04-09 11:54:00,142.48695806556
2020-04-09 11:55:00,142.301880246
2020-04-09 11:56:00,142.321506738
2020-04-09 11:57:00,142.277347131
2020-04-09 11:58:00,142.292067
2020-04-09 11:59:00,142.14447578016
2020-04-09 12:00:00,142.179214671
2020-04-09 12:01:00,142.409825952
2020-04-09 12:02:00,142.350946476
2020-04-09 12:03:00,142.21424795922
2020-04-09 12:04:00,142.24300077
2020-04-09 12:05:00,142.360759722
2020-04-09 12:06:00,142.331319984
2020-04-09 12:07:00,142.48548607866
2020-04-09 12:08:00,142.400012706
2020-04-09 12:09:00,142.43926569
2020-04-09 12:10:00,142.576651134
2020-04-09 12:11:00,142.400012706
2020-04-09 12:12:00,142.184121294
2020-04-09 12:13:00,142.252814016
2020-04-09 12:14:00,142.331319984
2020-04-09 12:15:00,142.282253754
2020-04-09 12:16:00,142.380386214
2020-04-09 12:17:00,142.468705428
2020-04-09 12:18:00,142.39019946
2020-04-09 12:19:00,142.252814016
2020-04-09 12:20:00,142.380386214
2020-04-09 12:21:00,142.429452444
2020-04-09 12:22:00,142.39019946
2020-04-09 12:23:00,142.449078936
2020-04-09 12:24:00,142.507958412
2020-04-09 12:25:00,142.360759722
2020-04-09 12:26:00,142.282253754
2020-04-09 12:27:00,142.213561032
2020-04-09 12:28:00,142.360759722
2020-04-09 12:29:00,142.262627262
2020-04-09 12:30:00,142.292067
2020-04-09 12:31:00,142.292067
2020-04-09 12:32:00,142.292067
2020-04-09 12:33:00,142.13387747448
2020-04-09 12:34:00,142.017296112
2020-04-09 12:35:00,142.041829227
2020-04-09 12:36:00,141.982949751
2020-04-09 12:37:00,142.09580208
2020-04-09 12:38:00,142.105615326
2020-04-09 12:39:00,142.125241818
2020-04-09 12:40:00,142.213561032
2020-04-09 12:41:00,142.203747786
2020-04-09 12:42:00,142.164494802
2020-04-09 12:43:00,142.19393454
2020-04-09 12:44:00,142.223374278
2020-04-09 12:45:00,142.164494802
2020-04-09 12:46:00,142.04673585
2020-04-09 12:47:00,142.154681556
2020-04-09 12:48:00,142.39019946
2020-04-09 12:49:00,142.233187524
2020-04-09 12:50:00,142.27548261426
2020-04-09 12:51:00,142.370572968
2020-04-09 12:52:00,142.380386214
2020-04-09 12:53:00,142.203747786
2020-04-09 12:54:00,142.331319984
2020-04-09 12:55:00,142.282253754
2020-04-09 12:56:00,142.321506738
2020-04-09 12:57:00,142.812169038
2020-04-09 12:58:00,142.64838596226
2020-04-09 12:59:00,142.73366307
2020-04-09 13:00:00,142.58646438
2020-04-09 13:01:00,142.463798805
2020-04-09 13:02:00,142.429452444
2020-04-09 13:03:00,142.449078936
2020-04-09 13:04:00,142.566837888
2020-04-09 13:05:00,142.370572968
2020-04-09 13:06:00,142.429452444
2020-04-09 13:07:00,142.566837888
2020-04-09 13:08:00,142.370572968
2020-04-09 13:09:00,142.43926569
2020-04-09 13:10:00,142.429452444
2020-04-09 13:11:00,142.3916714469
2020-04-09 13:12:00,142.282253754
2020-04-09 13:13:00,142.370572968
2020-04-09 13:14:00,142.404919329
2020-04-09 13:15:00,142.458892182
2020-04-09 13:16:00,142.498145166
2020-04-09 13:17:00,142.429452444
2020-04-09 13:18:00,142.385292837
2020-04-09 13:19:00,142.35703068852
2020-04-09 13:20:00,142.355853099
2020-04-09 13:21:00,142.34113323
2020-04-09 13:22:00,142.184121294
2020-04-09 13:23:00,142.1919718908
2020-04-09 13:24:00,142.370572968
2020-04-09 13:25:00,142.527584904
2020-04-09 13:26:00,142.400012706
2020-04-09 13:27:00,142.73366307
2020-04-09 13:28:00,142.871048514
2020-04-09 13:29:00,142.738569693
2020-04-09 13:30:00,142.959367728
2020-04-09 13:31:00,143.037873696
2020-04-09 13:32:00,142.974087597
2020-04-09 13:33:00,142.861235268
2020-04-09 13:34:00,142.871048514
2020-04-09 13:35:00,142.97899422
2020-04-09 13:36:00,142.841608776
2020-04-09 13:37:00,142.910301498
2020-04-09 13:38:00,142.890675006
2020-04-09 13:39:00,142.959367728
2020-04-09 13:40:00,142.866141891
2020-04-09 13:41:00,142.802355792
2020-04-09 13:42:00,143.067313434
2020-04-09 13:43:00,143.037873696
2020-04-09 13:44:00,142.812169038
2020-04-09 13:45:00,142.73366307
2020-04-09 13:46:00,142.69117171482
2020-04-09 13:47:00,142.53739815
2020-04-09 13:48:00,142.498145166
2020-04-09 13:49:00,142.370572968
2020-04-09 13:50:00,142.547211396
2020-04-09 13:51:00,142.43926569
2020-04-09 13:52:00,142.596277626
2020-04-09 13:53:00,142.615904118
2020-04-09 13:54:00,142.723849824
2020-04-09 13:55:00,142.610997495
2020-04-09 13:56:00,142.5084490743
2020-04-09 13:57:00,142.601184249
2020-04-09 13:58:00,142.73366307
2020-04-09 13:59:00,142.714036578
2020-04-09 14:00:00,142.615904118
2020-04-09 14:01:00,142.650250479
2020-04-09 14:02:00,142.615904118
2020-04-09 14:03:00,142.48833192
2020-04-09 14:04:00,142.498145166
2020-04-09 14:05:00,142.53739815
2020-04-09 14:06:00,142.380386214
2020-04-09 14:07:00,142.48833192
2020-04-09 14:08:00,142.39019946
2020-04-09 14:09:00,142.292067
2020-04-09 14:10:00,142.203747786
2020-04-09 14:11:00,142.53739815
2020-04-09 14:12:00,142.449078936
2020-04-09 14:13:00,142.625717364
2020-04-09 14:14:00,142.58646438
2020-04-09 14:15:00,142.58646438
2020-04-09 14:16:00,142.723849824
2020-04-09 14:17:00,142.620810741
2020-04-09 14:18:00,142.63553061
2020-04-09 14:19:00,142.552118019
2020-04-09 14:20:00,142.58646438
2020-04-09 14:21:00,142.53739815
2020-04-09 14:22:00,142.50913600152
2020-04-09 14:23:00,142.63553061
2020-04-09 14:24:00,142.694410086
2020-04-09 14:25:00,142.655157102
2020-04-09 14:26:00,142.709129955
2020-04-09 14:27:00,142.596277626
2020-04-09 14:28:00,142.714036578
2020-04-09 14:29:00,142.920114744
2020-04-09 14:30:00,142.763102808
2020-04-09 14:31:00,142.812169038
2020-04-09 14:32:00,142.890675006
2020-04-09 14:33:00,143.185072386
2020-04-09 14:34:00,143.096753172
2020-04-09 14:35:00,143.052593565
2020-04-09 14:36:00,143.072220057
2020-04-09 14:37:00,143.037873696
2020-04-09 14:38:00,143.091846549
2020-04-09 14:39:00,143.12619291
2020-04-09 14:40:00,143.111473041
2020-04-09 14:41:00,143.121286287
2020-04-09 14:42:00,142.91825022726
2020-04-09 14:43:00,142.8160943364
2020-04-09 14:44:00,142.949554482
2020-04-09 14:45:00,142.821982284
2020-04-09 14:46:00,142.714036578
2020-04-09 14:47:00,142.68459684
2020-04-09 14:48:00,142.517771658
2020-04-09 14:49:00,142.527584904
2020-04-09 14:50:00,142.429452444
2020-04-09 14:51:00,142.311693492
2020-04-09 14:52:00,142.380386214
2020-04-09 14:53:00,142.331319984
2020-04-09 14:54:00,142.19393454
2020-04-09 14:55:00,142.076175588
2020-04-09 14:56:00,141.928976898
2020-04-09 14:57:00,141.879910668
2020-04-09 14:58:00,141.835751061
2020-04-09 14:59:00,141.978043128
2020-04-09 15:00:00,142.25006630712
2020-04-09 15:01:00,142.262627262
2020-04-09 15:02:00,142.287160377
2020-04-09 15:03:00,142.203747786
2020-04-09 15:04:00,142.321506738
2020-04-09 15:05:00,142.24300077
2020-04-09 15:06:00,142.139961687
2020-04-09 15:07:00,142.39019946
2020-04-09 15:08:00,142.184121294
2020-04-09 15:09:00,142.39019946
2020-04-09 15:10:00,142.2714591834
2020-04-09 15:11:00,142.429452444
2020-04-09 15:12:00,142.292067
2020-04-09 15:13:00,142.277347131
2020-04-09 15:14:00,142.370572968
2020-04-09 15:15:00,142.43926569
2020-04-09 15:16:00,142.208654409
2020-04-09 15:17:00,142.360759722
2020-04-09 15:18:00,142.370572968
2020-04-09 15:19:00,142.272440508
2020-04-09 15:20:00,142.27361809752
2020-04-09 15:21:00,142.1610601659
2020-04-09 15:22:00,142.125241818
2020-04-09 15:23:00,142.272440508
2020-04-09 15:24:00,142.380386214
2020-04-09 15:25:00,142.39019946
2020-04-09 15:26:00,142.596277626
2020-04-09 15:27:00,142.787635923
2020-04-09 15:28:00,142.527584904
2020-04-09 15:29:00,142.547211396
2020-04-09 15:30:00,142.900488252
2020-04-09 15:31:00,143.106566418
2020-04-09 15:32:00,143.332271076
2020-04-09 15:33:00,143.268484977
2020-04-09 15:34:00,143.302831338
2020-04-09 15:35:00,143.410777044
2020-04-09 15:36:00,143.337177699
2020-04-09 15:37:00,143.278298223
2020-04-09 15:38:00,143.116379664
2020-04-09 15:39:00,143.057500188
2020-04-09 15:40:00,143.253765108
2020-04-09 15:41:00,143.22432537
2020-04-09 15:42:00,143.3258924661
2020-04-09 15:43:00,143.288111469
2020-04-09 15:44:00,143.086939926
2020-04-09 15:45:00,143.057500188
2020-04-09 15:46:00,143.263578354
2020-04-09 15:47:00,143.234138616
2020-04-09 15:48:00,143.302831338
2020-04-09 15:49:00,142.851422022
2020-04-09 15:50:00,142.910301498
2020-04-09 15:51:00,143.1531793365
2020-04-09 15:52:00,143.405870421
2020-04-09 15:53:00,143.02806045
2020-04-09 15:54:00,143.3052846495
2020-04-09 15:55:00,143.499096258
2020-04-09 15:56:00,143.499096258
2020-04-09 15:57:00,143.459843274
2020-04-09 15:58:00,143.204698878
2020-04-09 15:59:00,143.047686942
2020-04-09 16:00:00,143.008433958
2020-04-13 09:31:00,142.4417190015
2020-04-13 09:32:00,142.969180974
2020-04-13 09:33:00,142.959367728
2020-04-13 09:34:00,143.11628153154
2020-04-13 09:35:00,142.664970348
2020-04-13 09:36:00,142.920114744
2020-04-13 09:37:00,143.008433958
2020-04-13 09:38:00,143.430403536
2020-04-13 09:39:00,143.852373114
2020-04-13 09:40:00,143.587415472
2020-04-13 09:41:00,143.46965652
2020-04-13 09:42:00,143.37152406
2020-04-13 09:43:00,143.17525914
2020-04-13 09:44:00,143.008433958
2020-04-13 09:45:00,142.625717364
2020-04-13 09:46:00,142.856328645
2020-04-13 09:47:00,143.008433958
2020-04-13 09:48:00,142.851422022
2020-04-13 09:49:00,142.80225765954
2020-04-13 09:50:00,142.380386214
2020-04-13 09:51:00,142.763102808
2020-04-13 09:52:00,142.48833192
2020-04-13 09:53:00,142.458892182
2020-04-13 09:54:00,142.527584904
2020-04-13 09:55:00,142.419639198
2020-04-13 09:56:00,142.498145166
2020-04-13 09:57:00,142.547211396
2020-04-13 09:58:00,142.6021655736
2020-04-13 09:59:00,142.419639198
2020-04-13 10:00:00,142.311693492
2020-04-13 10:01:00,142.48833192
2020-04-13 10:02:00,142.453985559
2020-04-13 10:03:00,142.576651134
2020-04-13 10:04:00,142.7827293
2020-04-13 10:05:00,142.714036578
2020-04-13 10:06:00,142.812169038
2020-04-13 10:07:00,142.94602171344
2020-04-13 10:08:00,143.096753172
2020-04-13 10:09:00,143.096753172
2020-04-13 10:10:00,143.194885632
2020-04-13 10:11:00,143.165445894
2020-04-13 10:12:00,143.145819402
2020-04-13 10:13:00,143.2733916
2020-04-13 10:14:00,143.067313434
2020-04-13 10:15:00,143.136006156
2020-04-13 10:16:00,142.900488252
2020-04-13 10:17:00,142.89126380076
2020-04-13 10:18:00,142.71393844554
2020-04-13 10:19:00,142.547211396
2020-04-13 10:20:00,142.512865035
2020-04-13 10:21:00,142.449078936
2020-04-13 10:22:00,142.252814016
2020-04-13 10:23:00,142.36674580206
2020-04-13 10:24:00,142.1767613595
2020-04-13 10:25:00,141.99766962
2020-04-13 10:26:00,142.105615326
2020-04-13 10:27:00,142.041829227
2020-04-13 10:28:00,141.968229882
2020-04-13 10:29:00,141.840657684
2020-04-13 10:30:00,141.708178863
2020-04-13 10:31:00,141.516820566
2020-04-13 10:32:00,141.44263242624
2020-04-13 10:33:00,141.3107424
2020-04-13 10:34:00,141.134103972
2020-04-13 10:35:00,141.202796694
2020-04-13 10:36:00,141.031064889
2020-04-13 10:37:00,140.908399314
2020-04-13 10:38:00,140.72194764
2020-04-13 10:39:00,140.84863664586
2020-04-13 10:40:00,140.790640362
2020-04-13 10:41:00,140.682694656
2020-04-13 10:42:00,140.609095311
2020-04-13 10:43:00,140.496242982
2020-04-13 10:44:00,140.363764161
2020-04-13 10:45:00,140.290164816
2020-04-13 10:46:00,140.564935704
2020-04-13 10:47:00,140.510962851
2020-04-13 10:48:00,140.702321148
2020-04-13 10:49:00,140.751387378
2020-04-13 10:50:00,140.8200801
2020-04-13 10:51:00,140.888772822
2020-04-13 10:52:00,140.883866199
2020-04-13 10:53:00,141.11447748
2020-04-13 10:54:00,141.124290726
2020-04-13 10:55:00,141.134103972
2020-04-13 10:56:00,141.173356956
2020-04-13 10:57:00,141.50700732
2020-04-13 10:58:00,141.45794109
2020-04-13 10:59:00,141.438314598
2020-04-13 11:00:00,141.482474205
2020-04-13 11:01:00,141.340182138
2020-04-13 11:02:00,141.413781483
2020-04-13 11:03:00,141.153730464
2020-04-13 11:04:00,141.291115908
2020-04-13 11:05:00,141.242049678
2020-04-13 11:06:00,141.192983448
2020-04-13 11:07:00,141.183170202
2020-04-13 11:08:00,141.379435122
2020-04-13 11:09:00,141.158637087
2020-04-13 11:10:00,141.281302662
2020-04-13 11:11:00,141.664019256
2020-04-13 11:12:00,141.70327224
2020-04-13 11:13:00,141.713085486
2020-04-13 11:14:00,141.428501352
2020-04-13 11:15:00,141.516820566
2020-04-13 11:16:00,141.5442976548
2020-04-13 11:17:00,141.4682449983
2020-04-13 11:18:00,141.340182138
2020-04-13 11:19:00,141.251862924
2020-04-13 11:20:00,141.143917218
2020-04-13 11:21:00,141.124290726
2020-04-13 11:22:00,141.192983448
2020-04-13 11:23:00,141.124290726
2020-04-13 11:24:00,141.173356956
2020-04-13 11:25:00,141.045784758
2020-04-13 11:26:00,141.01634502
2020-04-13 11:27:00,140.87002952214
2020-04-13 11:28:00,140.888772822
2020-04-13 11:29:00,140.8318559952
2020-04-13 11:30:00,140.86914633
2020-04-13 11:31:00,140.977092036
2020-04-13 11:32:00,140.991811905
2020-04-13 11:33:00,141.01634502
2020-04-13 11:34:00,140.95246078854
2020-04-13 11:35:00,141.183170202
2020-04-13 11:36:00,141.202796694
2020-04-13 11:37:00,141.237143055
2020-04-13 11:38:00,141.23684865762
2020-04-13 11:39:00,141.075224496
2020-04-13 11:40:00,141.01634502
2020-04-13 11:41:00,140.96727879
2020-04-13 11:42:00,140.839706592
2020-04-13 11:43:00,140.83892153232
2020-04-13 11:44:00,140.898586068
2020-04-13 11:45:00,140.800453608
2020-04-13 11:46:00,140.95295145084
2020-04-13 11:47:00,140.928025806
2020-04-13 11:48:00,141.06541125
2020-04-13 11:49:00,141.143917218
2020-04-13 11:50:00,141.18336646692
2020-04-13 11:51:00,141.085037742
2020-04-13 11:52:00,141.094850988
2020-04-13 11:53:00,141.134103972
2020-04-13 11:54:00,141.124290726
2020-04-13 11:55:00,141.153730464
2020-04-13 11:56:00,141.085037742
2020-04-13 11:57:00,141.26167617
2020-04-13 11:58:00,141.448127844
2020-04-13 11:59:00,141.33292033596
2020-04-13 12:00:00,141.207703317
2020-04-13 12:01:00,141.242049678
2020-04-13 12:02:00,141.281302662
2020-04-13 12:03:00,141.291115908
2020-04-13 12:04:00,141.5482229532
2020-04-13 12:05:00,141.595326534
2020-04-13 12:06:00,141.580606665
2020-04-13 12:07:00,141.487380828
2020-04-13 12:08:00,141.418688106
2020-04-13 12:09:00,141.3107424
2020-04-13 12:10:00,141.17159057172
2020-04-13 12:11:00,141.026158266
2020-04-13 12:12:00,141.01634502
2020-04-13 12:13:00,141.134103972
2020-04-13 12:14:00,141.21810535776
2020-04-13 12:15:00,141.21260994
2020-04-13 12:16:00,141.06541125
2020-04-13 12:17:00,141.085037742
2020-04-13 12:18:00,141.173356956
2020-04-13 12:19:00,141.11447748
2020-04-13 12:20:00,141.222423186
2020-04-13 12:21:00,141.300929154
2020-04-13 12:22:00,141.202796694
2020-04-13 12:23:00,141.26167617
2020-04-13 12:24:00,141.271489416
2020-04-13 12:25:00,141.320555646
2020-04-13 12:26:00,141.26167617
2020-04-13 12:27:00,141.340182138
2020-04-13 12:28:00,141.379435122
2020-04-13 12:29:00,141.335275515
2020-04-13 12:30:00,141.48227794008
2020-04-13 12:31:00,141.330368892
2020-04-13 12:32:00,141.281302662
2020-04-13 12:33:00,141.26167617
2020-04-13 12:34:00,141.281302662
2020-04-13 12:35:00,141.281302662
2020-04-13 12:36:00,141.305835777
2020-04-13 12:37:00,141.379435122
2020-04-13 12:38:00,141.448127844
2020-04-13 12:39:00,141.595326534
2020-04-13 12:40:00,141.55607355
2020-04-13 12:41:00,141.526633812
2020-04-13 12:42:00,141.526633812
2020-04-13 12:43:00,141.541353681
2020-04-13 12:44:00,141.6257475966
2020-04-13 12:45:00,141.60513978
2020-04-13 12:46:00,141.683645748
2020-04-13 12:47:00,141.742525224
2020-04-13 12:48:00,141.75233847
2020-04-13 12:49:00,141.70327224
2020-04-13 12:50:00,141.713085486
2020-04-13 12:51:00,141.497194074
2020-04-13 12:52:00,141.251862924
2020-04-13 12:53:00,141.232236432
2020-04-13 12:54:00,141.26167617
2020-04-13 12:55:00,141.148823841
2020-04-13 12:56:00,140.981998659
2020-04-13 12:57:00,141.011438397
2020-04-13 12:58:00,141.104664234
2020-04-13 12:59:00,141.183170202
2020-04-13 13:00:00,141.21260994
2020-04-13 13:01:00,141.001625151
2020-04-13 13:02:00,141.075224496
2020-04-13 13:03:00,141.035971512
2020-04-13 13:04:00,141.085037742
2020-04-13 13:05:00,141.21260994
2020-04-13 13:06:00,141.374528499
2020-04-13 13:07:00,141.340182138
2020-04-13 13:08:00,141.35980863
2020-04-13 13:09:00,141.340182138
2020-04-13 13:10:00,141.349995384
2020-04-13 13:11:00,141.143917218
2020-04-13 13:12:00,140.977092036
2020-04-13 13:13:00,140.91821256
2020-04-13 13:14:00,140.844613215
2020-04-13 13:15:00,140.859333084
2020-04-13 13:16:00,140.849519838
2020-04-13 13:17:00,140.810266854
2020-04-13 13:18:00,140.829893346
2020-04-13 13:19:00,140.839706592
2020-04-13 13:20:00,141.026158266
2020-04-13 13:21:00,141.094850988
2020-04-13 13:22:00,141.085037742
2020-04-13 13:23:00,141.01634502
2020-04-13 13:24:00,140.96727879
2020-04-13 13:25:00,141.001625151
2020-04-13 13:26:00,141.035971512
2020-04-13 13:27:00,140.849519838
2020-04-13 13:28:00,140.91821256
2020-04-13 13:29:00,140.908399314
2020-04-13 13:30:00,140.898586068
2020-04-13 13:31:00,140.90388522084
2020-04-13 13:32:00,140.977092036
2020-04-13 13:33:00,141.055598004
2020-04-13 13:34:00,141.099757611
2020-04-13 13:35:00,141.134103972
2020-04-13 13:36:00,141.026158266
2020-04-13 13:37:00,141.104664234
2020-04-13 13:38:00,141.227329809
2020-04-13 13:39:00,141.300929154
2020-04-13 13:40:00,141.3107424
2020-04-13 13:41:00,141.26167617
2020-04-13 13:42:00,141.291115908
2020-04-13 13:43:00,141.36412645824
2020-04-13 13:44:00,141.448127844
2020-04-13 13:45:00,141.3087797508
2020-04-13 13:46:00,141.433407975
2020-04-13 13:47:00,141.3107424
2020-04-13 13:48:00,141.21260994
2020-04-13 13:49:00,141.300929154
2020-04-13 13:50:00,141.202796694
2020-04-13 13:51:00,141.369621876
2020-04-13 13:52:00,141.340182138
2020-04-13 13:53:00,141.26167617
2020-04-13 13:54:00,141.3107424
2020-04-13 13:55:00,141.369621876
2020-04-13 13:56:00,141.438314598
2020-04-13 13:57:00,141.320555646
2020-04-13 13:58:00,141.21260994
2020-04-13 13:59:00,141.11447748
2020-04-13 14:00:00,141.075224496
2020-04-13 14:01:00,141.124290726
2020-04-13 14:02:00,140.977092036
2020-04-13 14:03:00,140.947652298
2020-04-13 14:04:00,141.01634502
2020-04-13 14:05:00,141.094850988
2020-04-13 14:06:00,140.986905282
2020-04-13 14:07:00,141.006531774
2020-04-13 14:08:00,140.72194764
2020-04-13 14:09:00,140.62381518
2020-04-13 14:10:00,140.564935704
2020-04-13 14:11:00,140.417737014
2020-04-13 14:12:00,140.398110522
2020-04-13 14:13:00,140.339231046
2020-04-13 14:14:00,140.270538324
2020-04-13 14:15:00,140.28035157
2020-04-13 14:16:00,140.3505162789
2020-04-13 14:17:00,140.358857538
2020-04-13 14:18:00,140.403017145
2020-04-13 14:19:00,140.486429736
2020-04-13 14:20:00,140.52568272
2020-04-13 14:21:00,140.53284638958
2020-04-13 14:22:00,140.540402589
2020-04-13 14:23:00,140.52568272
2020-04-13 14:24:00,140.368670784
2020-04-13 14:25:00,140.456989998
2020-04-13 14:26:00,140.466803244
2020-04-13 14:27:00,140.314697931
2020-04-13 14:28:00,140.452083375
2020-04-13 14:29:00,140.42755026
2020-04-13 14:30:00,140.447176752
2020-04-13 14:31:00,140.633628426
2020-04-13 14:32:00,140.77101387
2020-04-13 14:33:00,140.731760886
2020-04-13 14:34:00,140.800453608
2020-04-13 14:35:00,140.898586068
2020-04-13 14:36:00,140.977092036
2020-04-13 14:37:00,140.972185413
2020-04-13 14:38:00,141.085037742
2020-04-13 14:39:00,141.055598004
2020-04-13 14:40:00,141.075224496
2020-04-13 14:41:00,141.109570857
2020-04-13 14:42:00,141.006531774
2020-04-13 14:43:00,141.01055520486
2020-04-13 14:44:00,140.996718528
2020-04-13 14:45:00,141.05736438828
2020-04-13 14:46:00,141.12242620926
2020-04-13 14:47:00,141.01634502
2020-04-13 14:48:00,141.29327482212
2020-04-13 14:49:00,141.438314598
2020-04-13 14:50:00,141.403968237
2020-04-13 14:51:00,141.536447058
2020-04-13 14:52:00,141.649299387
2020-04-13 14:53:00,141.693458994
2020-04-13 14:54:00,141.659112633
2020-04-13 14:55:00,141.644392764
2020-04-13 14:56:00,141.742525224
2020-04-13 14:57:00,141.732711978
2020-04-13 14:58:00,141.65420601
2020-04-13 14:59:00,141.634579518
2020-04-13 15:00:00,141.664019256
2020-04-13 15:01:00,141.546260304
2020-04-13 15:02:00,141.467754336
2020-04-13 15:03:00,141.502100697
2020-04-13 15:04:00,141.325462269
2020-04-13 15:05:00,141.21260994
2020-04-13 15:06:00,141.26167617
2020-04-13 15:07:00,141.271489416
2020-04-13 15:08:00,141.26167617
2020-04-13 15:09:00,141.173356956
2020-04-13 15:10:00,141.124290726
2020-04-13 15:11:00,141.271489416
2020-04-13 15:12:00,141.202796694
2020-04-13 15:13:00,141.271489416
2020-04-13 15:14:00,141.281302662
2020-04-13 15:15:00,141.271489416
2020-04-13 15:16:00,141.173356956
2020-04-13 15:17:00,141.35980863
2020-04-13 15:18:00,141.428501352
2020-04-13 15:19:00,141.477567582
2020-04-13 15:20:00,141.683645748
2020-04-13 15:21:00,141.65420601
2020-04-13 15:22:00,141.742525224
2020-04-13 15:23:00,141.595326534
2020-04-13 15:24:00,141.497194074
2020-04-13 15:25:00,141.595326534
2020-04-13 15:26:00,141.428501352
2020-04-13 15:27:00,141.389248368
2020-04-13 15:28:00,141.389248368
2020-04-13 15:29:00,141.35980863
2020-04-13 15:30:00,141.438314598
2020-04-13 15:31:00,141.3917016795
2020-04-13 15:32:00,141.453034467
2020-04-13 15:33:00,141.708178863
2020-04-13 15:34:00,141.742525224
2020-04-13 15:35:00,141.737618601
2020-04-13 15:36:00,141.732711978
2020-04-13 15:37:00,141.629672895
2020-04-13 15:38:00,141.644392764
2020-04-13 15:39:00,141.811217946
2020-04-13 15:40:00,141.94860339
2020-04-13 15:41:00,141.89953716
2020-04-13 15:42:00,141.94860339
2020-04-13 15:43:00,141.919163652
2020-04-13 15:44:00,141.99766962
2020-04-13 15:45:00,142.135055064
2020-04-13 15:46:00,141.938790144
2020-04-13 15:47:00,141.98815077138
2020-04-13 15:48:00,142.184121294
2020-04-13 15:49:00,142.409825952
2020-04-13 15:50:00,142.400012706
2020-04-13 15:51:00,141.394154991
2020-04-13 15:52:00,141.40887486
2020-04-13 15:53:00,141.349995384
2020-04-13 15:54:00,141.502100697
2020-04-13 15:55:00,141.732711978
2020-04-13 15:56:00,141.614953026
2020-04-13 15:57:00,141.50700732
2020-04-13 15:58:00,141.70327224
2020-04-13 15:59:00,141.870097422
2020-04-13 16:00:00,141.722898732
2020-04-14 09:31:00,143.430403536
2020-04-14 09:32:00,142.920114744
2020-04-14 09:33:00,143.02806045
2020-04-14 09:34:00,142.851422022
2020-04-14 09:35:00,142.738569693
2020-04-14 09:36:00,142.561931265
2020-04-14 09:37:00,142.429452444
2020-04-14 09:38:00,142.43926569
2020-04-14 09:39:00,142.076175588
2020-04-14 09:40:00,141.62368681494
2020-04-14 09:41:00,141.840657684
2020-04-14 09:42:00,142.208654409
2020-04-14 09:43:00,142.69431195354
2020-04-14 09:44:00,142.370572968
2020-04-14 09:45:00,142.24300077
2020-04-14 09:46:00,142.24300077
2020-04-14 09:47:00,142.19393454
2020-04-14 09:48:00,142.08039528378
2020-04-14 09:49:00,142.056549096
2020-04-14 09:50:00,142.34819876712
2020-04-14 09:51:00,142.203747786
2020-04-14 09:52:00,142.321506738
2020-04-14 09:53:00,142.233187524
2020-04-14 09:54:00,142.660063725
2020-04-14 09:55:00,142.758196185
2020-04-14 09:56:00,142.58479612818
2020-04-14 09:57:00,143.008433958
2020-04-14 09:58:00,143.067313434
2020-04-14 09:59:00,143.116379664
2020-04-14 10:00:00,143.052593565
2020-04-14 10:01:00,143.410777044
2020-04-14 10:02:00,143.557975734
2020-04-14 10:03:00,143.5393305666
2020-04-14 10:04:00,143.607041964
2020-04-14 10:05:00,143.636481702
2020-04-14 10:06:00,143.51872275
2020-04-14 10:07:00,143.675734686
2020-04-14 10:08:00,143.61685521
2020-04-14 10:09:00,143.695361178
2020-04-14 10:10:00,143.940692328
2020-04-14 10:11:00,144.038824788
2020-04-14 10:12:00,144.176210232
2020-04-14 10:13:00,144.225276462
2020-04-14 10:14:00,144.225276462
2020-04-14 10:15:00,144.30378243
2020-04-14 10:16:00,144.539300334
2020-04-14 10:17:00,144.833697714
2020-04-14 10:18:00,144.769911615
2020-04-14 10:19:00,144.887670567
2020-04-14 10:20:00,145.049589126
2020-04-14 10:21:00,145.000522896
2020-04-14 10:22:00,145.010336142
2020-04-14 10:23:00,144.936736797
2020-04-14 10:24:00,144.872950698
2020-04-14 10:25:00,144.980896404
2020-04-14 10:26:00,144.833697714
2020-04-14 10:27:00,144.931830174
2020-04-14 10:28:00,144.995616273
2020-04-14 10:29:00,145.108468602
2020-04-14 10:30:00,145.142814963
2020-04-14 10:31:00,145.128095094
2020-04-14 10:32:00,145.373426244
2020-04-14 10:33:00,145.451932212
2020-04-14 10:34:00,145.451932212
2020-04-14 10:35:00,145.736516346
2020-04-14 10:36:00,145.932781266
2020-04-14 10:37:00,145.893528282
2020-04-14 10:38:00,145.913154774
2020-04-14 10:39:00,145.878808413
2020-04-14 10:40:00,145.8469153635
2020-04-14 10:41:00,145.746329592
2020-04-14 10:42:00,145.805209068
2020-04-14 10:43:00,145.761049461
2020-04-14 10:44:00,145.864088544
2020-04-14 10:45:00,145.878808413
2020-04-14 10:46:00,145.932781266
2020-04-14 10:47:00,145.844462052
2020-04-14 10:48:00,145.795395822
2020-04-14 10:49:00,145.569691164
2020-04-14 10:50:00,145.589317656
2020-04-14 10:51:00,145.658010378
2020-04-14 10:52:00,145.589317656
2020-04-14 10:53:00,145.584411033
2020-04-14 10:54:00,145.667823624
2020-04-14 10:55:00,145.496091819
2020-04-14 10:56:00,145.491185196
2020-04-14 10:57:00,145.868995167
2020-04-14 10:58:00,146.089793202
2020-04-14 10:59:00,146.07016671
2020-04-14 11:00:00,146.011287234
2020-04-14 11:01:00,146.1295368483
2020-04-14 11:02:00,146.305684614
2020-04-14 11:03:00,146.443070058
2020-04-14 11:04:00,146.256618384
2020-04-14 11:05:00,146.089793202
2020-04-14 11:06:00,146.13571919328
2020-04-14 11:07:00,146.089793202
2020-04-14 11:08:00,146.16829917
2020-04-14 11:09:00,145.991660742
2020-04-14 11:10:00,145.77832077396
2020-04-14 11:11:00,145.981847496
2020-04-14 11:12:00,145.942594512
2020-04-14 11:13:00,145.66703856432
2020-04-14 11:14:00,145.859181921
2020-04-14 11:15:00,145.962221004
2020-04-14 11:16:00,145.893528282
2020-04-14 11:17:00,145.986754119
2020-04-14 11:18:00,146.16829917
2020-04-14 11:19:00,146.2173654
2020-04-14 11:20:00,145.991660742
2020-04-14 11:21:00,146.050540218
2020-04-14 11:22:00,146.187925662
2020-04-14 11:23:00,146.31549786
2020-04-14 11:24:00,146.36456409
2020-04-14 11:25:00,146.305684614
2020-04-14 11:26:00,146.354750844
2020-04-14 11:27:00,146.344937598
2020-04-14 11:28:00,146.207552154
2020-04-14 11:29:00,146.197738908
2020-04-14 11:30:00,146.158485924
2020-04-14 11:31:00,146.158485924
2020-04-14 11:32:00,146.295871368
2020-04-14 11:33:00,146.26643163
2020-04-14 11:34:00,146.330217729
2020-04-14 11:35:00,146.374377336
2020-04-14 11:36:00,146.35936306962
2020-04-14 11:37:00,146.305684614
2020-04-14 11:38:00,146.158485924
2020-04-14 11:39:00,146.26643163
2020-04-14 11:40:00,146.2497491118
2020-04-14 11:41:00,146.472509796
2020-04-14 11:42:00,146.482323042
2020-04-14 11:43:00,146.403817074
2020-04-14 11:44:00,146.452883304
2020-04-14 11:45:00,146.555922387
2020-04-14 11:46:00,146.60989524
2020-04-14 11:47:00,146.46269655
2020-04-14 11:48:00,146.521576026
2020-04-14 11:49:00,146.497042911
2020-04-14 11:50:00,146.570642256
2020-04-14 11:51:00,146.590268748
2020-04-14 11:52:00,146.551015764
2020-04-14 11:53:00,146.71528950204
2020-04-14 11:54:00,146.845413144
2020-04-14 11:55:00,146.963172096
2020-04-14 11:56:00,146.914105866
2020-04-14 11:57:00,146.90429262
2020-04-14 11:58:00,147.061304556
2020-04-14 11:59:00,147.110370786
2020-04-14 12:00:00,147.0917256186
2020-04-14 12:01:00,147.463647642
2020-04-14 12:02:00,147.67109966244
2020-04-14 12:03:00,147.6682538211
2020-04-14 12:04:00,147.905243712
2020-04-14 12:05:00,147.78748476
2020-04-14 12:06:00,147.650099316
2020-04-14 12:07:00,147.473460888
2020-04-14 12:08:00,147.44402115
2020-04-14 12:09:00,147.375328428
2020-04-14 12:10:00,147.375328428
2020-04-14 12:11:00,147.287009214
2020-04-14 12:12:00,147.27111175548
2020-04-14 12:13:00,147.19869
2020-04-14 12:14:00,147.10055754
2020-04-14 12:15:00,146.825786652
2020-04-14 12:16:00,146.992611834
2020-04-14 12:17:00,147.208503246
2020-04-14 12:18:00,147.336075444
2020-04-14 12:19:00,147.316448952
2020-04-14 12:20:00,147.375328428
2020-04-14 12:21:00,147.419488035
2020-04-14 12:22:00,147.44402115
2020-04-14 12:23:00,147.49308738
2020-04-14 12:24:00,147.610846332
2020-04-14 12:25:00,147.601033086
2020-04-14 12:26:00,147.620659578
2020-04-14 12:27:00,147.64028607
2020-04-14 12:28:00,147.59121984
2020-04-14 12:29:00,147.34588869
2020-04-14 12:30:00,147.355701936
2020-04-14 12:31:00,147.522527118
2020-04-14 12:32:00,147.512713872
2020-04-14 12:33:00,147.527433741
2020-04-14 12:34:00,147.59121984
2020-04-14 12:35:00,147.60122935092
2020-04-14 12:36:00,147.561780102
2020-04-14 12:37:00,147.60996313986
2020-04-14 12:38:00,147.669725808
2020-04-14 12:39:00,147.758045022
2020-04-14 12:40:00,147.5926918269
2020-04-14 12:41:00,147.73841853
2020-04-14 12:42:00,147.59121984
2020-04-14 12:43:00,147.728605284
2020-04-14 12:44:00,147.80397101328
2020-04-14 12:45:00,147.718792038
2020-04-14 12:46:00,147.767858268
2020-04-14 12:47:00,147.708978792
2020-04-14 12:48:00,147.679539054
2020-04-14 12:49:00,147.610846332
2020-04-14 12:50:00,147.522527118
2020-04-14 12:51:00,147.66442665516
2020-04-14 12:52:00,147.669725808
2020-04-14 12:53:00,147.73841853
2020-04-14 12:54:00,147.924870204
2020-04-14 12:55:00,147.954309942
2020-04-14 12:56:00,148.08188214
2020-04-14 12:57:00,148.337026536
2020-04-14 12:58:00,148.297773552
2020-04-14 12:59:00,148.3669569363
2020-04-14 13:00:00,148.189827846
2020-04-14 13:01:00,148.091695386
2020-04-14 13:02:00,147.944496696
2020-04-14 13:03:00,147.924870204
2020-04-14 13:04:00,147.895430466
2020-04-14 13:05:00,147.905243712
2020-04-14 13:06:00,147.856177482
2020-04-14 13:07:00,147.954309942
2020-04-14 13:08:00,147.993562926
2020-04-14 13:09:00,148.08188214
2020-04-14 13:10:00,148.317400044
2020-04-14 13:11:00,148.44811248072
2020-04-14 13:12:00,148.430252373
2020-04-14 13:13:00,148.435158996
2020-04-14 13:14:00,148.283053683
2020-04-14 13:15:00,148.101508632
2020-04-14 13:16:00,148.09503188964
2020-04-14 13:17:00,148.047535779
2020-04-14 13:18:00,147.924870204
2020-04-14 13:19:00,148.042629156
2020-04-14 13:20:00,147.99905834376
2020-04-14 13:21:00,148.08188214
2020-04-14 13:22:00,148.072068894
2020-04-14 13:23:00,148.111321878
2020-04-14 13:24:00,148.052442402
2020-04-14 13:25:00,147.993562926
2020-04-14 13:26:00,147.816924498
2020-04-14 13:27:00,147.880710597
2020-04-14 13:28:00,147.826737744
2020-04-14 13:29:00,147.753138399
2020-04-14 13:30:00,147.767858268
2020-04-14 13:31:00,147.895430466
2020-04-14 13:32:00,147.973936434
2020-04-14 13:33:00,147.8179058226
2020-04-14 13:34:00,147.78748476
2020-04-14 13:35:00,147.826737744
2020-04-14 13:36:00,147.861084105
2020-04-14 13:37:00,147.669725808
2020-04-14 13:38:00,147.483274134
2020-04-14 13:39:00,147.47365715292
2020-04-14 13:40:00,147.517620495
2020-04-14 13:41:00,147.610846332
2020-04-14 13:42:00,147.54215361
2020-04-14 13:43:00,147.512713872
2020-04-14 13:44:00,147.630472824
2020-04-14 13:45:00,147.488180757
2020-04-14 13:46:00,147.586313217
2020-04-14 13:47:00,147.699165546
2020-04-14 13:48:00,147.767858268
2020-04-14 13:49:00,147.728605284
2020-04-14 13:50:00,147.718792038
2020-04-14 13:51:00,147.718792038
2020-04-14 13:52:00,147.998469549
2020-04-14 13:53:00,148.346839782
2020-04-14 13:54:00,148.13094837
2020-04-14 13:55:00,148.086788763
2020-04-14 13:56:00,148.121135124
2020-04-14 13:57:00,148.13094837
2020-04-14 13:58:00,148.111321878
2020-04-14 13:59:00,148.22908083
2020-04-14 14:00:00,148.199641092
2020-04-14 14:01:00,148.140761616
2020-04-14 14:02:00,148.042629156
2020-04-14 14:03:00,148.10160676446
2020-04-14 14:04:00,148.1800146
2020-04-14 14:05:00,148.22908083
2020-04-14 14:06:00,148.150574862
2020-04-14 14:07:00,148.101508632
2020-04-14 14:08:00,148.13094837
2020-04-14 14:09:00,148.22996402214
2020-04-14 14:10:00,148.111321878
2020-04-14 14:11:00,148.184921223
2020-04-14 14:12:00,148.22908083
2020-04-14 14:13:00,148.25842243554
2020-04-14 14:14:00,148.13094837
2020-04-14 14:15:00,148.052442402
2020-04-14 14:16:00,148.13094837
2020-04-14 14:17:00,148.258520568
2020-04-14 14:18:00,148.366466274
2020-04-14 14:19:00,148.47441198
2020-04-14 14:20:00,148.62161067
2020-04-14 14:21:00,148.62161067
2020-04-14 14:22:00,148.611797424
2020-04-14 14:23:00,148.641237162
2020-04-14 14:24:00,148.636330539
2020-04-14 14:25:00,148.690303392
2020-04-14 14:26:00,148.601984178
2020-04-14 14:27:00,148.533291456
2020-04-14 14:28:00,148.562731194
2020-04-14 14:29:00,148.47441198
2020-04-14 14:30:00,148.50964153314
2020-04-14 14:31:00,148.582357686
2020-04-14 14:32:00,148.52347821
2020-04-14 14:33:00,148.48785612702
2020-04-14 14:34:00,148.577451063
2020-04-14 14:35:00,148.503851718
2020-04-14 14:36:00,148.690303392
2020-04-14 14:37:00,148.601984178
2020-04-14 14:38:00,148.641237162
2020-04-14 14:39:00,148.494038472
2020-04-14 14:40:00,148.52347821
2020-04-14 14:41:00,148.494038472
2020-04-14 14:42:00,148.32750768738
2020-04-14 14:43:00,148.170201354
2020-04-14 14:44:00,148.140761616
2020-04-14 14:45:00,148.08188214
2020-04-14 14:46:00,148.023002664
2020-04-14 14:47:00,147.797298006
2020-04-14 14:48:00,147.875803974
2020-04-14 14:49:00,147.704072169
2020-04-14 14:50:00,147.669725808
2020-04-14 14:51:00,147.77845657368
2020-04-14 14:52:00,147.8375323146
2020-04-14 14:53:00,147.807111252
2020-04-14 14:54:00,147.826737744
2020-04-14 14:55:00,147.748231776
2020-04-14 14:56:00,147.718792038
2020-04-14 14:57:00,147.669725808
2020-04-14 14:58:00,147.748231776
2020-04-14 14:59:00,147.748231776
2020-04-14 15:00:00,147.88561722
2020-04-14 15:01:00,147.78748476
2020-04-14 15:02:00,147.728605284
2020-04-14 15:03:00,147.601033086
2020-04-14 15:04:00,147.728605284
2020-04-14 15:05:00,147.630472824
2020-04-14 15:06:00,147.551966856
2020-04-14 15:07:00,147.473460888
2020-04-14 15:08:00,147.414581412
2020-04-14 15:09:00,147.483274134
2020-04-14 15:10:00,147.561780102
2020-04-14 15:11:00,147.453834396
2020-04-14 15:12:00,147.434207904
2020-04-14 15:13:00,147.448927773
2020-04-14 15:14:00,147.502900626
2020-04-14 15:15:00,147.625566201
2020-04-14 15:16:00,147.620659578
2020-04-14 15:17:00,147.483274134
2020-04-14 15:18:00,147.75892821414
2020-04-14 15:19:00,147.826737744
2020-04-14 15:20:00,147.88561722
2020-04-14 15:21:00,147.728605284
2020-04-14 15:22:00,147.743325153
2020-04-14 15:23:00,147.762951645
2020-04-14 15:24:00,147.630472824
2020-04-14 15:25:00,147.73841853
2020-04-14 15:26:00,147.83655099
2020-04-14 15:27:00,147.973936434
2020-04-14 15:28:00,147.954309942
2020-04-14 15:29:00,147.728605284
2020-04-14 15:30:00,147.856177482
2020-04-14 15:31:00,147.846364236
2020-04-14 15:32:00,148.003376172
2020-04-14 15:33:00,147.905243712
2020-04-14 15:34:00,147.856177482
2020-04-14 15:35:00,147.748231776
2020-04-14 15:36:00,147.708978792
2020-04-14 15:37:00,147.816924498
2020-04-14 15:38:00,147.73841853
2020-04-14 15:39:00,147.767858268
2020-04-14 15:40:00,147.704072169
2020-04-14 15:41:00,147.748231776
2020-04-14 15:42:00,147.73841853
2020-04-14 15:43:00,147.758045022
2020-04-14 15:44:00,147.733511907
2020-04-14 15:45:00,147.659912562
2020-04-14 15:46:00,147.699165546
2020-04-14 15:47:00,147.73841853
2020-04-14 15:48:00,147.875803974
2020-04-14 15:49:00,147.807111252
2020-04-14 15:50:00,147.98374968
2020-04-14 15:51:00,148.111321878
2020-04-14 15:52:00,148.023002664
2020-04-14 15:53:00,147.944496696
2020-04-14 15:54:00,148.111321878
2020-04-14 15:55:00,148.209454338
2020-04-14 15:56:00,148.27814706
2020-04-14 15:57:00,148.170201354
2020-04-14 15:58:00,148.184921223
2020-04-14 15:59:00,147.865990728
2020-04-14 16:00:00,148.287960306
2020-04-15 09:31:00,146.35013861838
2020-04-15 09:32:00,147.129997278
2020-04-15 09:33:00,147.159437016
2020-04-15 09:34:00,147.615752955
2020-04-15 09:35:00,147.208503246
2020-04-15 09:36:00,147.522527118
2020-04-15 09:37:00,147.424394658
2020-04-15 09:38:00,147.826737744
2020-04-15 09:39:00,147.93468345
2020-04-15 09:40:00,147.718792038
2020-04-15 09:41:00,147.728605284
2020-04-15 09:42:00,147.875803974
2020-04-15 09:43:00,147.856177482
2020-04-15 09:44:00,147.88561722
2020-04-15 09:45:00,147.758045022
2020-04-15 09:46:00,147.414581412
2020-04-15 09:47:00,147.2109565575
2020-04-15 09:48:00,147.203596623
2020-04-15 09:49:00,147.267382722
2020-04-15 09:50:00,147.27268187484
2020-04-15 09:51:00,147.39495492
2020-04-15 09:52:00,147.473460888
2020-04-15 09:53:00,147.218316492
2020-04-15 09:54:00,147.277195968
2020-04-15 09:55:00,147.2909345124
2020-04-15 09:56:00,147.355701936
2020-04-15 09:57:00,147.473460888
2020-04-15 09:58:00,147.659912562
2020-04-15 09:59:00,148.052442402
2020-04-15 10:00:00,147.924870204
2020-04-15 10:01:00,147.57169148046
2020-04-15 10:02:00,147.610846332
2020-04-15 10:03:00,147.385141674
2020-04-15 10:04:00,147.267382722
2020-04-15 10:05:00,147.061304556
2020-04-15 10:06:00,147.208503246
2020-04-15 10:07:00,147.29682246
2020-04-15 10:08:00,147.228129738
2020-04-15 10:09:00,147.208503246
2020-04-15 10:10:00,147.390048297
2020-04-15 10:11:00,147.522527118
2020-04-15 10:12:00,147.463647642
2020-04-15 10:13:00,147.365515182
2020-04-15 10:14:00,147.188876754
2020-04-15 10:15:00,147.120184032
2020-04-15 10:16:00,146.982798588
2020-04-15 10:17:00,146.75964537396
2020-04-15 10:18:00,146.394003828
2020-04-15 10:19:00,146.325311106
2020-04-15 10:20:00,146.46485546412
2020-04-15 10:21:00,146.452883304
2020-04-15 10:22:00,146.551015764
2020-04-15 10:23:00,146.624615109
2020-04-15 10:24:00,146.79350107266
2020-04-15 10:25:00,146.825786652
2020-04-15 10:26:00,146.869946259
2020-04-15 10:27:00,146.85522639
2020-04-15 10:28:00,146.752187307
2020-04-15 10:29:00,146.77858493874
2020-04-15 10:30:00,146.825786652
2020-04-15 10:31:00,146.899385997
2020-04-15 10:32:00,147.18122242212
2020-04-15 10:33:00,147.316448952
2020-04-15 10:34:00,147.365515182
2020-04-15 10:35:00,147.306635706
2020-04-15 10:36:00,147.336075444
2020-04-15 10:37:00,147.340982067
2020-04-15 10:38:00,147.257569476
2020-04-15 10:39:00,147.061304556
2020-04-15 10:40:00,146.948452227
2020-04-15 10:41:00,146.94344747154
2020-04-15 10:42:00,146.8925167248
2020-04-15 10:43:00,147.080931048
2020-04-15 10:44:00,147.120184032
2020-04-15 10:45:00,147.061304556
2020-04-15 10:46:00,147.16444177146
2020-04-15 10:47:00,147.1766101965
2020-04-15 10:48:00,147.28053247164
2020-04-15 10:49:00,147.218316492
2020-04-15 10:50:00,147.159437016
2020-04-15 10:51:00,147.115277409
2020-04-15 10:52:00,147.14962377
2020-04-15 10:53:00,147.120184032
2020-04-15 10:54:00,147.012238326
2020-04-15 10:55:00,146.982798588
2020-04-15 10:56:00,147.090744294
2020-04-15 10:57:00,147.179063508
2020-04-15 10:58:00,147.326262198
2020-04-15 10:59:00,147.306635706
2020-04-15 11:00:00,147.218316492
2020-04-15 11:01:00,147.169250262
2020-04-15 11:02:00,147.10055754
2020-04-15 11:03:00,147.00242508
2020-04-15 11:04:00,146.963172096
2020-04-15 11:05:00,146.992611834
2020-04-15 11:06:00,147.00242508
2020-04-15 11:07:00,146.992611834
2020-04-15 11:08:00,146.933732358
2020-04-15 11:09:00,147.14962377
2020-04-15 11:10:00,147.164343639
2020-04-15 11:11:00,147.110370786
2020-04-15 11:12:00,147.159437016
2020-04-15 11:13:00,147.18917115138
2020-04-15 11:14:00,147.473460888
2020-04-15 11:15:00,147.4356798909
2020-04-15 11:16:00,147.4778768487
2020-04-15 11:17:00,147.365515182
2020-04-15 11:18:00,147.336075444
2020-04-15 11:19:00,147.385141674
2020-04-15 11:20:00,147.45638583996
2020-04-15 11:21:00,147.29682246
2020-04-15 11:22:00,147.453834396
2020-04-15 11:23:00,147.483274134
2020-04-15 11:24:00,147.375328428
2020-04-15 11:25:00,147.257569476
2020-04-15 11:26:00,147.355701936
2020-04-15 11:27:00,147.49308738
2020-04-15 11:28:00,147.473460888
2020-04-15 11:29:00,147.49308738
2020-04-15 11:30:00,147.615752955
2020-04-15 11:31:00,147.831644367
2020-04-15 11:32:00,148.003376172
2020-04-15 11:33:00,148.1800146
2020-04-15 11:34:00,148.297773552
2020-04-15 11:35:00,148.32721329
2020-04-15 11:36:00,148.268333814
2020-04-15 11:37:00,148.23359492316
2020-04-15 11:38:00,148.189827846
2020-04-15 11:39:00,148.062255648
2020-04-15 11:40:00,148.01554459704
2020-04-15 11:41:00,147.993562926
2020-04-15 11:42:00,147.846364236
2020-04-15 11:43:00,147.630472824
2020-04-15 11:44:00,147.571593348
2020-04-15 11:45:00,147.708978792
2020-04-15 11:46:00,147.610846332
2020-04-15 11:47:00,147.875803974
2020-04-15 11:48:00,147.875803974
2020-04-15 11:49:00,147.98374968
2020-04-15 11:50:00,147.964123188
2020-04-15 11:51:00,148.1760893016
2020-04-15 11:52:00,148.386092766
2020-04-15 11:53:00,148.37627952
2020-04-15 11:54:00,148.209454338
2020-04-15 11:55:00,148.273240437
2020-04-15 11:56:00,148.32721329
2020-04-15 11:57:00,148.297773552
2020-04-15 11:58:00,148.13094837
2020-04-15 11:59:00,147.944496696
2020-04-15 12:00:00,147.915056958
2020-04-15 12:01:00,147.83655099
2020-04-15 12:02:00,147.895430466
2020-04-15 12:03:00,147.973936434
2020-04-15 12:04:00,148.07265768876
2020-04-15 12:05:00,148.248707322
2020-04-15 12:06:00,148.140761616
2020-04-15 12:07:00,148.27814706
2020-04-15 12:08:00,148.27814706
2020-04-15 12:09:00,148.160388108
2020-04-15 12:10:00,148.013189418
2020-04-15 12:11:00,148.03281591
2020-04-15 12:12:00,148.1800146
2020-04-15 12:13:00,148.052442402
2020-04-15 12:14:00,147.993562926
2020-04-15 12:15:00,147.993562926
2020-04-15 12:16:00,148.091695386
2020-04-15 12:17:00,148.052442402
2020-04-15 12:18:00,147.924870204
2020-04-15 12:19:00,147.954309942
2020-04-15 12:20:00,147.86383181388
2020-04-15 12:21:00,147.954309942
2020-04-15 12:22:00,147.993562926
2020-04-15 12:23:00,148.238894076
2020-04-15 12:24:00,148.27814706
2020-04-15 12:25:00,148.25047370628
2020-04-15 12:26:00,148.381186143
2020-04-15 12:27:00,148.371372897
2020-04-15 12:28:00,148.307586798
2020-04-15 12:29:00,148.386092766
2020-04-15 12:30:00,148.37627952
2020-04-15 12:31:00,148.307586798
2020-04-15 12:32:00,148.150574862
2020-04-15 12:33:00,148.209454338
2020-04-15 12:34:00,148.258520568
2020-04-15 12:35:00,148.287960306
2020-04-15 12:36:00,148.268333814
2020-04-15 12:37:00,148.209454338
2020-04-15 12:38:00,148.287960306
2020-04-15 12:39:00,148.224174207
2020-04-15 12:40:00,148.258520568
2020-04-15 12:41:00,148.287960306
2020-04-15 12:42:00,148.405719258
2020-04-15 12:43:00,148.611797424
2020-04-15 12:44:00,148.86694182
2020-04-15 12:45:00,148.876755066
2020-04-15 12:46:00,148.788435852
2020-04-15 12:47:00,148.758996114
2020-04-15 12:48:00,148.552917948
2020-04-15 12:49:00,148.631423916
2020-04-15 12:50:00,148.906194804
2020-04-15 12:51:00,149.073019986
2020-04-15 12:52:00,149.23778438634
2020-04-15 12:53:00,149.239845168
2020-04-15 12:54:00,149.087739855
2020-04-15 12:55:00,149.06693577348
2020-04-15 12:56:00,148.945447788
2020-04-15 12:57:00,148.896381558
2020-04-15 12:58:00,149.023953756
2020-04-15 12:59:00,148.955261034
2020-04-15 13:00:00,149.141712708
2020-04-15 13:01:00,149.318351136
2020-04-15 13:02:00,149.494989564
2020-04-15 13:03:00,149.583308778
2020-04-15 13:04:00,149.632375008
2020-04-15 13:05:00,149.642188254
2020-04-15 13:06:00,149.62246362954
2020-04-15 13:07:00,149.671627992
2020-04-15 13:08:00,149.789386944
2020-04-15 13:09:00,149.966025372
2020-04-15 13:10:00,149.975838618
2020-04-15 13:11:00,149.970931995
2020-04-15 13:12:00,149.872799535
2020-04-15 13:13:00,149.89733265
2020-04-15 13:14:00,150.005278356
2020-04-15 13:15:00,150.04453134
2020-04-15 13:16:00,149.867892912
2020-04-15 13:17:00,149.828639928
2020-04-15 13:18:00,149.916959142
2020-04-15 13:19:00,150.04453134
2020-04-15 13:20:00,149.99546511
2020-04-15 13:21:00,149.877706158
2020-04-15 13:22:00,149.75013396
2020-04-15 13:23:00,149.75013396
2020-04-15 13:24:00,149.779573698
2020-04-15 13:25:00,149.730507468
2020-04-15 13:26:00,149.86769664708
2020-04-15 13:27:00,149.794293567
2020-04-15 13:28:00,149.730507468
2020-04-15 13:29:00,149.622561762
2020-04-15 13:30:00,149.710880976
2020-04-15 13:31:00,149.563682286
2020-04-15 13:32:00,149.593122024
2020-04-15 13:33:00,149.622561762
2020-04-15 13:34:00,149.63276753784
2020-04-15 13:35:00,149.593122024
2020-04-15 13:36:00,149.5955753355
2020-04-15 13:37:00,149.568588909
2020-04-15 13:38:00,149.563682286
2020-04-15 13:39:00,149.573495532
2020-04-15 13:40:00,149.612748516
2020-04-15 13:41:00,149.647094877
2020-04-15 13:42:00,149.573495532
2020-04-15 13:43:00,149.676534615
2020-04-15 13:44:00,149.789386944
2020-04-15 13:45:00,149.759947206
2020-04-15 13:46:00,149.7334514418
2020-04-15 13:47:00,149.759947206
2020-04-15 13:48:00,149.789386944
2020-04-15 13:49:00,149.828639928
2020-04-15 13:50:00,149.838453174
2020-04-15 13:51:00,149.858079666
2020-04-15 13:52:00,149.83580359758
2020-04-15 13:53:00,149.8276586034
2020-04-15 13:54:00,149.77496147238
2020-04-15 13:55:00,149.60293527
2020-04-15 13:56:00,149.583308778
2020-04-15 13:57:00,149.50480281
2020-04-15 13:58:00,149.45573658
2020-04-15 13:59:00,149.426296842
2020-04-15 14:00:00,149.367417366
2020-04-15 14:01:00,149.436110088
2020-04-15 14:02:00,149.465549826
2020-04-15 14:03:00,149.67938045634
2020-04-15 14:04:00,149.77927930062
2020-04-15 14:05:00,149.78879814924
2020-04-15 14:06:00,149.710880976
2020-04-15 14:07:00,149.710880976
2020-04-15 14:08:00,149.617655139
2020-04-15 14:09:00,149.60293527
2020-04-15 14:10:00,149.676534615
2020-04-15 14:11:00,149.715787599
2020-04-15 14:12:00,149.789386944
2020-04-15 14:13:00,149.956212126
2020-04-15 14:14:00,150.04453134
2020-04-15 14:15:00,150.123037308
2020-04-15 14:16:00,150.083784324
2020-04-15 14:17:00,150.172103538
2020-04-15 14:18:00,150.19173003
2020-04-15 14:19:00,150.1936926792
2020-04-15 14:20:00,150.177010161
2020-04-15 14:21:00,150.19173003
2020-04-15 14:22:00,150.201543276
2020-04-15 14:23:00,150.334022097
2020-04-15 14:24:00,150.368368458
2020-04-15 14:25:00,150.28986249
2020-04-15 14:26:00,150.132850554
2020-04-15 14:27:00,150.196636653
2020-04-15 14:28:00,150.211356522
2020-04-15 14:29:00,150.19173003
2020-04-15 14:30:00,150.31655451912
2020-04-15 14:31:00,150.348741966
2020-04-15 14:32:00,150.270235998
2020-04-15 14:33:00,150.226076391
2020-04-15 14:34:00,150.2942784507
2020-04-15 14:35:00,150.28986249
2020-04-15 14:36:00,150.417434688
2020-04-15 14:37:00,150.368368458
2020-04-15 14:38:00,150.378181704
2020-04-15 14:39:00,150.36699460356
2020-04-15 14:40:00,150.31861530078
2020-04-15 14:41:00,150.280049244
2020-04-15 14:42:00,150.407621442
2020-04-15 14:43:00,150.358555212
2020-04-15 14:44:00,150.378181704
2020-04-15 14:45:00,150.353648589
2020-04-15 14:46:00,150.201543276
2020-04-15 14:47:00,150.083784324
2020-04-15 14:48:00,150.083784324
2020-04-15 14:49:00,150.162290292
2020-04-15 14:50:00,150.13746277962
2020-04-15 14:51:00,149.92549666602
2020-04-15 14:52:00,149.84826642
2020-04-15 14:53:00,149.769760452
2020-04-15 14:54:00,149.887519404
2020-04-15 14:55:00,149.936585634
2020-04-15 14:56:00,150.010184979
2020-04-15 14:57:00,150.005278356
2020-04-15 14:58:00,150.260422752
2020-04-15 14:59:00,150.284955867
2020-04-15 15:00:00,150.378181704
2020-04-15 15:01:00,150.378181704
2020-04-15 15:02:00,150.495940656
2020-04-15 15:03:00,150.456687672
2020-04-15 15:04:00,150.383088327
2020-04-15 15:05:00,150.358555212
2020-04-15 15:06:00,150.24079626
2020-04-15 15:07:00,150.034718094
2020-04-15 15:08:00,149.916959142
2020-04-15 15:09:00,149.926772388
2020-04-15 15:10:00,149.9557214637
2020-04-15 15:11:00,149.80822837632
2020-04-15 15:12:00,149.6520015
2020-04-15 15:13:00,149.779573698
2020-04-15 15:14:00,149.838453174
2020-04-15 15:15:00,149.789386944
2020-04-15 15:16:00,149.794293567
2020-04-15 15:17:00,149.710880976
2020-04-15 15:18:00,149.691254484
2020-04-15 15:19:00,149.818826682
2020-04-15 15:20:00,149.838453174
2020-04-15 15:21:00,149.75013396
2020-04-15 15:22:00,149.740320714
2020-04-15 15:23:00,149.6520015
2020-04-15 15:24:00,149.622561762
2020-04-15 15:25:00,149.809013436
2020-04-15 15:26:00,149.966025372
2020-04-15 15:27:00,149.907145896
2020-04-15 15:28:00,149.809013436
2020-04-15 15:29:00,149.671627992
2020-04-15 15:30:00,149.64424903566
2020-04-15 15:31:00,149.593122024
2020-04-15 15:32:00,149.534242548
2020-04-15 15:33:00,149.347790874
2020-04-15 15:34:00,149.318351136
2020-04-15 15:35:00,149.269284906
2020-04-15 15:36:00,149.239845168
2020-04-15 15:37:00,149.21040543
2020-04-15 15:38:00,149.396857104
2020-04-15 15:39:00,149.524429302
2020-04-15 15:40:00,149.465549826
2020-04-15 15:41:00,149.342884251
2020-04-15 15:42:00,149.3006872932
2020-04-15 15:43:00,149.200592184
2020-04-15 15:44:00,149.21040543
2020-04-15 15:45:00,149.239845168
2020-04-15 15:46:00,149.416483596
2020-04-15 15:47:00,149.475363072
2020-04-15 15:48:00,149.475363072
2020-04-15 15:49:00,149.622561762
2020-04-15 15:50:00,149.445923334
2020-04-15 15:51:00,148.778622606
2020-04-15 15:52:00,148.552917948
2020-04-15 15:53:00,148.42534575
2020-04-15 15:54:00,148.47441198
2020-04-15 15:55:00,148.35871380966
2020-04-15 15:56:00,148.494038472
2020-04-15 15:57:00,148.366466274
2020-04-15 15:58:00,148.22908083
2020-04-15 15:59:00,148.4503695273
2020-04-15 16:00:00,148.356653028
2020-04-16 09:31:00,150.09359757
2020-04-16 09:32:00,150.643139346
2020-04-16 09:33:00,150.859030758
2020-04-16 09:34:00,150.58425987
2020-04-16 09:35:00,150.94263961392
2020-04-16 09:36:00,150.628419477
2020-04-16 09:37:00,150.545006886
2020-04-16 09:38:00,150.378181704
2020-04-16 09:39:00,150.505753902
2020-04-16 09:40:00,150.603886362
2020-04-16 09:41:00,150.68239233
2020-04-16 09:42:00,150.471407541
2020-04-16 09:43:00,150.711832068
2020-04-16 09:44:00,150.554820132
2020-04-16 09:45:00,150.741271806
2020-04-16 09:46:00,150.9448966605
2020-04-16 09:47:00,150.97678971
2020-04-16 09:48:00,150.770711544
2020-04-16 09:49:00,150.692205576
2020-04-16 09:50:00,150.986602956
2020-04-16 09:51:00,150.87865725
2020-04-16 09:52:00,150.85716624126
2020-04-16 09:53:00,151.11594153828
2020-04-16 09:54:00,151.055295678
2020-04-16 09:55:00,151.349693058
2020-04-16 09:56:00,151.32025332
2020-04-16 09:57:00,151.388946042
2020-04-16 09:58:00,151.2113262894
2020-04-16 09:59:00,151.241747352
2020-04-16 10:00:00,151.32025332
2020-04-16 10:01:00,151.300626828
2020-04-16 10:02:00,151.290813582
2020-04-16 10:03:00,151.310440074
2020-04-16 10:04:00,151.133801646
2020-04-16 10:05:00,151.016042694
2020-04-16 10:06:00,151.163241384
2020-04-16 10:07:00,151.104361908
2020-04-16 10:08:00,151.281000336
2020-04-16 10:09:00,151.374226173
2020-04-16 10:10:00,151.575397716
2020-04-16 10:11:00,151.624463946
2020-04-16 10:12:00,151.76184939
2020-04-16 10:13:00,151.752036144
2020-04-16 10:14:00,151.752036144
2020-04-16 10:15:00,151.9787221266
2020-04-16 10:16:00,152.080779885
2020-04-16 10:17:00,152.409523626
2020-04-16 10:18:00,152.340830904
2020-04-16 10:19:00,152.478216348
2020-04-16 10:20:00,152.31884923296
2020-04-16 10:21:00,152.625415038
2020-04-16 10:22:00,152.54690907
2020-04-16 10:23:00,152.311391166
2020-04-16 10:24:00,152.262324936
2020-04-16 10:25:00,151.972834179
2020-04-16 10:26:00,151.899234834
2020-04-16 10:27:00,151.604837454
2020-04-16 10:28:00,151.673530176
2020-04-16 10:29:00,151.76184939
2020-04-16 10:30:00,151.536144732
2020-04-16 10:31:00,151.281000336
2020-04-16 10:32:00,151.227027483
2020-04-16 10:33:00,151.020949317
2020-04-16 10:34:00,151.1239884
2020-04-16 10:35:00,151.261373844
2020-04-16 10:36:00,151.030762563
2020-04-16 10:37:00,151.217214237
2020-04-16 10:38:00,151.08238023696
2020-04-16 10:39:00,150.947349972
2020-04-16 10:40:00,150.770711544
2020-04-16 10:41:00,150.638232723
2020-04-16 10:42:00,150.85893262554
2020-04-16 10:43:00,151.055295678
2020-04-16 10:44:00,150.957163218
2020-04-16 10:45:00,151.104361908
2020-04-16 10:46:00,151.408572534
2020-04-16 10:47:00,151.447825518
2020-04-16 10:48:00,151.349693058
2020-04-16 10:49:00,151.46539122834
2020-04-16 10:50:00,151.766756013
2020-04-16 10:51:00,151.66371693
2020-04-16 10:52:00,151.47019971888
2020-04-16 10:53:00,151.41838578
2020-04-16 10:54:00,151.550864601
2020-04-16 10:55:00,151.354599681
2020-04-16 10:56:00,151.133801646
2020-04-16 10:57:00,151.212307614
2020-04-16 10:58:00,151.42142788626
2020-04-16 10:59:00,151.545957978
2020-04-16 11:00:00,151.590117585
2020-04-16 11:01:00,151.619557323
2020-04-16 11:02:00,151.482171879
2020-04-16 11:03:00,151.359506304
2020-04-16 11:04:00,151.438012272
2020-04-16 11:05:00,151.477265256
2020-04-16 11:06:00,151.344786435
2020-04-16 11:07:00,151.44802178292
2020-04-16 11:08:00,151.491985125
2020-04-16 11:09:00,151.442918895
2020-04-16 11:10:00,151.457638764
2020-04-16 11:11:00,151.56558447
2020-04-16 11:12:00,151.624463946
2020-04-16 11:13:00,151.477265256
2020-04-16 11:14:00,151.428199026
2020-04-16 11:15:00,151.349693058
2020-04-16 11:16:00,151.22212086
2020-04-16 11:17:00,151.241747352
2020-04-16 11:18:00,151.305533451
2020-04-16 11:19:00,151.413479157
2020-04-16 11:20:00,151.305533451
2020-04-16 11:21:00,151.22212086
2020-04-16 11:22:00,151.22212086
2020-04-16 11:23:00,151.02585594
2020-04-16 11:24:00,150.819777774
2020-04-16 11:25:00,150.78052479
2020-04-16 11:26:00,150.53519364
2020-04-16 11:27:00,150.65991999666
2020-04-16 11:28:00,150.73145856
2020-04-16 11:29:00,150.638232723
2020-04-16 11:30:00,150.48612741
2020-04-16 11:31:00,150.417434688
2020-04-16 11:32:00,150.196636653
2020-04-16 11:33:00,150.1426638
2020-04-16 11:34:00,150.000371733
2020-04-16 11:35:00,149.720694222
2020-04-16 11:36:00,150.024904848
2020-04-16 11:37:00,150.181916784
2020-04-16 11:38:00,150.181916784
2020-04-16 11:39:00,150.329115474
2020-04-16 11:40:00,150.30546555114
2020-04-16 11:41:00,150.368368458
2020-04-16 11:42:00,150.471407541
2020-04-16 11:43:00,150.495940656
2020-04-16 11:44:00,150.755991675
2020-04-16 11:45:00,150.505753902
2020-04-16 11:46:00,150.68229419754
2020-04-16 11:47:00,150.58425987
2020-04-16 11:48:00,150.594073116
2020-04-16 11:49:00,150.540100263
2020-04-16 11:50:00,150.549913509
2020-04-16 11:51:00,150.495940656
2020-04-16 11:52:00,150.417434688
2020-04-16 11:53:00,150.520473771
2020-04-16 11:54:00,150.73145856
2020-04-16 11:55:00,150.751085052
2020-04-16 11:56:00,150.87865725
2020-04-16 11:57:00,151.016042694
2020-04-16 11:58:00,151.02585594
2020-04-16 11:59:00,151.114175154
2020-04-16 12:00:00,151.153428138
2020-04-16 12:01:00,151.168148007
2020-04-16 12:02:00,150.672579084
2020-04-16 12:03:00,150.623512854
2020-04-16 12:04:00,150.579353247
2020-04-16 12:05:00,150.402714819
2020-04-16 12:06:00,150.515567148
2020-04-16 12:07:00,150.33892872
2020-04-16 12:08:00,150.284955867
2020-04-16 12:09:00,150.201543276
2020-04-16 12:10:00,150.19173003
2020-04-16 12:11:00,150.19173003
2020-04-16 12:12:00,150.147570423
2020-04-16 12:13:00,150.123037308
2020-04-16 12:14:00,150.230983014
2020-04-16 12:15:00,150.147570423
2020-04-16 12:16:00,150.054344586
2020-04-16 12:17:00,149.926772388
2020-04-16 12:18:00,149.671627992
2020-04-16 12:19:00,149.809013436
2020-04-16 12:20:00,149.710880976
2020-04-16 12:21:00,149.593122024
2020-04-16 12:22:00,149.671627992
2020-04-16 12:23:00,149.84826642
2020-04-16 12:24:00,150.04453134
2020-04-16 12:25:00,149.828639928
2020-04-16 12:26:00,150.034718094
2020-04-16 12:27:00,150.005278356
2020-04-16 12:28:00,150.245702883
2020-04-16 12:29:00,150.348741966
2020-04-16 12:30:00,150.397808196
2020-04-16 12:31:00,150.09359757
2020-04-16 12:32:00,150.123037308
2020-04-16 12:33:00,150.201543276
2020-04-16 12:34:00,149.936585634
2020-04-16 12:35:00,149.902239273
2020-04-16 12:36:00,149.93668376646
2020-04-16 12:37:00,149.877706158
2020-04-16 12:38:00,150.113224062
2020-04-16 12:39:00,150.137757177
2020-04-16 12:40:00,150.118130685
2020-04-16 12:41:00,150.069064455
2020-04-16 12:42:00,150.024904848
2020-04-16 12:43:00,149.99546511
2020-04-16 12:44:00,150.0170542512
2020-04-16 12:45:00,150.1426638
2020-04-16 12:46:00,150.005278356
2020-04-16 12:47:00,150.09359757
2020-04-16 12:48:00,150.098504193
2020-04-16 12:49:00,150.15061252926
2020-04-16 12:50:00,150.42714980154
2020-04-16 12:51:00,150.309488982
2020-04-16 12:52:00,150.19575346086
2020-04-16 12:53:00,150.152477046
2020-04-16 12:54:00,150.04757344626
2020-04-16 12:55:00,150.1348132032
2020-04-16 12:56:00,149.95631025846
2020-04-16 12:57:00,150.123037308
2020-04-16 12:58:00,150.299675736
2020-04-16 12:59:00,150.368368458
2020-04-16 13:00:00,150.368368458
2020-04-16 13:01:00,150.38799495
2020-04-16 13:02:00,150.38799495
2020-04-16 13:03:00,150.260422752
2020-04-16 13:04:00,150.24079626
2020-04-16 13:05:00,150.000371733
2020-04-16 13:06:00,150.034718094
2020-04-16 13:07:00,149.93668376646
2020-04-16 13:08:00,149.985651864
2020-04-16 13:09:00,150.064157832
2020-04-16 13:10:00,150.005278356
2020-04-16 13:11:00,150.049437963
2020-04-16 13:12:00,150.211356522
2020-04-16 13:13:00,150.245702883
2020-04-16 13:14:00,150.280049244
2020-04-16 13:15:00,150.446874426
2020-04-16 13:16:00,150.5332309908
2020-04-16 13:17:00,150.28986249
2020-04-16 13:18:00,150.358555212
2020-04-16 13:19:00,150.4557063474
2020-04-16 13:20:00,150.525380394
2020-04-16 13:21:00,150.574446624
2020-04-16 13:22:00,150.77375365026
2020-04-16 13:23:00,150.736365183
2020-04-16 13:24:00,150.868844004
2020-04-16 13:25:00,150.800151282
2020-04-16 13:26:00,150.79171189044
2020-04-16 13:27:00,150.814871151
2020-04-16 13:28:00,150.898283742
2020-04-16 13:29:00,150.87865725
2020-04-16 13:30:00,150.893377119
2020-04-16 13:31:00,150.898283742
2020-04-16 13:32:00,150.873750627
2020-04-16 13:33:00,151.035669186
2020-04-16 13:34:00,151.02585594
2020-04-16 13:35:00,151.020949317
2020-04-16 13:36:00,151.001322825
2020-04-16 13:37:00,151.055295678
2020-04-16 13:38:00,151.060202301
2020-04-16 13:39:00,151.16991439128
2020-04-16 13:40:00,150.92772348
2020-04-16 13:41:00,151.0081920972
2020-04-16 13:42:00,150.981696333
2020-04-16 13:43:00,150.986602956
2020-04-16 13:44:00,151.231934106
2020-04-16 13:45:00,151.261373844
2020-04-16 13:46:00,151.17305463
2020-04-16 13:47:00,151.114175154
2020-04-16 13:48:00,151.192681122
2020-04-16 13:49:00,151.202494368
2020-04-16 13:50:00,151.192681122
2020-04-16 13:51:00,151.104361908
2020-04-16 13:52:00,150.73145856
2020-04-16 13:53:00,150.77090780892
2020-04-16 13:54:00,150.73145856
2020-04-16 13:55:00,150.775618167
2020-04-16 13:56:00,150.628419477
2020-04-16 13:57:00,150.613699608
2020-04-16 13:58:00,150.525380394
2020-04-16 13:59:00,150.476314164
2020-04-16 14:00:00,150.53823574626
2020-04-16 14:01:00,150.230983014
2020-04-16 14:02:00,150.495940656
2020-04-16 14:03:00,150.564633378
2020-04-16 14:04:00,150.638232723
2020-04-16 14:05:00,150.64520012766
2020-04-16 14:06:00,150.549913509
2020-04-16 14:07:00,150.554820132
2020-04-16 14:08:00,150.755991675
2020-04-16 14:09:00,150.868844004
2020-04-16 14:10:00,151.065108924
2020-04-16 14:11:00,151.035669186
2020-04-16 14:12:00,150.962069841
2020-04-16 14:13:00,150.99759379152
2020-04-16 14:14:00,151.006229448
2020-04-16 14:15:00,151.128895023
2020-04-16 14:16:00,151.182867876
2020-04-16 14:17:00,151.055295678
2020-04-16 14:18:00,150.957163218
2020-04-16 14:19:00,151.016042694
2020-04-16 14:20:00,150.888470496
2020-04-16 14:21:00,150.908096988
2020-04-16 14:22:00,150.913003611
2020-04-16 14:23:00,150.82959102
2020-04-16 14:24:00,150.809964528
2020-04-16 14:25:00,150.652952592
2020-04-16 14:26:00,150.515567148
2020-04-16 14:27:00,150.250609506
2020-04-16 14:28:00,150.329115474
2020-04-16 14:29:00,150.4115467404
2020-04-16 14:30:00,150.446874426
2020-04-16 14:31:00,150.662765838
2020-04-16 14:32:00,150.648045969
2020-04-16 14:33:00,150.500847279
2020-04-16 14:34:00,150.402714819
2020-04-16 14:35:00,150.545006886
2020-04-16 14:36:00,150.608792985
2020-04-16 14:37:00,150.702018822
2020-04-16 14:38:00,150.888470496
2020-04-16 14:39:00,151.016042694
2020-04-16 14:40:00,150.937536726
2020-04-16 14:41:00,150.957163218
2020-04-16 14:42:00,150.952256595
2020-04-16 14:43:00,150.765804921
2020-04-16 14:44:00,150.564633378
2020-04-16 14:45:00,150.515567148
2020-04-16 14:46:00,150.545006886
2020-04-16 14:47:00,150.451781049
2020-04-16 14:48:00,150.422341311
2020-04-16 14:49:00,150.456687672
2020-04-16 14:50:00,150.422341311
2020-04-16 14:51:00,150.466500918
2020-04-16 14:52:00,150.329115474
2020-04-16 14:53:00,150.38799495
2020-04-16 14:54:00,150.594073116
2020-04-16 14:55:00,150.554820132
2020-04-16 14:56:00,150.6161529195
2020-04-16 14:57:00,150.819777774
2020-04-16 14:58:00,151.08159517728
2020-04-16 14:59:00,151.241747352
2020-04-16 15:00:00,151.065108924
2020-04-16 15:01:00,150.819777774
2020-04-16 15:02:00,150.716738691
2020-04-16 15:03:00,150.702018822
2020-04-16 15:04:00,150.721645314
2020-04-16 15:05:00,150.481220787
2020-04-16 15:06:00,150.43706118
2020-04-16 15:07:00,150.58425987
2020-04-16 15:08:00,150.53519364
2020-04-16 15:09:00,150.495940656
2020-04-16 15:10:00,150.476314164
2020-04-16 15:11:00,150.540100263
2020-04-16 15:12:00,150.554820132
2020-04-16 15:13:00,150.58425987
2020-04-16 15:14:00,150.58425987
2020-04-16 15:15:00,150.6333261
2020-04-16 15:16:00,150.6333261
2020-04-16 15:17:00,150.461594295
2020-04-16 15:18:00,150.515567148
2020-04-16 15:19:00,150.446874426
2020-04-16 15:20:00,150.564633378
2020-04-16 15:21:00,150.702018822
2020-04-16 15:22:00,150.69299063568
2020-04-16 15:23:00,150.662765838
2020-04-16 15:24:00,150.721645314
2020-04-16 15:25:00,150.824684397
2020-04-16 15:26:00,150.760898298
2020-04-16 15:27:00,150.908096988
2020-04-16 15:28:00,150.957163218
2020-04-16 15:29:00,151.08895511178
2020-04-16 15:30:00,151.143614892
2020-04-16 15:31:00,151.526331486
2020-04-16 15:32:00,151.22212086
2020-04-16 15:33:00,151.487078502
2020-04-16 15:34:00,151.452732141
2020-04-16 15:35:00,151.496891748
2020-04-16 15:36:00,151.438012272
2020-04-16 15:37:00,151.722596406
2020-04-16 15:38:00,151.702969914
2020-04-16 15:39:00,151.43497016574
2020-04-16 15:40:00,151.693156668
2020-04-16 15:41:00,151.555771224
2020-04-16 15:42:00,151.53869617596
2020-04-16 15:43:00,151.752036144
2020-04-16 15:44:00,151.771662636
2020-04-16 15:45:00,151.7692093245
2020-04-16 15:46:00,151.688250045
2020-04-16 15:47:00,151.727503029
2020-04-16 15:48:00,151.771662636
2020-04-16 15:49:00,151.81091562
2020-04-16 15:50:00,151.707876537
2020-04-16 15:51:00,151.997367294
2020-04-16 15:52:00,151.918861326
2020-04-16 15:53:00,151.850168604
2020-04-16 15:54:00,152.016993786
2020-04-16 15:55:00,151.904141457
2020-04-16 15:56:00,151.727503029
2020-04-16 15:57:00,151.791289128
2020-04-16 15:58:00,151.658810307
2020-04-16 15:59:00,151.673530176
2020-04-16 16:00:00,151.840355358
2020-04-17 09:31:00,152.468403102
2020-04-17 09:32:00,151.879608342
2020-04-17 09:33:00,151.595024208
2020-04-17 09:34:00,151.163241384
2020-04-17 09:35:00,151.241747352
2020-04-17 09:36:00,150.358555212
2020-04-17 09:37:00,150.564633378
2020-04-17 09:38:00,150.702018822
2020-04-17 09:39:00,151.786382505
2020-04-17 09:40:00,152.340830904
2020-04-17 09:41:00,151.967927556
2020-04-17 09:42:00,151.742222898
2020-04-17 09:43:00,151.835448735
2020-04-17 09:44:00,151.820728866
2020-04-17 09:45:00,152.095499754
2020-04-17 09:46:00,152.360457396
2020-04-17 09:47:00,152.05624677
2020-04-17 09:48:00,151.963020933
2020-04-17 09:49:00,151.76184939
2020-04-17 09:50:00,152.35064415
2020-04-17 09:51:00,152.321204412
2020-04-17 09:52:00,152.54690907
2020-04-17 09:53:00,152.144565984
2020-04-17 09:54:00,152.051340147
2020-04-17 09:55:00,151.997367294
2020-04-17 09:56:00,151.997367294
2020-04-17 09:57:00,152.556722316
2020-04-17 09:58:00,152.17861794762
2020-04-17 09:59:00,152.561628939
2020-04-17 10:00:00,152.389897134
2020-04-17 10:01:00,152.223071952
2020-04-17 10:02:00,152.198538837
2020-04-17 10:03:00,152.134752738
2020-04-17 10:04:00,152.085686508
2020-04-17 10:05:00,152.066060016
2020-04-17 10:06:00,152.291764674
2020-04-17 10:07:00,152.281951428
2020-04-17 10:08:00,152.409523626
2020-04-17 10:09:00,152.615601792
2020-04-17 10:10:00,152.79224022
2020-04-17 10:11:00,152.64504153
2020-04-17 10:12:00,152.630321661
2020-04-17 10:13:00,152.914905795
2020-04-17 10:14:00,152.429150118
2020-04-17 10:15:00,152.311391166
2020-04-17 10:16:00,151.752036144
2020-04-17 10:17:00,152.0734199505
2020-04-17 10:18:00,152.1533979054
2020-04-17 10:19:00,151.938487818
2020-04-17 10:20:00,151.95811431
2020-04-17 10:21:00,151.943394441
2020-04-17 10:22:00,151.806008997
2020-04-17 10:23:00,151.653903684
2020-04-17 10:24:00,151.77872817312
2020-04-17 10:25:00,151.644090438
2020-04-17 10:26:00,151.732409652
2020-04-17 10:27:00,151.545957978
2020-04-17 10:28:00,151.447825518
2020-04-17 10:29:00,151.379132796
2020-04-17 10:30:00,151.683343422
2020-04-17 10:31:00,151.526331486
2020-04-17 10:32:00,151.438012272
2020-04-17 10:33:00,151.6033654671
2020-04-17 10:34:00,151.491985125
2020-04-17 10:35:00,151.310440074
2020-04-17 10:36:00,151.36931955
2020-04-17 10:37:00,151.570491093
2020-04-17 10:38:00,151.53702792414
2020-04-17 10:39:00,151.384039419
2020-04-17 10:40:00,151.59315969126
2020-04-17 10:41:00,151.595024208
2020-04-17 10:42:00,151.580304339
2020-04-17 10:43:00,151.6146507
2020-04-17 10:44:00,151.599930831
2020-04-17 10:45:00,151.41838578
2020-04-17 10:46:00,151.46745201
2020-04-17 10:47:00,151.477265256
2020-04-17 10:48:00,151.364412927
2020-04-17 10:49:00,151.447825518
2020-04-17 10:50:00,151.349693058
2020-04-17 10:51:00,151.452732141
2020-04-17 10:52:00,151.290813582
2020-04-17 10:53:00,151.27118709
2020-04-17 10:54:00,151.182867876
2020-04-17 10:55:00,151.163241384
2020-04-17 10:56:00,151.22477043642
2020-04-17 10:57:00,151.094548662
2020-04-17 10:58:00,151.163241384
2020-04-17 10:59:00,151.084735416
2020-04-17 11:00:00,151.143614892
2020-04-17 11:01:00,151.133801646
2020-04-17 11:02:00,151.192681122
2020-04-17 11:03:00,151.045482432
2020-04-17 11:04:00,150.947349972
2020-04-17 11:05:00,150.9709017624
2020-04-17 11:06:00,150.957163218
2020-04-17 11:07:00,150.824684397
2020-04-17 11:08:00,150.809964528
2020-04-17 11:09:00,150.809964528
2020-04-17 11:10:00,150.760898298
2020-04-17 11:11:00,150.726551937
2020-04-17 11:12:00,150.692205576
2020-04-17 11:13:00,150.569540001
2020-04-17 11:14:00,150.589166493
2020-04-17 11:15:00,150.657859215
2020-04-17 11:16:00,150.540100263
2020-04-17 11:17:00,150.33892872
2020-04-17 11:18:00,150.314395605
2020-04-17 11:19:00,150.427247934
2020-04-17 11:20:00,150.692205576
2020-04-17 11:21:00,150.78052479
2020-04-17 11:22:00,150.819777774
2020-04-17 11:23:00,150.952256595
2020-04-17 11:24:00,151.1068152195
2020-04-17 11:25:00,151.055295678
2020-04-17 11:26:00,151.094548662
2020-04-17 11:27:00,151.084735416
2020-04-17 11:28:00,150.859030758
2020-04-17 11:29:00,150.937536726
2020-04-17 11:30:00,151.1239884
2020-04-17 11:31:00,151.163241384
2020-04-17 11:32:00,151.133801646
2020-04-17 11:33:00,151.02585594
2020-04-17 11:34:00,151.094548662
2020-04-17 11:35:00,151.36931955
2020-04-17 11:36:00,151.41838578
2020-04-17 11:37:00,151.580304339
2020-04-17 11:38:00,151.752036144
2020-04-17 11:39:00,151.967927556
2020-04-17 11:40:00,151.948301064
2020-04-17 11:41:00,152.0052178908
2020-04-17 11:42:00,152.2446610932
2020-04-17 11:43:00,152.380083888
2020-04-17 11:44:00,152.331017658
2020-04-17 11:45:00,152.25251169
2020-04-17 11:46:00,152.340830904
2020-04-17 11:47:00,152.3565320976
2020-04-17 11:48:00,152.380083888
2020-04-17 11:49:00,152.384990511
2020-04-17 11:50:00,152.429150118
2020-04-17 11:51:00,152.321204412
2020-04-17 11:52:00,152.335924281
2020-04-17 11:53:00,152.419336872
2020-04-17 11:54:00,152.54690907
2020-04-17 11:55:00,152.625415038
2020-04-17 11:56:00,152.483122971
2020-04-17 11:57:00,152.331017658
2020-04-17 11:58:00,152.262324936
2020-04-17 11:59:00,152.227978575
2020-04-17 12:00:00,152.15437923
2020-04-17 12:01:00,152.085686508
2020-04-17 12:02:00,152.1465286332
2020-04-17 12:03:00,152.05624677
2020-04-17 12:04:00,151.95811431
2020-04-17 12:05:00,151.894328211
2020-04-17 12:06:00,152.046433524
2020-04-17 12:07:00,152.002273917
2020-04-17 12:08:00,152.105313
2020-04-17 12:09:00,152.188725591
2020-04-17 12:10:00,152.164192476
2020-04-17 12:11:00,152.169099099
2020-04-17 12:12:00,152.1342620757
2020-04-17 12:13:00,152.281951428
2020-04-17 12:14:00,152.468403102
2020-04-17 12:15:00,152.389897134
2020-04-17 12:16:00,152.272138182
2020-04-17 12:17:00,152.419336872
2020-04-17 12:18:00,152.649948153
2020-04-17 12:19:00,152.752987236
2020-04-17 12:20:00,152.851119696
2020-04-17 12:21:00,152.782426974
2020-04-17 12:22:00,152.69410776
2020-04-17 12:23:00,152.723547498
2020-04-17 12:24:00,152.664668022
2020-04-17 12:25:00,152.625415038
2020-04-17 12:26:00,152.605788546
2020-04-17 12:27:00,152.57517121848
2020-04-17 12:28:00,152.507656086
2020-04-17 12:29:00,152.576348808
2020-04-17 12:30:00,152.556722316
2020-04-17 12:31:00,152.615601792
2020-04-17 12:32:00,152.654854776
2020-04-17 12:33:00,152.699014383
2020-04-17 12:34:00,152.625415038
2020-04-17 12:35:00,152.664668022
2020-04-17 12:36:00,152.635228284
2020-04-17 12:37:00,152.74641236118
2020-04-17 12:38:00,152.856026319
2020-04-17 12:39:00,152.880559434
2020-04-17 12:40:00,152.8864473816
2020-04-17 12:41:00,152.713734252
2020-04-17 12:42:00,152.728454121
2020-04-17 12:43:00,152.748080613
2020-04-17 12:44:00,152.772613728
2020-04-17 12:45:00,152.816773335
2020-04-17 12:46:00,152.68763101764
2020-04-17 12:47:00,152.654854776
2020-04-17 12:48:00,152.68439264646
2020-04-17 12:49:00,152.782426974
2020-04-17 12:50:00,152.870746188
2020-04-17 12:51:00,152.846213073
2020-04-17 12:52:00,152.802053466
2020-04-17 12:53:00,152.748080613
2020-04-17 12:54:00,152.79224022
2020-04-17 12:55:00,152.85004023894
2020-04-17 12:56:00,152.865839565
2020-04-17 12:57:00,152.87879304972
2020-04-17 12:58:00,152.89037268
2020-04-17 12:59:00,152.851119696
2020-04-17 13:00:00,152.909999172
2020-04-17 13:01:00,152.605788546
2020-04-17 13:02:00,152.5959753
2020-04-17 13:03:00,152.576348808
2020-04-17 13:04:00,152.517469332
2020-04-17 13:05:00,152.488029594
2020-04-17 13:06:00,152.507656086
2020-04-17 13:07:00,152.59685849214
2020-04-17 13:08:00,152.748080613
2020-04-17 13:09:00,152.81176857954
2020-04-17 13:10:00,152.851119696
2020-04-17 13:11:00,152.80735261884
2020-04-17 13:12:00,152.7451366392
2020-04-17 13:13:00,152.762800482
2020-04-17 13:14:00,152.748080613
2020-04-17 13:15:00,152.723547498
2020-04-17 13:16:00,152.79224022
2020-04-17 13:17:00,152.782426974
2020-04-17 13:18:00,152.79224022
2020-04-17 13:19:00,152.89037268
2020-04-17 13:20:00,152.93943891
2020-04-17 13:21:00,152.900185926
2020-04-17 13:22:00,152.870746188
2020-04-17 13:23:00,152.811866712
2020-04-17 13:24:00,152.674481268
2020-04-17 13:25:00,152.713734252
2020-04-17 13:26:00,152.762800482
2020-04-17 13:27:00,152.8275679056
2020-04-17 13:28:00,152.8633862535
2020-04-17 13:29:00,152.84130645
2020-04-17 13:30:00,152.84130645
2020-04-17 13:31:00,152.860932942
2020-04-17 13:32:00,152.93943891
2020-04-17 13:33:00,152.99213604102
2020-04-17 13:34:00,152.968878648
2020-04-17 13:35:00,152.89037268
2020-04-17 13:36:00,152.93943891
2020-04-17 13:37:00,153.008131632
2020-04-17 13:38:00,153.0866376
2020-04-17 13:39:00,153.047384616
2020-04-17 13:40:00,153.081730977
2020-04-17 13:41:00,152.9860518285
2020-04-17 13:42:00,153.116077338
2020-04-17 13:43:00,153.145517076
2020-04-17 13:44:00,153.224023044
2020-04-17 13:45:00,153.174956814
2020-04-17 13:46:00,153.076824354
2020-04-17 13:47:00,153.022851501
2020-04-17 13:48:00,152.93943891
2020-04-17 13:49:00,152.91775163634
2020-04-17 13:50:00,152.880559434
2020-04-17 13:51:00,152.89037268
2020-04-17 13:52:00,152.89145213706
2020-04-17 13:53:00,152.880559434
2020-04-17 13:54:00,152.900185926
2020-04-17 13:55:00,152.924719041
2020-04-17 13:56:00,152.870746188
2020-04-17 13:57:00,152.856026319
2020-04-17 13:58:00,152.856026319
2020-04-17 13:59:00,152.7667257804
2020-04-17 14:00:00,152.772613728
2020-04-17 14:01:00,152.762800482
2020-04-17 14:02:00,151.840355358
2020-04-17 14:03:00,152.782426974
2020-04-17 14:04:00,152.880559434
2020-04-17 14:05:00,152.909999172
2020-04-17 14:06:00,152.870746188
2020-04-17 14:07:00,152.84130645
2020-04-17 14:08:00,152.84130645
2020-04-17 14:09:00,152.968878648
2020-04-17 14:10:00,153.027758124
2020-04-17 14:11:00,153.017944878
2020-04-17 14:12:00,153.13570383
2020-04-17 14:13:00,153.165143568
2020-04-17 14:14:00,153.13570383
2020-04-17 14:15:00,153.155330322
2020-04-17 14:16:00,153.263276028
2020-04-17 14:17:00,153.287809143
2020-04-17 14:18:00,153.292715766
2020-04-17 14:19:00,153.302529012
2020-04-17 14:20:00,153.29987943558
2020-04-17 14:21:00,153.341781996
2020-04-17 14:22:00,153.253462782
2020-04-17 14:23:00,153.312342258
2020-04-17 14:24:00,153.302529012
2020-04-17 14:25:00,153.484074063
2020-04-17 14:26:00,153.322155504
2020-04-17 14:27:00,153.341781996
2020-04-17 14:28:00,153.224023044
2020-04-17 14:29:00,153.174956814
2020-04-17 14:30:00,153.194583306
2020-04-17 14:31:00,152.909999172
2020-04-17 14:32:00,152.752987236
2020-04-17 14:33:00,152.703921006
2020-04-17 14:34:00,152.69410776
2020-04-17 14:35:00,152.586162054
2020-04-17 14:36:00,152.429150118
2020-04-17 14:37:00,152.218165329
2020-04-17 14:38:00,152.174005722
2020-04-17 14:39:00,152.105313
2020-04-17 14:40:00,152.124939492
2020-04-17 14:41:00,152.144565984
2020-04-17 14:42:00,152.232885198
2020-04-17 14:43:00,152.262324936
2020-04-17 14:44:00,152.232885198
2020-04-17 14:45:00,152.20344546
2020-04-17 14:46:00,152.311391166
2020-04-17 14:47:00,152.438963364
2020-04-17 14:48:00,152.507656086
2020-04-17 14:49:00,152.458589856
2020-04-17 14:50:00,152.458589856
2020-04-17 14:51:00,152.468403102
2020-04-17 14:52:00,152.429150118
2020-04-17 14:53:00,152.35064415
2020-04-17 14:54:00,152.409523626
2020-04-17 14:55:00,152.389897134
2020-04-17 14:56:00,152.458589856
2020-04-17 14:57:00,152.527282578
2020-04-17 14:58:00,152.468403102
2020-04-17 14:59:00,152.49784284
2020-04-17 15:00:00,152.586162054
2020-04-17 15:01:00,152.576348808
2020-04-17 15:02:00,152.699014383
2020-04-17 15:03:00,152.654854776
2020-04-17 15:04:00,152.620508415
2020-04-17 15:05:00,152.54690907
2020-04-17 15:06:00,152.556722316
2020-04-17 15:07:00,152.44877661
2020-04-17 15:08:00,152.478216348
2020-04-17 15:09:00,152.507656086
2020-04-17 15:10:00,152.54690907
2020-04-17 15:11:00,152.605788546
2020-04-17 15:12:00,152.625415038
2020-04-17 15:13:00,152.605788546
2020-04-17 15:14:00,152.605788546
2020-04-17 15:15:00,152.60588667846
2020-04-17 15:16:00,152.664668022
2020-04-17 15:17:00,152.762800482
2020-04-17 15:18:00,152.703921006
2020-04-17 15:19:00,152.69410776
2020-04-17 15:20:00,152.733360744
2020-04-17 15:21:00,152.79224022
2020-04-17 15:22:00,152.669574645
2020-04-17 15:23:00,152.605788546
2020-04-17 15:24:00,152.615601792
2020-04-17 15:25:00,152.649948153
2020-04-17 15:26:00,152.703921006
2020-04-17 15:27:00,152.679387891
2020-04-17 15:28:00,152.699014383
2020-04-17 15:29:00,152.654854776
2020-04-17 15:30:00,152.69410776
2020-04-17 15:31:00,152.654854776
2020-04-17 15:32:00,152.70029010498
2020-04-17 15:33:00,152.703921006
2020-04-17 15:34:00,152.84130645
2020-04-17 15:35:00,152.79224022
2020-04-17 15:36:00,152.860932942
2020-04-17 15:37:00,152.89037268
2020-04-17 15:38:00,153.155330322
2020-04-17 15:39:00,153.13570383
2020-04-17 15:40:00,153.174956814
2020-04-17 15:41:00,153.263276028
2020-04-17 15:42:00,153.361408488
2020-04-17 15:43:00,153.312342258
2020-04-17 15:44:00,153.145517076
2020-04-17 15:45:00,153.228929667
2020-04-17 15:46:00,153.346688619
2020-04-17 15:47:00,153.518420424
2020-04-17 15:48:00,153.538046916
2020-04-17 15:49:00,153.803004558
2020-04-17 15:50:00,153.960016494
2020-04-17 15:51:00,154.46049204
2020-04-17 15:52:00,154.342733088
2020-04-17 15:53:00,154.185721152
2020-04-17 15:54:00,154.26422712
2020-04-17 15:55:00,154.21516089
2020-04-17 15:56:00,154.254413874
2020-04-17 15:57:00,154.185721152
2020-04-17 15:58:00,154.126841676
2020-04-17 15:59:00,154.41142581
2020-04-17 16:00:00,154.352546334
2020-04-20 09:31:00,153.665619114
2020-04-20 09:32:00,153.538046916
2020-04-20 09:33:00,153.631272753
2020-04-20 09:34:00,153.469354194
2020-04-20 09:35:00,153.076824354
2020-04-20 09:36:00,152.89037268
2020-04-20 09:37:00,152.856026319
2020-04-20 09:38:00,152.895279303
2020-04-20 09:39:00,152.98850514
2020-04-20 09:40:00,152.851119696
2020-04-20 09:41:00,152.880559434
2020-04-20 09:42:00,152.851119696
2020-04-20 09:43:00,152.949252156
2020-04-20 09:44:00,153.017944878
2020-04-20 09:45:00,152.98850514
2020-04-20 09:46:00,153.165143568
2020-04-20 09:47:00,153.09213301776
2020-04-20 09:48:00,153.410474718
2020-04-20 09:49:00,153.449727702
2020-04-20 09:50:00,153.557673408
2020-04-20 09:51:00,153.06887562474
2020-04-20 09:52:00,153.33196875
2020-04-20 09:53:00,153.18477006
2020-04-20 09:54:00,153.297622389
2020-04-20 09:55:00,153.5772999
2020-04-20 09:56:00,153.71841437748
2020-04-20 09:57:00,153.47916744
2020-04-20 09:58:00,153.744125082
2020-04-20 09:59:00,153.77356482
2020-04-20 10:00:00,153.744125082
2020-04-20 10:01:00,153.6930962028
2020-04-20 10:02:00,153.6533525565
2020-04-20 10:03:00,153.5772999
2020-04-20 10:04:00,153.763751574
2020-04-20 10:05:00,153.645992622
2020-04-20 10:06:00,153.704872098
2020-04-20 10:07:00,153.38103498
2020-04-20 10:08:00,153.4222506132
2020-04-20 10:09:00,153.322155504
2020-04-20 10:10:00,153.518420424
2020-04-20 10:11:00,153.606739638
2020-04-20 10:12:00,153.459540948
2020-04-20 10:13:00,153.44835384756
2020-04-20 10:14:00,153.341781996
2020-04-20 10:15:00,153.459540948
2020-04-20 10:16:00,153.4659195579
2020-04-20 10:17:00,153.38103498
2020-04-20 10:18:00,153.38103498
2020-04-20 10:19:00,153.596926392
2020-04-20 10:20:00,153.763751574
2020-04-20 10:21:00,153.832444296
2020-04-20 10:22:00,154.01889597
2020-04-20 10:23:00,154.058148954
2020-04-20 10:24:00,154.009082724
2020-04-20 10:25:00,153.989456232
2020-04-20 10:26:00,153.94794620142
2020-04-20 10:27:00,154.038522462
2020-04-20 10:28:00,153.886417149
2020-04-20 10:29:00,154.048335708
2020-04-20 10:30:00,154.19671198752
2020-04-20 10:31:00,154.244600628
2020-04-20 10:32:00,154.31329335
2020-04-20 10:33:00,154.283853612
2020-04-20 10:34:00,154.288760235
2020-04-20 10:35:00,154.401612564
2020-04-20 10:36:00,154.31329335
2020-04-20 10:37:00,154.288760235
2020-04-20 10:38:00,154.283853612
2020-04-20 10:39:00,154.274040366
2020-04-20 10:40:00,154.26422712
2020-04-20 10:41:00,154.097401938
2020-04-20 10:42:00,154.126841676
2020-04-20 10:43:00,154.195534398
2020-04-20 10:44:00,154.36235958
2020-04-20 10:45:00,154.5586245
2020-04-20 10:46:00,154.646943714
2020-04-20 10:47:00,154.538998008
2020-04-20 10:48:00,154.578250992
2020-04-20 10:49:00,154.637130468
2020-04-20 10:50:00,154.843208634
2020-04-20 10:51:00,154.84733019732
2020-04-20 10:52:00,154.882461618
2020-04-20 10:53:00,154.990407324
2020-04-20 10:54:00,155.19648549
2020-04-20 10:55:00,155.088539784
2020-04-20 10:56:00,155.142512637
2020-04-20 10:57:00,155.15193335316
2020-04-20 10:58:00,155.029660308
2020-04-20 10:59:00,154.848115257
2020-04-20 11:00:00,154.691103321
2020-04-20 11:01:00,154.489931778
2020-04-20 11:02:00,154.41554737332
2020-04-20 11:03:00,154.60769073
2020-04-20 11:04:00,154.548811254
2020-04-20 11:05:00,154.578250992
2020-04-20 11:06:00,154.715636436
2020-04-20 11:07:00,154.990407324
2020-04-20 11:08:00,154.921714602
2020-04-20 11:09:00,154.95115434
2020-04-20 11:10:00,154.808862273
2020-04-20 11:11:00,154.85302188
2020-04-20 11:12:00,154.725449682
2020-04-20 11:13:00,154.686196698
2020-04-20 11:14:00,154.627317222
2020-04-20 11:15:00,154.617503976
2020-04-20 11:16:00,154.676383452
2020-04-20 11:17:00,154.794142404
2020-04-20 11:18:00,154.813768896
2020-04-20 11:19:00,154.843208634
2020-04-20 11:20:00,154.882461618
2020-04-20 11:21:00,154.92985959618
2020-04-20 11:22:00,155.137606014
2020-04-20 11:23:00,155.059100046
2020-04-20 11:24:00,155.255364966
2020-04-20 11:25:00,155.167045752
2020-04-20 11:26:00,155.265178212
2020-04-20 11:27:00,155.27459892816
2020-04-20 11:28:00,155.39275041
2020-04-20 11:29:00,155.456536509
2020-04-20 11:30:00,155.39275041
2020-04-20 11:31:00,155.35977790344
2020-04-20 11:32:00,155.353497426
2020-04-20 11:33:00,155.167045752
2020-04-20 11:34:00,155.235738474
2020-04-20 11:35:00,155.235738474
2020-04-20 11:36:00,155.58901533
2020-04-20 11:37:00,155.500696116
2020-04-20 11:38:00,155.530135854
2020-04-20 11:39:00,155.461443132
2020-04-20 11:40:00,155.373123918
2020-04-20 11:41:00,155.24555172
2020-04-20 11:42:00,155.481069624
2020-04-20 11:43:00,155.657708052
2020-04-20 11:44:00,155.68714779
2020-04-20 11:45:00,155.7838082631
2020-04-20 11:46:00,155.58901533
2020-04-20 11:47:00,155.574295461
2020-04-20 11:48:00,155.608641822
2020-04-20 11:49:00,155.49088287
2020-04-20 11:50:00,155.44181664
2020-04-20 11:51:00,155.451629886
2020-04-20 11:52:00,155.544855723
2020-04-20 11:53:00,155.608641822
2020-04-20 11:54:00,155.559575592
2020-04-20 11:55:00,155.436910017
2020-04-20 11:56:00,155.397657033
2020-04-20 11:57:00,155.299524573
2020-04-20 11:58:00,155.402563656
2020-04-20 11:59:00,155.373123918
2020-04-20 12:00:00,155.387843787
2020-04-20 12:01:00,155.387843787
2020-04-20 12:02:00,155.309337819
2020-04-20 12:03:00,155.324057688
2020-04-20 12:04:00,155.27479519308
2020-04-20 12:05:00,155.270084835
2020-04-20 12:06:00,155.314244442
2020-04-20 12:07:00,155.461443132
2020-04-20 12:08:00,155.412376902
2020-04-20 12:09:00,155.500696116
2020-04-20 12:10:00,155.647894806
2020-04-20 12:11:00,155.598828576
2020-04-20 12:12:00,155.613548445
2020-04-20 12:13:00,155.63808156
2020-04-20 12:14:00,155.657708052
2020-04-20 12:15:00,155.608641822
2020-04-20 12:16:00,155.68714779
2020-04-20 12:17:00,155.68714779
2020-04-20 12:18:00,155.775467004
2020-04-20 12:19:00,155.755840512
2020-04-20 12:20:00,155.755840512
2020-04-20 12:21:00,155.618455068
2020-04-20 12:22:00,155.667521298
2020-04-20 12:23:00,155.746027266
2020-04-20 12:24:00,155.873599464
2020-04-20 12:25:00,155.95200729954
2020-04-20 12:26:00,155.98154517
2020-04-20 12:27:00,155.893225956
2020-04-20 12:28:00,155.863786218
2020-04-20 12:29:00,155.863786218
2020-04-20 12:30:00,155.844159726
2020-04-20 12:31:00,155.937385563
2020-04-20 12:32:00,155.98154517
2020-04-20 12:33:00,156.060051138
2020-04-20 12:34:00,156.148370352
2020-04-20 12:35:00,156.148370352
2020-04-20 12:36:00,156.266129304
2020-04-20 12:37:00,156.266129304
2020-04-20 12:38:00,156.33884545686
2020-04-20 12:39:00,156.432954486
2020-04-20 12:40:00,156.364261764
2020-04-20 12:41:00,156.32500878
2020-04-20 12:42:00,156.364261764
2020-04-20 12:43:00,156.42314124
2020-04-20 12:44:00,156.540900192
2020-04-20 12:45:00,156.383888256
2020-04-20 12:46:00,156.354448518
2020-04-20 12:47:00,156.349541895
2020-04-20 12:48:00,156.432954486
2020-04-20 12:49:00,156.32500878
2020-04-20 12:50:00,156.388794879
2020-04-20 12:51:00,156.428047863
2020-04-20 12:52:00,156.4903619751
2020-04-20 12:53:00,156.413327994
2020-04-20 12:54:00,156.32500878
2020-04-20 12:55:00,156.334822026
2020-04-20 12:56:00,156.42314124
2020-04-20 12:57:00,156.452580978
2020-04-20 12:58:00,156.39968758206
2020-04-20 12:59:00,156.482020716
2020-04-20 13:00:00,156.42314124
2020-04-20 13:01:00,156.432954486
2020-04-20 13:02:00,156.246502812
2020-04-20 13:03:00,156.12874386
2020-04-20 13:04:00,156.17172587748
2020-04-20 13:05:00,156.094397499
2020-04-20 13:06:00,156.197436582
2020-04-20 13:07:00,156.187623336
2020-04-20 13:08:00,156.217063074
2020-04-20 13:09:00,156.17781009
2020-04-20 13:10:00,156.217063074
2020-04-20 13:11:00,156.020798154
2020-04-20 13:12:00,155.961918678
2020-04-20 13:13:00,156.09076659798
2020-04-20 13:14:00,156.084584253
2020-04-20 13:15:00,156.148370352
2020-04-20 13:16:00,156.182716713
2020-04-20 13:17:00,156.089490876
2020-04-20 13:18:00,156.22687632
2020-04-20 13:19:00,156.27594255
2020-04-20 13:20:00,156.349541895
2020-04-20 13:21:00,156.197436582
2020-04-20 13:22:00,156.050237892
2020-04-20 13:23:00,156.069864384
2020-04-20 13:24:00,155.957012055
2020-04-20 13:25:00,156.010984908
2020-04-20 13:26:00,155.98154517
2020-04-20 13:27:00,156.010984908
2020-04-20 13:28:00,156.0306114
2020-04-20 13:29:00,156.109117368
2020-04-20 13:30:00,156.187623336
2020-04-20 13:31:00,156.07967763
2020-04-20 13:32:00,155.991358416
2020-04-20 13:33:00,155.971731924
2020-04-20 13:34:00,155.888319333
2020-04-20 13:35:00,156.020798154
2020-04-20 13:36:00,156.069864384
2020-04-20 13:37:00,156.040424646
2020-04-20 13:38:00,156.11677169988
2020-04-20 13:39:00,156.133650483
2020-04-20 13:40:00,156.182716713
2020-04-20 13:41:00,156.32500878
2020-04-20 13:42:00,156.315195534
2020-04-20 13:43:00,156.403514748
2020-04-20 13:44:00,156.271035927
2020-04-20 13:45:00,156.24532522248
2020-04-20 13:46:00,156.256316058
2020-04-20 13:47:00,156.285755796
2020-04-20 13:48:00,156.364261764
2020-04-20 13:49:00,156.37407501
2020-04-20 13:50:00,156.315195534
2020-04-20 13:51:00,156.5212737
2020-04-20 13:52:00,156.639032652
2020-04-20 13:53:00,156.727351866
2020-04-20 13:54:00,156.81567108
2020-04-20 13:55:00,156.903990294
2020-04-20 13:56:00,156.972683016
2020-04-20 13:57:00,156.825484326
2020-04-20 13:58:00,156.854924064
2020-04-20 13:59:00,156.796044588
2020-04-20 14:00:00,156.88563952398
2020-04-20 14:01:00,156.923616786
2020-04-20 14:02:00,156.845110818
2020-04-20 14:03:00,156.91380354
2020-04-20 14:04:00,156.903990294
2020-04-20 14:05:00,156.8720972445
2020-04-20 14:06:00,156.874550556
2020-04-20 14:07:00,156.894177048
2020-04-20 14:08:00,156.894177048
2020-04-20 14:09:00,156.928523409
2020-04-20 14:10:00,156.933430032
2020-04-20 14:11:00,157.18818189816
2020-04-20 14:12:00,157.090441968
2020-04-20 14:13:00,156.972683016
2020-04-20 14:14:00,157.002122754
2020-04-20 14:15:00,157.011936
2020-04-20 14:16:00,156.98681409024
2020-04-20 14:17:00,157.065908853
2020-04-20 14:18:00,157.080628722
2020-04-20 14:19:00,156.933430032
2020-04-20 14:20:00,157.021749246
2020-04-20 14:21:00,157.100255214
2020-04-20 14:22:00,156.903990294
2020-04-20 14:23:00,156.923616786
2020-04-20 14:24:00,156.967776393
2020-04-20 14:25:00,156.894177048
2020-04-20 14:26:00,156.933430032
2020-04-20 14:27:00,156.918710163
2020-04-20 14:28:00,156.894177048
2020-04-20 14:29:00,156.845110818
2020-04-20 14:30:00,156.432954486
2020-04-20 14:31:00,156.658659144
2020-04-20 14:32:00,156.66847239
2020-04-20 14:33:00,156.835297572
2020-04-20 14:34:00,156.903990294
2020-04-20 14:35:00,156.796044588
2020-04-20 14:36:00,156.820577703
2020-04-20 14:37:00,156.81567108
2020-04-20 14:38:00,156.756791604
2020-04-20 14:39:00,156.599779668
2020-04-20 14:40:00,156.57033993
2020-04-20 14:41:00,156.47220747
2020-04-20 14:42:00,156.285755796
2020-04-20 14:43:00,156.266129304
2020-04-20 14:44:00,156.285755796
2020-04-20 14:45:00,156.2685826155
2020-04-20 14:46:00,156.182716713
2020-04-20 14:47:00,156.163090221
2020-04-20 14:48:00,156.221969697
2020-04-20 14:49:00,156.236689566
2020-04-20 14:50:00,156.315195534
2020-04-20 14:51:00,156.236689566
2020-04-20 14:52:00,156.236689566
2020-04-20 14:53:00,156.285755796
2020-04-20 14:54:00,156.212156451
2020-04-20 14:55:00,156.04356488472
2020-04-20 14:56:00,155.746027266
2020-04-20 14:57:00,155.696961036
2020-04-20 14:58:00,155.520322608
2020-04-20 14:59:00,155.402563656
2020-04-20 15:00:00,155.255364966
2020-04-20 15:01:00,155.461443132
2020-04-20 15:02:00,155.530135854
2020-04-20 15:03:00,155.667521298
2020-04-20 15:04:00,155.58901533
2020-04-20 15:05:00,155.510509362
2020-04-20 15:06:00,155.314244442
2020-04-20 15:07:00,155.137606014
2020-04-20 15:08:00,155.353497426
2020-04-20 15:09:00,155.49107913492
2020-04-20 15:10:00,155.520322608
2020-04-20 15:11:00,155.83434648
2020-04-20 15:12:00,155.73621402
2020-04-20 15:13:00,155.74239636498
2020-04-20 15:14:00,155.898132579
2020-04-20 15:15:00,155.76742014228
2020-04-20 15:16:00,155.657708052
2020-04-20 15:17:00,155.795093496
2020-04-20 15:18:00,155.77615393122
2020-04-20 15:19:00,155.83434648
2020-04-20 15:20:00,155.6047165236
2020-04-20 15:21:00,155.481069624
2020-04-20 15:22:00,155.525229231
2020-04-20 15:23:00,155.68714779
2020-04-20 15:24:00,155.559575592
2020-04-20 15:25:00,155.68724592246
2020-04-20 15:26:00,155.667521298
2020-04-20 15:27:00,155.76427990356
2020-04-20 15:28:00,155.598828576
2020-04-20 15:29:00,155.657708052
2020-04-20 15:30:00,155.83434648
2020-04-20 15:31:00,155.853972972
2020-04-20 15:32:00,155.922665694
2020-04-20 15:33:00,155.996265039
2020-04-20 15:34:00,156.099304122
2020-04-20 15:35:00,156.1763381031
2020-04-20 15:36:00,156.12874386
2020-04-20 15:37:00,156.089490876
2020-04-20 15:38:00,155.942292186
2020-04-20 15:39:00,155.530135854
2020-04-20 15:40:00,155.5399491
2020-04-20 15:41:00,155.216111982
2020-04-20 15:42:00,155.338777557
2020-04-20 15:43:00,155.09835303
2020-04-20 15:44:00,155.284804704
2020-04-20 15:45:00,155.333870934
2020-04-20 15:46:00,155.333870934
2020-04-20 15:47:00,155.324057688
2020-04-20 15:48:00,155.485976247
2020-04-20 15:49:00,155.500696116
2020-04-20 15:50:00,155.549762346
2020-04-20 15:51:00,154.882461618
2020-04-20 15:52:00,154.911901356
2020-04-20 15:53:00,154.892274864
2020-04-20 15:54:00,155.00022057
2020-04-20 15:55:00,155.181765621
2020-04-20 15:56:00,155.24555172
2020-04-20 15:57:00,155.24555172
2020-04-20 15:58:00,155.0492868
2020-04-20 15:59:00,155.14741926
2020-04-20 16:00:00,154.843208634
2020-04-21 09:31:00,152.232885198
2020-04-21 09:32:00,152.193632214
2020-04-21 09:33:00,152.365364019
2020-04-21 09:34:00,152.04093810624
2020-04-21 09:35:00,152.272138182
2020-04-21 09:36:00,152.085686508
2020-04-21 09:37:00,151.693156668
2020-04-21 09:38:00,151.526331486
2020-04-21 09:39:00,151.408572534
2020-04-21 09:40:00,151.5268221483
2020-04-21 09:41:00,151.899234834
2020-04-21 09:42:00,152.05624677
2020-04-21 09:43:00,151.820728866
2020-04-21 09:44:00,151.585210962
2020-04-21 09:45:00,151.595024208
2020-04-21 09:46:00,151.6303518936
2020-04-21 09:47:00,152.105313
2020-04-21 09:48:00,152.25251169
2020-04-21 09:49:00,152.164192476
2020-04-21 09:50:00,152.149472607
2020-04-21 09:51:00,152.026807032
2020-04-21 09:52:00,151.90904808
2020-04-21 09:53:00,151.79305551228
2020-04-21 09:54:00,152.134752738
2020-04-21 09:55:00,152.22326821692
2020-04-21 09:56:00,152.370270642
2020-04-21 09:57:00,152.625415038
2020-04-21 09:58:00,152.654854776
2020-04-21 09:59:00,152.586162054
2020-04-21 10:00:00,152.370270642
2020-04-21 10:01:00,151.90904808
2020-04-21 10:02:00,151.820728866
2020-04-21 10:03:00,151.85998185
2020-04-21 10:04:00,152.139659361
2020-04-21 10:05:00,152.213258706
2020-04-21 10:06:00,152.291764674
2020-04-21 10:07:00,152.321204412
2020-04-21 10:08:00,152.502749463
2020-04-21 10:09:00,152.39971038
2020-04-21 10:10:00,152.134752738
2020-04-21 10:11:00,152.247605067
2020-04-21 10:12:00,152.100406377
2020-04-21 10:13:00,152.110219623
2020-04-21 10:14:00,152.149472607
2020-04-21 10:15:00,152.095499754
2020-04-21 10:16:00,152.11473371616
2020-04-21 10:17:00,152.095499754
2020-04-21 10:18:00,152.026807032
2020-04-21 10:19:00,151.90904808
2020-04-21 10:20:00,151.987554048
2020-04-21 10:21:00,152.169099099
2020-04-21 10:22:00,152.026807032
2020-04-21 10:23:00,151.95811431
2020-04-21 10:24:00,151.869795096
2020-04-21 10:25:00,152.23622170164
2020-04-21 10:26:00,152.434056741
2020-04-21 10:27:00,152.232885198
2020-04-21 10:28:00,152.134752738
2020-04-21 10:29:00,152.174005722
2020-04-21 10:30:00,152.242698444
2020-04-21 10:31:00,152.311391166
2020-04-21 10:32:00,152.26880167836
2020-04-21 10:33:00,152.178912345
2020-04-21 10:34:00,152.291764674
2020-04-21 10:35:00,152.424243495
2020-04-21 10:36:00,152.218165329
2020-04-21 10:37:00,152.20344546
2020-04-21 10:38:00,152.1023690262
2020-04-21 10:39:00,152.183818968
2020-04-21 10:40:00,152.178912345
2020-04-21 10:41:00,152.488029594
2020-04-21 10:42:00,152.635228284
2020-04-21 10:43:00,152.62659262752
2020-04-21 10:44:00,152.684294514
2020-04-21 10:45:00,152.69410776
2020-04-21 10:46:00,152.517469332
2020-04-21 10:47:00,152.22248315724
2020-04-21 10:48:00,152.134752738
2020-04-21 10:49:00,152.075873262
2020-04-21 10:50:00,151.85046300138
2020-04-21 10:51:00,151.889421588
2020-04-21 10:52:00,151.869795096
2020-04-21 10:53:00,151.938487818
2020-04-21 10:54:00,151.884514965
2020-04-21 10:55:00,151.81101375246
2020-04-21 10:56:00,151.771662636
2020-04-21 10:57:00,151.79629388346
2020-04-21 10:58:00,151.702969914
2020-04-21 10:59:00,151.796195751
2020-04-21 11:00:00,151.379132796
2020-04-21 11:01:00,151.330066566
2020-04-21 11:02:00,151.212307614
2020-04-21 11:03:00,151.290813582
2020-04-21 11:04:00,151.403665911
2020-04-21 11:05:00,151.281000336
2020-04-21 11:06:00,150.996416202
2020-04-21 11:07:00,151.020949317
2020-04-21 11:08:00,151.045482432
2020-04-21 11:09:00,151.192681122
2020-04-21 11:10:00,151.212307614
2020-04-21 11:11:00,151.104361908
2020-04-21 11:12:00,151.0297812384
2020-04-21 11:13:00,151.099455285
2020-04-21 11:14:00,150.952256595
2020-04-21 11:15:00,150.996416202
2020-04-21 11:16:00,150.8217404232
2020-04-21 11:17:00,150.908096988
2020-04-21 11:18:00,150.937536726
2020-04-21 11:19:00,151.202494368
2020-04-21 11:20:00,151.334973189
2020-04-21 11:21:00,151.545957978
2020-04-21 11:22:00,151.6146507
2020-04-21 11:23:00,151.541051355
2020-04-21 11:24:00,151.452732141
2020-04-21 11:25:00,151.354599681
2020-04-21 11:26:00,151.246653975
2020-04-21 11:27:00,151.11770792256
2020-04-21 11:28:00,150.996416202
2020-04-21 11:29:00,151.349693058
2020-04-21 11:30:00,151.182867876
2020-04-21 11:31:00,151.43232058932
2020-04-21 11:32:00,151.634277192
2020-04-21 11:33:00,151.496891748
2020-04-21 11:34:00,151.46951279166
2020-04-21 11:35:00,151.727503029
2020-04-21 11:36:00,151.27118709
2020-04-21 11:37:00,151.153428138
2020-04-21 11:38:00,150.937536726
2020-04-21 11:39:00,150.863937381
2020-04-21 11:40:00,150.800151282
2020-04-21 11:41:00,150.78052479
2020-04-21 11:42:00,150.78052479
2020-04-21 11:43:00,150.937536726
2020-04-21 11:44:00,150.785431413
2020-04-21 11:45:00,150.898283742
2020-04-21 11:46:00,150.898283742
2020-04-21 11:47:00,151.001322825
2020-04-21 11:48:00,150.883563873
2020-04-21 11:49:00,151.006229448
2020-04-21 11:50:00,151.065108924
2020-04-21 11:51:00,151.07492217
2020-04-21 11:52:00,151.07492217
2020-04-21 11:53:00,151.153428138
2020-04-21 11:54:00,151.330066566
2020-04-21 11:55:00,151.236840729
2020-04-21 11:56:00,151.29895857618
2020-04-21 11:57:00,151.349693058
2020-04-21 11:58:00,151.310440074
2020-04-21 11:59:00,151.27118709
2020-04-21 12:00:00,151.330066566
2020-04-21 12:01:00,151.22212086
2020-04-21 12:02:00,151.143614892
2020-04-21 12:03:00,151.153428138
2020-04-21 12:04:00,151.040575809
2020-04-21 12:05:00,150.981696333
2020-04-21 12:06:00,151.177961253
2020-04-21 12:07:00,151.109268531
2020-04-21 12:08:00,151.202494368
2020-04-21 12:09:00,151.07502030246
2020-04-21 12:10:00,151.231934106
2020-04-21 12:11:00,151.325159943
2020-04-21 12:12:00,151.295720205
2020-04-21 12:13:00,151.138708269
2020-04-21 12:14:00,151.08463728354
2020-04-21 12:15:00,151.040575809
2020-04-21 12:16:00,151.094548662
2020-04-21 12:17:00,150.991509579
2020-04-21 12:18:00,150.991509579
2020-04-21 12:19:00,150.957163218
2020-04-21 12:20:00,151.045482432
2020-04-21 12:21:00,151.153428138
2020-04-21 12:22:00,151.011136071
2020-04-21 12:23:00,151.045482432
2020-04-21 12:24:00,150.996416202
2020-04-21 12:25:00,150.805057905
2020-04-21 12:26:00,150.73145856
2020-04-21 12:27:00,150.613699608
2020-04-21 12:28:00,150.456687672
2020-04-21 12:29:00,150.594073116
2020-04-21 12:30:00,150.706925445
2020-04-21 12:31:00,150.82949288754
2020-04-21 12:32:00,150.726551937
2020-04-21 12:33:00,150.755991675
2020-04-21 12:34:00,150.711832068
2020-04-21 12:35:00,150.594073116
2020-04-21 12:36:00,150.559726755
2020-04-21 12:37:00,150.520473771
2020-04-21 12:38:00,150.402714819
2020-04-21 12:39:00,150.348741966
2020-04-21 12:40:00,150.466500918
2020-04-21 12:41:00,150.6333261
2020-04-21 12:42:00,150.500847279
2020-04-21 12:43:00,150.43706118
2020-04-21 12:44:00,150.432154557
2020-04-21 12:45:00,150.33892872
2020-04-21 12:46:00,150.53519364
2020-04-21 12:47:00,150.564633378
2020-04-21 12:48:00,150.608792985
2020-04-21 12:49:00,150.623512854
2020-04-21 12:50:00,150.579353247
2020-04-21 12:51:00,150.711832068
2020-04-21 12:52:00,150.854124135
2020-04-21 12:53:00,150.908096988
2020-04-21 12:54:00,150.78052479
2020-04-21 12:55:00,150.859030758
2020-04-21 12:56:00,150.78062292246
2020-04-21 12:57:00,150.7098694188
2020-04-21 12:58:00,150.6475553067
2020-04-21 12:59:00,150.687298953
2020-04-21 13:00:00,150.78052479
2020-04-21 13:01:00,150.863937381
2020-04-21 13:02:00,150.775618167
2020-04-21 13:03:00,150.74136993846
2020-04-21 13:04:00,150.741271806
2020-04-21 13:05:00,150.760898298
2020-04-21 13:06:00,150.702018822
2020-04-21 13:07:00,150.6333261
2020-04-21 13:08:00,150.530287017
2020-04-21 13:09:00,150.603886362
2020-04-21 13:10:00,150.638232723
2020-04-21 13:11:00,150.598979739
2020-04-21 13:12:00,150.73145856
2020-04-21 13:13:00,150.603886362
2020-04-21 13:14:00,150.48612741
2020-04-21 13:15:00,150.564633378
2020-04-21 13:16:00,150.613699608
2020-04-21 13:17:00,150.53519364
2020-04-21 13:18:00,150.515567148
2020-04-21 13:19:00,150.495940656
2020-04-21 13:20:00,150.515567148
2020-04-21 13:21:00,150.751085052
2020-04-21 13:22:00,150.78052479
2020-04-21 13:23:00,150.765804921
2020-04-21 13:24:00,150.942443349
2020-04-21 13:25:00,150.859030758
2020-04-21 13:26:00,150.8703159909
2020-04-21 13:27:00,150.795244659
2020-04-21 13:28:00,150.623512854
2020-04-21 13:29:00,150.623512854
2020-04-21 13:30:00,150.751085052
2020-04-21 13:31:00,150.672579084
2020-04-21 13:32:00,150.5587454304
2020-04-21 13:33:00,150.623512854
2020-04-21 13:34:00,150.672579084
2020-04-21 13:35:00,150.716738691
2020-04-21 13:36:00,150.554820132
2020-04-21 13:37:00,150.790338036
2020-04-21 13:38:00,150.839404266
2020-04-21 13:39:00,150.91221855132
2020-04-21 13:40:00,150.898283742
2020-04-21 13:41:00,150.751085052
2020-04-21 13:42:00,150.751085052
2020-04-21 13:43:00,150.78052479
2020-04-21 13:44:00,150.760898298
2020-04-21 13:45:00,150.839404266
2020-04-21 13:46:00,150.73145856
2020-04-21 13:47:00,150.554820132
2020-04-21 13:48:00,150.427247934
2020-04-21 13:49:00,150.38799495
2020-04-21 13:50:00,150.250609506
2020-04-21 13:51:00,150.309488982
2020-04-21 13:52:00,150.383088327
2020-04-21 13:53:00,150.319302228
2020-04-21 13:54:00,150.392901573
2020-04-21 13:55:00,150.329115474
2020-04-21 13:56:00,150.21636127746
2020-04-21 13:57:00,150.19173003
2020-04-21 13:58:00,150.23255313336
2020-04-21 13:59:00,150.118130685
2020-04-21 14:00:00,150.206449899
2020-04-21 14:01:00,149.980745241
2020-04-21 14:02:00,149.877706158
2020-04-21 14:03:00,149.818826682
2020-04-21 14:04:00,149.6520015
2020-04-21 14:05:00,149.755040583
2020-04-21 14:06:00,149.573495532
2020-04-21 14:07:00,149.730507468
2020-04-21 14:08:00,149.887519404
2020-04-21 14:09:00,149.877706158
2020-04-21 14:10:00,149.79920019
2020-04-21 14:11:00,149.745227337
2020-04-21 14:12:00,149.828639928
2020-04-21 14:13:00,149.75013396
2020-04-21 14:14:00,149.759947206
2020-04-21 14:15:00,149.877706158
2020-04-21 14:16:00,149.858079666
2020-04-21 14:17:00,149.70106773
2020-04-21 14:18:00,149.730507468
2020-04-21 14:19:00,149.563682286
2020-04-21 14:20:00,149.598028647
2020-04-21 14:21:00,149.563682286
2020-04-21 14:22:00,149.367417366
2020-04-21 14:23:00,149.593122024
2020-04-21 14:24:00,149.877706158
2020-04-21 14:25:00,149.892426027
2020-04-21 14:26:00,149.67476823072
2020-04-21 14:27:00,149.858079666
2020-04-21 14:28:00,149.828639928
2020-04-21 14:29:00,149.818826682
2020-04-21 14:30:00,149.710880976
2020-04-21 14:31:00,149.593122024
2020-04-21 14:32:00,149.475363072
2020-04-21 14:33:00,149.50480281
2020-04-21 14:34:00,149.347790874
2020-04-21 14:35:00,149.274191529
2020-04-21 14:36:00,149.249658414
2020-04-21 14:37:00,149.298724644
2020-04-21 14:38:00,149.249658414
2020-04-21 14:39:00,149.151525954
2020-04-21 14:40:00,149.293818021
2020-04-21 14:41:00,148.906194804
2020-04-21 14:42:00,148.857128574
2020-04-21 14:43:00,148.808062344
2020-04-21 14:44:00,148.660863654
2020-04-21 14:45:00,148.651050408
2020-04-21 14:46:00,148.592170932
2020-04-21 14:47:00,148.81787559
2020-04-21 14:48:00,148.812968967
2020-04-21 14:49:00,148.950354411
2020-04-21 14:50:00,148.945447788
2020-04-21 14:51:00,148.999420641
2020-04-21 14:52:00,148.925821296
2020-04-21 14:53:00,149.028860379
2020-04-21 14:54:00,149.2830234504
2020-04-21 14:55:00,149.40667035
2020-04-21 14:56:00,149.25947166
2020-04-21 14:57:00,149.30853789
2020-04-21 14:58:00,149.347790874
2020-04-21 14:59:00,149.470456449
2020-04-21 15:00:00,149.593122024
2020-04-21 15:01:00,149.666721369
2020-04-21 15:02:00,149.745227337
2020-04-21 15:03:00,149.730507468
2020-04-21 15:04:00,149.58586022196
2020-04-21 15:05:00,149.612748516
2020-04-21 15:06:00,149.514616056
2020-04-21 15:07:00,149.038673625
2020-04-21 15:08:00,149.30853789
2020-04-21 15:09:00,149.190778938
2020-04-21 15:10:00,149.220218676
2020-04-21 15:11:00,149.36869308798
2020-04-21 15:12:00,149.244751791
2020-04-21 15:13:00,149.279098152
2020-04-21 15:14:00,149.279098152
2020-04-21 15:15:00,149.593122024
2020-04-21 15:16:00,149.55386904
2020-04-21 15:17:00,149.79920019
2020-04-21 15:18:00,149.740320714
2020-04-21 15:19:00,149.671627992
2020-04-21 15:20:00,149.916959142
2020-04-21 15:21:00,149.84826642
2020-04-21 15:22:00,150.019998225
2020-04-21 15:23:00,150.069064455
2020-04-21 15:24:00,149.94639888
2020-04-21 15:25:00,149.84826642
2020-04-21 15:26:00,149.916959142
2020-04-21 15:27:00,149.877706158
2020-04-21 15:28:00,150.073971078
2020-04-21 15:29:00,149.966025372
2020-04-21 15:30:00,150.088690947
2020-04-21 15:31:00,150.172103538
2020-04-21 15:32:00,150.083784324
2020-04-21 15:33:00,150.029811471
2020-04-21 15:34:00,150.299675736
2020-04-21 15:35:00,150.2206791057
2020-04-21 15:36:00,150.692205576
2020-04-21 15:37:00,150.947349972
2020-04-21 15:38:00,150.760898298
2020-04-21 15:39:00,150.662765838
2020-04-21 15:40:00,150.702018822
2020-04-21 15:41:00,150.603886362
2020-04-21 15:42:00,150.45492128772
2020-04-21 15:43:00,150.329115474
2020-04-21 15:44:00,150.319302228
2020-04-21 15:45:00,150.280049244
2020-04-21 15:46:00,150.19173003
2020-04-21 15:47:00,149.99546511
2020-04-21 15:48:00,149.8546450299
2020-04-21 15:49:00,149.79920019
2020-04-21 15:50:00,149.70106773
2020-04-21 15:51:00,149.583308778
2020-04-21 15:52:00,149.6520015
2020-04-21 15:53:00,149.598028647
2020-04-21 15:54:00,149.494989564
2020-04-21 15:55:00,149.465549826
2020-04-21 15:56:00,149.548962417
2020-04-21 15:57:00,149.916959142
2020-04-21 15:58:00,149.779573698
2020-04-21 15:59:00,149.975838618
2020-04-21 16:00:00,149.818826682
2020-04-22 09:31:00,151.41838578
2020-04-22 09:32:00,151.251560598
2020-04-22 09:33:00,151.18296600846
2020-04-22 09:34:00,151.447825518
2020-04-22 09:35:00,151.398759288
2020-04-22 09:36:00,151.575397716
2020-04-22 09:37:00,151.290813582
2020-04-22 09:38:00,151.531238109
2020-04-22 09:39:00,151.997367294
2020-04-22 09:40:00,151.928674572
2020-04-22 09:41:00,152.64504153
2020-04-22 09:42:00,152.41649103066
2020-04-22 09:43:00,152.620508415
2020-04-22 09:44:00,152.635228284
2020-04-22 09:45:00,152.772613728
2020-04-22 09:46:00,152.880559434
2020-04-22 09:47:00,152.89037268
2020-04-22 09:48:00,152.89037268
2020-04-22 09:49:00,152.851119696
2020-04-22 09:50:00,152.566535562
2020-04-22 09:51:00,152.331017658
2020-04-22 09:52:00,152.478216348
2020-04-22 09:53:00,152.35064415
2020-04-22 09:54:00,152.424243495
2020-04-22 09:55:00,152.69410776
2020-04-22 09:56:00,152.762800482
2020-04-22 09:57:00,152.649948153
2020-04-22 09:58:00,152.84130645
2020-04-22 09:59:00,153.076824354
2020-04-22 10:00:00,153.390848226
2020-04-22 10:01:00,153.385941603
2020-04-22 10:02:00,153.199489929
2020-04-22 10:03:00,153.18477006
2020-04-22 10:04:00,153.032664747
2020-04-22 10:05:00,153.13570383
2020-04-22 10:06:00,153.194583306
2020-04-22 10:07:00,153.361408488
2020-04-22 10:08:00,153.33196875
2020-04-22 10:09:00,153.425194587
2020-04-22 10:10:00,153.474260817
2020-04-22 10:11:00,153.817724427
2020-04-22 10:12:00,153.891323772
2020-04-22 10:13:00,154.0679622
2020-04-22 10:14:00,154.009082724
2020-04-22 10:15:00,154.01889597
2020-04-22 10:16:00,154.053242331
2020-04-22 10:17:00,153.518420424
2020-04-22 10:18:00,153.116077338
2020-04-22 10:19:00,152.93943891
2020-04-22 10:20:00,153.017944878
2020-04-22 10:21:00,152.983598517
2020-04-22 10:22:00,152.929625664
2020-04-22 10:23:00,152.718640875
2020-04-22 10:24:00,152.762800482
2020-04-22 10:25:00,152.826586581
2020-04-22 10:26:00,152.914905795
2020-04-22 10:27:00,152.919812418
2020-04-22 10:28:00,152.5959753
2020-04-22 10:29:00,152.586162054
2020-04-22 10:30:00,152.488029594
2020-04-22 10:31:00,152.438963364
2020-04-22 10:32:00,152.483122971
2020-04-22 10:33:00,152.478216348
2020-04-22 10:34:00,152.281951428
2020-04-22 10:35:00,152.291764674
2020-04-22 10:36:00,152.409523626
2020-04-22 10:37:00,152.44877661
2020-04-22 10:38:00,152.586162054
2020-04-22 10:39:00,152.689201137
2020-04-22 10:40:00,152.6445508677
2020-04-22 10:41:00,152.664668022
2020-04-22 10:42:00,152.79224022
2020-04-22 10:43:00,152.74317399
2020-04-22 10:44:00,152.64504153
2020-04-22 10:45:00,152.625415038
2020-04-22 10:46:00,152.438963364
2020-04-22 10:47:00,152.409523626
2020-04-22 10:48:00,152.331017658
2020-04-22 10:49:00,152.25967535958
2020-04-22 10:50:00,152.237791821
2020-04-22 10:51:00,152.429150118
2020-04-22 10:52:00,152.35064415
2020-04-22 10:53:00,152.134752738
2020-04-22 10:54:00,152.046433524
2020-04-22 10:55:00,152.05624677
2020-04-22 10:56:00,151.95811431
2020-04-22 10:57:00,152.00718054
2020-04-22 10:58:00,152.262324936
2020-04-22 10:59:00,152.331017658
2020-04-22 11:00:00,152.046433524
2020-04-22 11:01:00,152.20344546
2020-04-22 11:02:00,152.566535562
2020-04-22 11:03:00,152.75750132916
2020-04-22 11:04:00,152.615601792
2020-04-22 11:05:00,152.968878648
2020-04-22 11:06:00,153.076824354
2020-04-22 11:07:00,153.165143568
2020-04-22 11:08:00,153.23383629
2020-04-22 11:09:00,153.165143568
2020-04-22 11:10:00,153.165143568
2020-04-22 11:11:00,153.22902779946
2020-04-22 11:12:00,153.376128357
2020-04-22 11:13:00,153.523327047
2020-04-22 11:14:00,153.67543236
2020-04-22 11:15:00,153.469354194
2020-04-22 11:16:00,153.704872098
2020-04-22 11:17:00,153.79328944446
2020-04-22 11:18:00,153.842257542
2020-04-22 11:19:00,154.038522462
2020-04-22 11:20:00,153.979642986
2020-04-22 11:21:00,153.842257542
2020-04-22 11:22:00,153.538046916
2020-04-22 11:23:00,153.518420424
2020-04-22 11:24:00,153.43010121
2020-04-22 11:25:00,153.199489929
2020-04-22 11:26:00,153.371221734
2020-04-22 11:27:00,153.28290252
2020-04-22 11:28:00,153.125890584
2020-04-22 11:29:00,153.116077338
2020-04-22 11:30:00,153.140610453
2020-04-22 11:31:00,153.160236945
2020-04-22 11:32:00,153.3241181532
2020-04-22 11:33:00,153.390848226
2020-04-22 11:34:00,153.758844951
2020-04-22 11:35:00,153.685245606
2020-04-22 11:36:00,153.616552884
2020-04-22 11:37:00,153.547860162
2020-04-22 11:38:00,153.616552884
2020-04-22 11:39:00,153.557673408
2020-04-22 11:40:00,153.538046916
2020-04-22 11:41:00,153.488980686
2020-04-22 11:42:00,153.376128357
2020-04-22 11:43:00,153.52823367
2020-04-22 11:44:00,153.459540948
2020-04-22 11:45:00,153.47916744
2020-04-22 11:46:00,153.5365749291
2020-04-22 11:47:00,153.685245606
2020-04-22 11:48:00,153.729405213
2020-04-22 11:49:00,153.685245606
2020-04-22 11:50:00,153.739218459
2020-04-22 11:51:00,153.798097935
2020-04-22 11:52:00,153.57739803246
2020-04-22 11:53:00,153.606739638
2020-04-22 11:54:00,153.62636613
2020-04-22 11:55:00,153.67543236
2020-04-22 11:56:00,153.513513801
2020-04-22 11:57:00,153.33196875
2020-04-22 11:58:00,153.33275380968
2020-04-22 11:59:00,153.336875373
2020-04-22 12:00:00,153.027758124
2020-04-22 12:01:00,153.26043018666
2020-04-22 12:02:00,153.204396552
2020-04-22 12:03:00,153.41901224202
2020-04-22 12:04:00,153.38103498
2020-04-22 12:05:00,153.341781996
2020-04-22 12:06:00,153.449727702
2020-04-22 12:07:00,153.459540948
2020-04-22 12:08:00,153.410474718
2020-04-22 12:09:00,153.273089274
2020-04-22 12:10:00,153.287809143
2020-04-22 12:11:00,153.302529012
2020-04-22 12:12:00,153.346688619
2020-04-22 12:13:00,153.459540948
2020-04-22 12:14:00,153.567486654
2020-04-22 12:15:00,153.410474718
2020-04-22 12:16:00,153.400661472
2020-04-22 12:17:00,153.420287964
2020-04-22 12:18:00,153.312342258
2020-04-22 12:19:00,153.312342258
2020-04-22 12:20:00,153.263276028
2020-04-22 12:21:00,153.204396552
2020-04-22 12:22:00,153.194583306
2020-04-22 12:23:00,153.31764141084
2020-04-22 12:24:00,153.33196875
2020-04-22 12:25:00,153.361408488
2020-04-22 12:26:00,153.400661472
2020-04-22 12:27:00,153.371221734
2020-04-22 12:28:00,153.65502080832
2020-04-22 12:29:00,153.62636613
2020-04-22 12:30:00,153.557673408
2020-04-22 12:31:00,153.67543236
2020-04-22 12:32:00,153.655805868
2020-04-22 12:33:00,153.616552884
2020-04-22 12:34:00,153.67543236
2020-04-22 12:35:00,153.616552884
2020-04-22 12:36:00,153.587113146
2020-04-22 12:37:00,153.62636613
2020-04-22 12:38:00,153.734311836
2020-04-22 12:39:00,153.596926392
2020-04-22 12:40:00,153.76649928288
2020-04-22 12:41:00,153.827537673
2020-04-22 12:42:00,153.881510526
2020-04-22 12:43:00,154.0576582917
2020-04-22 12:44:00,153.881510526
2020-04-22 12:45:00,153.82263105
2020-04-22 12:46:00,153.803004558
2020-04-22 12:47:00,153.685245606
2020-04-22 12:48:00,153.606739638
2020-04-22 12:49:00,153.606739638
2020-04-22 12:50:00,153.62636613
2020-04-22 12:51:00,153.43010121
2020-04-22 12:52:00,153.336875373
2020-04-22 12:53:00,153.38103498
2020-04-22 12:54:00,153.420287964
2020-04-22 12:55:00,153.38103498
2020-04-22 12:56:00,153.263276028
2020-04-22 12:57:00,153.189676683
2020-04-22 12:58:00,153.13570383
2020-04-22 12:59:00,153.174956814
2020-04-22 13:00:00,153.106264092
2020-04-22 13:01:00,153.057197862
2020-04-22 13:02:00,153.096450846
2020-04-22 13:03:00,152.993411763
2020-04-22 13:04:00,153.017944878
2020-04-22 13:05:00,153.047384616
2020-04-22 13:06:00,153.008131632
2020-04-22 13:07:00,153.116077338
2020-04-22 13:08:00,153.263276028
2020-04-22 13:09:00,153.25336464954
2020-04-22 13:10:00,153.155330322
2020-04-22 13:11:00,153.204396552
2020-04-22 13:12:00,153.307435635
2020-04-22 13:13:00,153.371221734
2020-04-22 13:14:00,153.39163328568
2020-04-22 13:15:00,153.277995897
2020-04-22 13:16:00,153.23383629
2020-04-22 13:17:00,153.214209798
2020-04-22 13:18:00,153.214209798
2020-04-22 13:19:00,153.253462782
2020-04-22 13:20:00,153.2475748344
2020-04-22 13:21:00,153.155330322
2020-04-22 13:22:00,153.273089274
2020-04-22 13:23:00,153.18005970192
2020-04-22 13:24:00,153.24835989408
2020-04-22 13:25:00,153.155330322
2020-04-22 13:26:00,153.125890584
2020-04-22 13:27:00,153.243649536
2020-04-22 13:28:00,153.268182651
2020-04-22 13:29:00,153.307435635
2020-04-22 13:30:00,153.341781996
2020-04-22 13:31:00,153.459540948
2020-04-22 13:32:00,153.346688619
2020-04-22 13:33:00,153.273089274
2020-04-22 13:34:00,153.327062127
2020-04-22 13:35:00,153.263276028
2020-04-22 13:36:00,153.351595242
2020-04-22 13:37:00,153.410474718
2020-04-22 13:38:00,153.508607178
2020-04-22 13:39:00,153.47916744
2020-04-22 13:40:00,153.351595242
2020-04-22 13:41:00,153.390848226
2020-04-22 13:42:00,153.415381341
2020-04-22 13:43:00,153.587113146
2020-04-22 13:44:00,153.5772999
2020-04-22 13:45:00,153.803004558
2020-04-22 13:46:00,153.763751574
2020-04-22 13:47:00,153.763751574
2020-04-22 13:48:00,153.763751574
2020-04-22 13:49:00,153.803004558
2020-04-22 13:50:00,153.842257542
2020-04-22 13:51:00,153.82263105
2020-04-22 13:52:00,153.852070788
2020-04-22 13:53:00,153.930576756
2020-04-22 13:54:00,154.028709216
2020-04-22 13:55:00,153.901137018
2020-04-22 13:56:00,153.852070788
2020-04-22 13:57:00,153.852070788
2020-04-22 13:58:00,153.837350919
2020-04-22 13:59:00,153.812817804
2020-04-22 14:00:00,153.803004558
2020-04-22 14:01:00,153.793191312
2020-04-22 14:02:00,153.714685344
2020-04-22 14:03:00,153.734311836
2020-04-22 14:04:00,153.77356482
2020-04-22 14:05:00,153.783378066
2020-04-22 14:06:00,153.7642422363
2020-04-22 14:07:00,153.763751574
2020-04-22 14:08:00,153.734311836
2020-04-22 14:09:00,153.798097935
2020-04-22 14:10:00,153.891323772
2020-04-22 14:11:00,153.910950264
2020-04-22 14:12:00,153.96982974
2020-04-22 14:13:00,154.136654922
2020-04-22 14:14:00,154.11702843
2020-04-22 14:15:00,154.087588692
2020-04-22 14:16:00,154.028709216
2020-04-22 14:17:00,154.013989347
2020-04-22 14:18:00,154.028709216
2020-04-22 14:19:00,154.087588692
2020-04-22 14:20:00,154.033615839
2020-04-22 14:21:00,154.087588692
2020-04-22 14:22:00,154.200441021
2020-04-22 14:23:00,154.146468168
2020-04-22 14:24:00,154.107215184
2020-04-22 14:25:00,154.11702843
2020-04-22 14:26:00,154.097401938
2020-04-22 14:27:00,154.038522462
2020-04-22 14:28:00,153.950203248
2020-04-22 14:29:00,153.812817804
2020-04-22 14:30:00,153.798097935
2020-04-22 14:31:00,153.930576756
2020-04-22 14:32:00,153.960016494
2020-04-22 14:33:00,154.0552049802
2020-04-22 14:34:00,154.077775446
2020-04-22 14:35:00,154.126841676
2020-04-22 14:36:00,154.107215184
2020-04-22 14:37:00,154.0679622
2020-04-22 14:38:00,154.136654922
2020-04-22 14:39:00,154.0679622
2020-04-22 14:40:00,154.048335708
2020-04-22 14:41:00,154.038522462
2020-04-22 14:42:00,154.0679622
2020-04-22 14:43:00,154.16609466
2020-04-22 14:44:00,154.244600628
2020-04-22 14:45:00,154.224974136
2020-04-22 14:46:00,154.254413874
2020-04-22 14:47:00,154.254413874
2020-04-22 14:48:00,154.249507251
2020-04-22 14:49:00,154.278946989
2020-04-22 14:50:00,154.274040366
2020-04-22 14:51:00,154.259320497
2020-04-22 14:52:00,154.244600628
2020-04-22 14:53:00,154.234787382
2020-04-22 14:54:00,154.136654922
2020-04-22 14:55:00,154.097401938
2020-04-22 14:56:00,154.097401938
2020-04-22 14:57:00,154.14774388998
2020-04-22 14:58:00,154.175907906
2020-04-22 14:59:00,154.20701589582
2020-04-22 15:00:00,154.156281414
2020-04-22 15:01:00,154.0679622
2020-04-22 15:02:00,154.038522462
2020-04-22 15:03:00,153.930576756
2020-04-22 15:04:00,153.984549609
2020-04-22 15:05:00,154.097401938
2020-04-22 15:06:00,153.930576756
2020-04-22 15:07:00,153.9080062902
2020-04-22 15:08:00,153.930576756
2020-04-22 15:09:00,153.940390002
2020-04-22 15:10:00,153.960016494
2020-04-22 15:11:00,153.989456232
2020-04-22 15:12:00,153.96982974
2020-04-22 15:13:00,154.028709216
2020-04-22 15:14:00,153.96982974
2020-04-22 15:15:00,153.763751574
2020-04-22 15:16:00,153.695058852
2020-04-22 15:17:00,153.636179376
2020-04-22 15:18:00,153.62636613
2020-04-22 15:19:00,153.665619114
2020-04-22 15:20:00,153.645992622
2020-04-22 15:21:00,153.645992622
2020-04-22 15:22:00,153.709778721
2020-04-22 15:23:00,153.645992622
2020-04-22 15:24:00,153.665619114
2020-04-22 15:25:00,153.67543236
2020-04-22 15:26:00,153.572393277
2020-04-22 15:27:00,153.616552884
2020-04-22 15:28:00,153.636179376
2020-04-22 15:29:00,153.557673408
2020-04-22 15:30:00,153.538046916
2020-04-22 15:31:00,153.567486654
2020-04-22 15:32:00,153.449727702
2020-04-22 15:33:00,153.498793932
2020-04-22 15:34:00,153.410474718
2020-04-22 15:35:00,153.5027192304
2020-04-22 15:36:00,153.5503134735
2020-04-22 15:37:00,153.557673408
2020-04-22 15:38:00,153.48907881846
2020-04-22 15:39:00,153.518420424
2020-04-22 15:40:00,153.351595242
2020-04-22 15:41:00,153.327062127
2020-04-22 15:42:00,153.28290252
2020-04-22 15:43:00,153.341781996
2020-04-22 15:44:00,153.43010121
2020-04-22 15:45:00,153.596926392
2020-04-22 15:46:00,153.5405002275
2020-04-22 15:47:00,153.410474718
2020-04-22 15:48:00,153.33196875
2020-04-22 15:49:00,153.547860162
2020-04-22 15:50:00,153.881510526
2020-04-22 15:51:00,153.96982974
2020-04-22 15:52:00,154.038522462
2020-04-22 15:53:00,154.185721152
2020-04-22 15:54:00,154.175907906
2020-04-22 15:55:00,154.28179283034
2020-04-22 15:56:00,154.077775446
2020-04-22 15:57:00,153.955109871
2020-04-22 15:58:00,153.925670133
2020-04-22 15:59:00,153.92076351
2020-04-22 16:00:00,153.783378066
2020-04-23 09:31:00,152.91421886778
2020-04-23 09:32:00,152.036620278
2020-04-23 09:33:00,152.54690907
2020-04-23 09:34:00,153.420287964
2020-04-23 09:35:00,154.529184762
2020-04-23 09:36:00,155.059100046
2020-04-23 09:37:00,156.182716713
2020-04-23 09:38:00,155.642988183
2020-04-23 09:39:00,155.554668969
2020-04-23 09:40:00,155.333870934
2020-04-23 09:41:00,155.333870934
2020-04-23 09:42:00,155.44181664
2020-04-23 09:43:00,155.500696116
2020-04-23 09:44:00,155.775467004
2020-04-23 09:45:00,155.59892670846
2020-04-23 09:46:00,156.1100986926
2020-04-23 09:47:00,156.1552396242
2020-04-23 09:48:00,155.603735199
2020-04-23 09:49:00,155.893225956
2020-04-23 09:50:00,155.971731924
2020-04-23 09:51:00,155.780373627
2020-04-23 09:52:00,156.020798154
2020-04-23 09:53:00,155.814719988
2020-04-23 09:54:00,155.8309118439
2020-04-23 09:55:00,156.0306114
2020-04-23 09:56:00,156.447674355
2020-04-23 09:57:00,156.805857834
2020-04-23 09:58:00,157.561477776
2020-04-23 09:59:00,157.487878431
2020-04-23 10:00:00,158.081579814
2020-04-23 10:01:00,158.199338766
2020-04-23 10:02:00,158.312191095
2020-04-23 10:03:00,158.297471226
2020-04-23 10:04:00,157.375026102
2020-04-23 10:05:00,156.393701502
2020-04-23 10:06:00,156.91370540754
2020-04-23 10:07:00,157.011936
2020-04-23 10:08:00,157.20820092
2020-04-23 10:09:00,157.68934437138
2020-04-23 10:10:00,157.767555942
2020-04-23 10:11:00,157.316146626
2020-04-23 10:12:00,157.325959872
2020-04-23 10:13:00,157.375026102
2020-04-23 10:14:00,156.94707044394
2020-04-23 10:15:00,157.25726715
2020-04-23 10:16:00,157.40446584
2020-04-23 10:17:00,157.247453904
2020-04-23 10:18:00,156.923616786
2020-04-23 10:19:00,157.424092332
2020-04-23 10:20:00,157.463345316
2020-04-23 10:21:00,156.91380354
2020-04-23 10:22:00,156.776418096
2020-04-23 10:23:00,156.908896917
2020-04-23 10:24:00,156.580153176
2020-04-23 10:25:00,156.580153176
2020-04-23 10:26:00,156.040424646
2020-04-23 10:27:00,156.246502812
2020-04-23 10:28:00,156.020798154
2020-04-23 10:29:00,155.79931319178
2020-04-23 10:30:00,155.873599464
2020-04-23 10:31:00,156.158183598
2020-04-23 10:32:00,156.344635272
2020-04-23 10:33:00,157.0830820335
2020-04-23 10:34:00,157.075722099
2020-04-23 10:35:00,157.296520134
2020-04-23 10:36:00,157.27699177446
2020-04-23 10:37:00,157.286706888
2020-04-23 10:38:00,157.53566893902
2020-04-23 10:39:00,157.325959872
2020-04-23 10:40:00,157.139508198
2020-04-23 10:41:00,156.972683016
2020-04-23 10:42:00,157.296520134
2020-04-23 10:43:00,157.286706888
2020-04-23 10:44:00,156.972683016
2020-04-23 10:45:00,156.854924064
2020-04-23 10:46:00,156.648845898
2020-04-23 10:47:00,156.295569042
2020-04-23 10:48:00,156.1699594932
2020-04-23 10:49:00,156.261222681
2020-04-23 10:50:00,156.187623336
2020-04-23 10:51:00,156.133650483
2020-04-23 10:52:00,156.109117368
2020-04-23 10:53:00,156.61940616
2020-04-23 10:54:00,156.712631997
2020-04-23 10:55:00,156.496740585
2020-04-23 10:56:00,156.575246553
2020-04-23 10:57:00,156.53197013814
2020-04-23 10:58:00,156.825484326
2020-04-23 10:59:00,157.011936
2020-04-23 11:00:00,156.982496262
2020-04-23 11:01:00,156.796044588
2020-04-23 11:02:00,156.746978358
2020-04-23 11:03:00,156.889270425
2020-04-23 11:04:00,156.66847239
2020-04-23 11:05:00,156.550713438
2020-04-23 11:06:00,156.697912128
2020-04-23 11:07:00,156.693005505
2020-04-23 11:08:00,156.403514748
2020-04-23 11:09:00,156.364261764
2020-04-23 11:10:00,156.437861109
2020-04-23 11:11:00,156.580153176
2020-04-23 11:12:00,156.57033993
2020-04-23 11:13:00,156.776418096
2020-04-23 11:14:00,156.805857834
2020-04-23 11:15:00,156.776418096
2020-04-23 11:16:00,156.678285636
2020-04-23 11:17:00,156.599779668
2020-04-23 11:18:00,156.746978358
2020-04-23 11:19:00,156.6601311309
2020-04-23 11:20:00,156.663565767
2020-04-23 11:21:00,156.830390949
2020-04-23 11:22:00,156.707725374
2020-04-23 11:23:00,156.820577703
2020-04-23 11:24:00,156.91380354
2020-04-23 11:25:00,156.933430032
2020-04-23 11:26:00,156.825484326
2020-04-23 11:27:00,156.894177048
2020-04-23 11:28:00,156.845110818
2020-04-23 11:29:00,156.854924064
2020-04-23 11:30:00,156.845110818
2020-04-23 11:31:00,156.702818751
2020-04-23 11:32:00,156.634126029
2020-04-23 11:33:00,156.349541895
2020-04-23 11:34:00,156.354448518
2020-04-23 11:35:00,156.5075351556
2020-04-23 11:36:00,156.66847239
2020-04-23 11:37:00,156.658659144
2020-04-23 11:38:00,156.776418096
2020-04-23 11:39:00,156.663565767
2020-04-23 11:40:00,156.727351866
2020-04-23 11:41:00,156.702818751
2020-04-23 11:42:00,156.953056524
2020-04-23 11:43:00,157.0698341514
2020-04-23 11:44:00,157.100255214
2020-04-23 11:45:00,157.100255214
2020-04-23 11:46:00,157.041375738
2020-04-23 11:47:00,157.051188984
2020-04-23 11:48:00,157.20820092
2020-04-23 11:49:00,157.2042756216
2020-04-23 11:50:00,157.21291127808
2020-04-23 11:51:00,157.532038038
2020-04-23 11:52:00,157.45353207
2020-04-23 11:53:00,157.41643800012
2020-04-23 11:54:00,157.139508198
2020-04-23 11:55:00,157.25726715
2020-04-23 11:56:00,157.30633338
2020-04-23 11:57:00,157.178761182
2020-04-23 11:58:00,157.227827412
2020-04-23 11:59:00,157.218014166
2020-04-23 12:00:00,157.20820092
2020-04-23 12:01:00,157.22900500152
2020-04-23 12:02:00,157.1571720408
2020-04-23 12:03:00,157.330866495
2020-04-23 12:04:00,157.48012596666
2020-04-23 12:05:00,157.38847024902
2020-04-23 12:06:00,157.428998955
2020-04-23 12:07:00,157.39543765368
2020-04-23 12:08:00,157.45353207
2020-04-23 12:09:00,157.581104268
2020-04-23 12:10:00,157.561477776
2020-04-23 12:11:00,157.546757907
2020-04-23 12:12:00,157.723396335
2020-04-23 12:13:00,157.9932606
2020-04-23 12:14:00,157.92044631468
2020-04-23 12:15:00,157.93418485908
2020-04-23 12:16:00,158.199338766
2020-04-23 12:17:00,158.277844734
2020-04-23 12:18:00,158.42494529154
2020-04-23 12:19:00,158.562428868
2020-04-23 12:20:00,158.621308344
2020-04-23 12:21:00,158.4947174706
2020-04-23 12:22:00,158.562428868
2020-04-23 12:23:00,158.562428868
2020-04-23 12:24:00,158.63112159
2020-04-23 12:25:00,158.63249544444
2020-04-23 12:26:00,158.837199756
2020-04-23 12:27:00,158.954958708
2020-04-23 12:28:00,159.26123011566
2020-04-23 12:29:00,159.504500484
2020-04-23 12:30:00,159.308235564
2020-04-23 12:31:00,159.190476612
2020-04-23 12:32:00,159.337675302
2020-04-23 12:33:00,159.200289858
2020-04-23 12:34:00,159.259169334
2020-04-23 12:35:00,159.205196481
2020-04-23 12:36:00,159.259169334
2020-04-23 12:37:00,159.298422318
2020-04-23 12:38:00,159.239542842
2020-04-23 12:39:00,159.249356088
2020-04-23 12:40:00,159.21991635
2020-04-23 12:41:00,159.249356088
2020-04-23 12:42:00,159.200289858
2020-04-23 12:43:00,158.847013002
2020-04-23 12:44:00,158.866639494
2020-04-23 12:45:00,157.806808926
2020-04-23 12:46:00,157.25726715
2020-04-23 12:47:00,157.60073076
2020-04-23 12:48:00,158.817573264
2020-04-23 12:49:00,158.709627558
2020-04-23 12:50:00,158.626214967
2020-04-23 12:51:00,157.9932606
2020-04-23 12:52:00,158.022700338
2020-04-23 12:53:00,158.169899028
2020-04-23 12:54:00,158.405416932
2020-04-23 12:55:00,158.488829523
2020-04-23 12:56:00,158.474109654
2020-04-23 12:57:00,158.748880542
2020-04-23 12:58:00,158.847013002
2020-04-23 12:59:00,158.905892478
2020-04-23 13:00:00,159.02895058284
2020-04-23 13:01:00,158.9745852
2020-04-23 13:02:00,159.04465177644
2020-04-23 13:03:00,159.02365143
2020-04-23 13:04:00,158.954958708
2020-04-23 13:05:00,158.886265986
2020-04-23 13:06:00,158.640934836
2020-04-23 13:07:00,158.601681852
2020-04-23 13:08:00,158.366163948
2020-04-23 13:09:00,158.41581897276
2020-04-23 13:10:00,158.160085782
2020-04-23 13:11:00,158.071766568
2020-04-23 13:12:00,158.375977194
2020-04-23 13:13:00,158.493736146
2020-04-23 13:14:00,158.375977194
2020-04-23 13:15:00,158.2116053235
2020-04-23 13:16:00,158.2101333366
2020-04-23 13:17:00,158.248404996
2020-04-23 13:18:00,158.277844734
2020-04-23 13:19:00,158.23859175
2020-04-23 13:20:00,158.032513584
2020-04-23 13:21:00,157.723396335
2020-04-23 13:22:00,157.762649319
2020-04-23 13:23:00,157.286706888
2020-04-23 13:24:00,157.69886322
2020-04-23 13:25:00,157.532038038
2020-04-23 13:26:00,157.728302958
2020-04-23 13:27:00,157.448625447
2020-04-23 13:28:00,157.330866495
2020-04-23 13:29:00,157.345586364
2020-04-23 13:30:00,157.443718824
2020-04-23 13:31:00,157.433905578
2020-04-23 13:32:00,157.541851284
2020-04-23 13:33:00,157.482971808
2020-04-23 13:34:00,157.55166453
2020-04-23 13:35:00,157.620357252
2020-04-23 13:36:00,157.728302958
2020-04-23 13:37:00,157.728302958
2020-04-23 13:38:00,157.644890367
2020-04-23 13:39:00,157.571291022
2020-04-23 13:40:00,157.522224792
2020-04-23 13:41:00,157.68944250384
2020-04-23 13:42:00,157.635077121
2020-04-23 13:43:00,157.64979699
2020-04-23 13:44:00,157.590917514
2020-04-23 13:45:00,157.463345316
2020-04-23 13:46:00,157.517318169
2020-04-23 13:47:00,157.64979699
2020-04-23 13:48:00,157.659610236
2020-04-23 13:49:00,157.473158562
2020-04-23 13:50:00,157.35539961
2020-04-23 13:51:00,157.468251939
2020-04-23 13:52:00,157.227827412
2020-04-23 13:53:00,157.20820092
2020-04-23 13:54:00,156.982496262
2020-04-23 13:55:00,156.90369589662
2020-04-23 13:56:00,156.972683016
2020-04-23 13:57:00,157.0830820335
2020-04-23 13:58:00,157.335773118
2020-04-23 13:59:00,157.30633338
2020-04-23 14:00:00,157.35539961
2020-04-23 14:01:00,157.35539961
2020-04-23 14:02:00,157.45353207
2020-04-23 14:03:00,157.321053249
2020-04-23 14:04:00,157.345586364
2020-04-23 14:05:00,157.365212856
2020-04-23 14:06:00,157.168947936
2020-04-23 14:07:00,157.10594689668
2020-04-23 14:08:00,156.678285636
2020-04-23 14:09:00,156.658659144
2020-04-23 14:10:00,156.27594255
2020-04-23 14:11:00,156.089490876
2020-04-23 14:12:00,156.060051138
2020-04-23 14:13:00,156.217063074
2020-04-23 14:14:00,156.17781009
2020-04-23 14:15:00,156.197436582
2020-04-23 14:16:00,156.491833962
2020-04-23 14:17:00,156.648845898
2020-04-23 14:18:00,156.540900192
2020-04-23 14:19:00,156.511460454
2020-04-23 14:20:00,156.383888256
2020-04-23 14:21:00,156.639032652
2020-04-23 14:22:00,156.678285636
2020-04-23 14:23:00,156.639032652
2020-04-23 14:24:00,156.697912128
2020-04-23 14:25:00,156.639032652
2020-04-23 14:26:00,156.648845898
2020-04-23 14:27:00,156.943243278
2020-04-23 14:28:00,157.080628722
2020-04-23 14:29:00,157.1468681325
2020-04-23 14:30:00,157.237640658
2020-04-23 14:31:00,157.365212856
2020-04-23 14:32:00,157.492785054
2020-04-23 14:33:00,157.424092332
2020-04-23 14:34:00,157.424092332
2020-04-23 14:35:00,157.414279086
2020-04-23 14:36:00,157.478065185
2020-04-23 14:37:00,157.424092332
2020-04-23 14:38:00,157.296520134
2020-04-23 14:39:00,157.06100223
2020-04-23 14:40:00,157.051188984
2020-04-23 14:41:00,157.085535345
2020-04-23 14:42:00,157.051188984
2020-04-23 14:43:00,157.095348591
2020-04-23 14:44:00,157.090441968
2020-04-23 14:45:00,156.997216131
2020-04-23 14:46:00,157.031562492
2020-04-23 14:47:00,157.021749246
2020-04-23 14:48:00,157.129694952
2020-04-23 14:49:00,157.129694952
2020-04-23 14:50:00,157.06100223
2020-04-23 14:51:00,157.178761182
2020-04-23 14:52:00,157.35539961
2020-04-23 14:53:00,157.237640658
2020-04-23 14:54:00,157.198387674
2020-04-23 14:55:00,157.218014166
2020-04-23 14:56:00,157.149321444
2020-04-23 14:57:00,157.424092332
2020-04-23 14:58:00,157.586010891
2020-04-23 14:59:00,157.787182434
2020-04-23 15:00:00,157.74420041652
2020-04-23 15:01:00,157.79571995802
2020-04-23 15:02:00,157.801902303
2020-04-23 15:03:00,157.850968533
2020-04-23 15:04:00,157.870595025
2020-04-23 15:05:00,157.787182434
2020-04-23 15:06:00,157.708676466
2020-04-23 15:07:00,157.738116204
2020-04-23 15:08:00,157.610544006
2020-04-23 15:09:00,157.40446584
2020-04-23 15:10:00,157.276893642
2020-04-23 15:11:00,157.178761182
2020-04-23 15:12:00,157.173854559
2020-04-23 15:13:00,157.193481051
2020-04-23 15:14:00,157.222920789
2020-04-23 15:15:00,157.168947936
2020-04-23 15:16:00,157.139508198
2020-04-23 15:17:00,157.011936
2020-04-23 15:18:00,156.796044588
2020-04-23 15:19:00,156.76660485
2020-04-23 15:20:00,156.653752521
2020-04-23 15:21:00,156.501647208
2020-04-23 15:22:00,156.442767732
2020-04-23 15:23:00,156.266129304
2020-04-23 15:24:00,156.354448518
2020-04-23 15:25:00,156.339728649
2020-04-23 15:26:00,156.153276975
2020-04-23 15:27:00,156.393701502
2020-04-23 15:28:00,156.482020716
2020-04-23 15:29:00,156.47220747
2020-04-23 15:30:00,156.511460454
2020-04-23 15:31:00,156.334822026
2020-04-23 15:32:00,156.550713438
2020-04-23 15:33:00,156.37407501
2020-04-23 15:34:00,156.516367077
2020-04-23 15:35:00,156.482020716
2020-04-23 15:36:00,156.432954486
2020-04-23 15:37:00,156.452580978
2020-04-23 15:38:00,156.354448518
2020-04-23 15:39:00,156.148370352
2020-04-23 15:40:00,156.295569042
2020-04-23 15:41:00,156.295569042
2020-04-23 15:42:00,156.344635272
2020-04-23 15:43:00,156.491833962
2020-04-23 15:44:00,156.432954486
2020-04-23 15:45:00,156.138557106
2020-04-23 15:46:00,156.197436582
2020-04-23 15:47:00,156.187623336
2020-04-23 15:48:00,156.295569042
2020-04-23 15:49:00,156.246502812
2020-04-23 15:50:00,156.432954486
2020-04-23 15:51:00,156.5212737
2020-04-23 15:52:00,156.442767732
2020-04-23 15:53:00,156.52137183246
2020-04-23 15:54:00,156.76660485
2020-04-23 15:55:00,156.727351866
2020-04-23 15:56:00,156.854924064
2020-04-23 15:57:00,157.267080396
2020-04-23 15:58:00,157.30633338
2020-04-23 15:59:00,157.679236728
2020-04-23 16:00:00,156.943243278
2020-04-24 09:31:00,159.215009727
2020-04-24 09:32:00,159.386741532
2020-04-24 09:33:00,159.36711504
2020-04-24 09:34:00,159.21991635
2020-04-24 09:35:00,159.308235564
2020-04-24 09:36:00,159.21991635
2020-04-24 09:37:00,159.26898258
2020-04-24 09:38:00,159.116877267
2020-04-24 09:39:00,159.082530906
2020-04-24 09:40:00,159.146317005
2020-04-24 09:41:00,159.151223628
2020-04-24 09:42:00,158.945145462
2020-04-24 09:43:00,159.102157398
2020-04-24 09:44:00,159.033464676
2020-04-24 09:45:00,159.008931561
2020-04-24 09:46:00,158.886265986
2020-04-24 09:47:00,158.73690838188
2020-04-24 09:48:00,158.508456015
2020-04-24 09:49:00,158.881359363
2020-04-24 09:50:00,158.92551897
2020-04-24 09:51:00,159.533940222
2020-04-24 09:52:00,159.877403832
2020-04-24 09:53:00,159.946096554
2020-04-24 09:54:00,159.95914817118
2020-04-24 09:55:00,160.191427704
2020-04-24 09:56:00,159.754738257
2020-04-24 09:57:00,159.749831634
2020-04-24 09:58:00,159.69311107212
2020-04-24 09:59:00,159.730205142
2020-04-24 10:00:00,159.86641299648
2020-04-24 10:01:00,160.235587311
2020-04-24 10:02:00,160.191427704
2020-04-24 10:03:00,160.132548228
2020-04-24 10:04:00,160.07582766612
2020-04-24 10:05:00,160.147268097
2020-04-24 10:06:00,160.338626394
2020-04-24 10:07:00,160.377879378
2020-04-24 10:08:00,160.220867442
2020-04-24 10:09:00,160.29937341
2020-04-24 10:10:00,160.608490659
2020-04-24 10:11:00,160.794942333
2020-04-24 10:12:00,160.79003571
2020-04-24 10:13:00,161.045180106
2020-04-24 10:14:00,161.143312566
2020-04-24 10:15:00,160.98630063
2020-04-24 10:16:00,160.95372065328
2020-04-24 10:17:00,160.83910194
2020-04-24 10:18:00,160.8508778352
2020-04-24 10:19:00,161.050086729
2020-04-24 10:20:00,161.29698799836
2020-04-24 10:21:00,161.50846344966
2020-04-24 10:22:00,161.319950994
2020-04-24 10:23:00,161.82042654
2020-04-24 10:24:00,161.46381318036
2020-04-24 10:25:00,161.315044371
2020-04-24 10:26:00,161.12378420646
2020-04-24 10:27:00,160.94793083814
2020-04-24 10:28:00,161.054993352
2020-04-24 10:29:00,160.932327777
2020-04-24 10:30:00,160.976487384
2020-04-24 10:31:00,161.192378796
2020-04-24 10:32:00,161.18256555
2020-04-24 10:33:00,161.261071518
2020-04-24 10:34:00,161.04841847718
2020-04-24 10:35:00,160.878354924
2020-04-24 10:36:00,160.9372344
2020-04-24 10:37:00,160.976487384
2020-04-24 10:38:00,161.241445026
2020-04-24 10:39:00,161.094246336
2020-04-24 10:40:00,160.780222464
2020-04-24 10:41:00,160.770409218
2020-04-24 10:42:00,160.588864167
2020-04-24 10:43:00,160.407319116
2020-04-24 10:44:00,160.628117151
2020-04-24 10:45:00,160.505451576
2020-04-24 10:46:00,160.34843964
2020-04-24 10:47:00,160.230680688
2020-04-24 10:48:00,160.245400557
2020-04-24 10:49:00,160.05404226
2020-04-24 10:50:00,160.063855506
2020-04-24 10:51:00,160.05404226
2020-04-24 10:52:00,160.02872408532
2020-04-24 10:53:00,159.798897864
2020-04-24 10:54:00,159.9559098
2020-04-24 10:55:00,159.803804487
2020-04-24 10:56:00,159.6850642104
2020-04-24 10:57:00,159.71057865
2020-04-24 10:58:00,159.793991241
2020-04-24 10:59:00,159.700765404
2020-04-24 11:00:00,159.92539060494
2020-04-24 11:01:00,159.867590586
2020-04-24 11:02:00,159.916656816
2020-04-24 11:03:00,159.838150848
2020-04-24 11:04:00,159.80871111
2020-04-24 11:05:00,159.81960381306
2020-04-24 11:06:00,159.671325666
2020-04-24 11:07:00,159.421087893
2020-04-24 11:08:00,159.435807762
2020-04-24 11:09:00,159.6114648654
2020-04-24 11:10:00,159.239542842
2020-04-24 11:11:00,159.131597136
2020-04-24 11:12:00,159.111970644
2020-04-24 11:13:00,158.994211692
2020-04-24 11:14:00,159.07271766
2020-04-24 11:15:00,159.131597136
2020-04-24 11:16:00,159.190476612
2020-04-24 11:17:00,159.347488548
2020-04-24 11:18:00,159.033464676
2020-04-24 11:19:00,159.102157398
2020-04-24 11:20:00,159.161036874
2020-04-24 11:21:00,159.102157398
2020-04-24 11:22:00,159.151223628
2020-04-24 11:23:00,159.254262711
2020-04-24 11:24:00,159.278795826
2020-04-24 11:25:00,159.308235564
2020-04-24 11:26:00,159.445621008
2020-04-24 11:27:00,159.082530906
2020-04-24 11:28:00,159.12178389
2020-04-24 11:29:00,158.96487008646
2020-04-24 11:30:00,158.954958708
2020-04-24 11:31:00,159.02365143
2020-04-24 11:32:00,158.690001066
2020-04-24 11:33:00,158.58205536
2020-04-24 11:34:00,158.366163948
2020-04-24 11:35:00,158.18579648652
2020-04-24 11:36:00,158.33672421
2020-04-24 11:37:00,158.326910964
2020-04-24 11:38:00,158.415230178
2020-04-24 11:39:00,158.248404996
2020-04-24 11:40:00,158.307284472
2020-04-24 11:41:00,158.474109654
2020-04-24 11:42:00,158.33672421
2020-04-24 11:43:00,158.111019552
2020-04-24 11:44:00,158.18952552
2020-04-24 11:45:00,158.164992405
2020-04-24 11:46:00,158.297471226
2020-04-24 11:47:00,158.268031488
2020-04-24 11:48:00,158.28765798
2020-04-24 11:49:00,158.18952552
2020-04-24 11:50:00,158.361257325
2020-04-24 11:51:00,158.199338766
2020-04-24 11:52:00,158.209152012
2020-04-24 11:53:00,158.061953322
2020-04-24 11:54:00,158.081579814
2020-04-24 11:55:00,158.012887092
2020-04-24 11:56:00,157.84606191
2020-04-24 11:57:00,157.84606191
2020-04-24 11:58:00,158.120832798
2020-04-24 11:59:00,157.885314894
2020-04-24 12:00:00,157.718489712
2020-04-24 12:01:00,157.743022827
2020-04-24 12:02:00,157.841155287
2020-04-24 12:03:00,157.836248664
2020-04-24 12:04:00,157.66127848782
2020-04-24 12:05:00,157.689049974
2020-04-24 12:06:00,157.767555942
2020-04-24 12:07:00,157.787182434
2020-04-24 12:08:00,157.865688402
2020-04-24 12:09:00,157.836248664
2020-04-24 12:10:00,157.954007616
2020-04-24 12:11:00,158.07775264806
2020-04-24 12:12:00,158.081579814
2020-04-24 12:13:00,158.150272536
2020-04-24 12:14:00,158.36341623912
2020-04-24 12:15:00,158.523175884
2020-04-24 12:16:00,158.709627558
2020-04-24 12:17:00,158.763600411
2020-04-24 12:18:00,158.748880542
2020-04-24 12:19:00,159.02365143
2020-04-24 12:20:00,159.004024938
2020-04-24 12:21:00,158.935332216
2020-04-24 12:22:00,158.950052085
2020-04-24 12:23:00,159.07271766
2020-04-24 12:24:00,159.180663366
2020-04-24 12:25:00,159.278795826
2020-04-24 12:26:00,159.36711504
2020-04-24 12:27:00,159.352395171
2020-04-24 12:28:00,159.313142187
2020-04-24 12:29:00,159.391648155
2020-04-24 12:30:00,159.406368024
2020-04-24 12:31:00,159.386741532
2020-04-24 12:32:00,159.425994516
2020-04-24 12:33:00,159.357301794
2020-04-24 12:34:00,159.342581925
2020-04-24 12:35:00,159.352395171
2020-04-24 12:36:00,159.386741532
2020-04-24 12:37:00,159.386741532
2020-04-24 12:38:00,159.34758668046
2020-04-24 12:39:00,159.406368024
2020-04-24 12:40:00,159.308235564
2020-04-24 12:41:00,159.31804881
2020-04-24 12:42:00,159.376928286
2020-04-24 12:43:00,159.322955433
2020-04-24 12:44:00,159.376928286
2020-04-24 12:45:00,159.2503374126
2020-04-24 12:46:00,159.210103104
2020-04-24 12:47:00,159.092344152
2020-04-24 12:48:00,159.048184545
2020-04-24 12:49:00,159.028558053
2020-04-24 12:50:00,158.954958708
2020-04-24 12:51:00,158.9745852
2020-04-24 12:52:00,158.999118315
2020-04-24 12:53:00,158.856826248
2020-04-24 12:54:00,158.817573264
2020-04-24 12:55:00,158.77832028
2020-04-24 12:56:00,158.650748082
2020-04-24 12:57:00,158.660561328
2020-04-24 12:58:00,158.650748082
2020-04-24 12:59:00,158.621308344
2020-04-24 13:00:00,158.601681852
2020-04-24 13:01:00,158.572242114
2020-04-24 13:02:00,158.366163948
2020-04-24 13:03:00,158.40031404408
2020-04-24 13:04:00,158.415230178
2020-04-24 13:05:00,158.4368193192
2020-04-24 13:06:00,158.45919352008
2020-04-24 13:07:00,158.479016277
2020-04-24 13:08:00,158.375977194
2020-04-24 13:09:00,158.268031488
2020-04-24 13:10:00,158.33672421
2020-04-24 13:11:00,158.415230178
2020-04-24 13:12:00,158.425043424
2020-04-24 13:13:00,158.33672421
2020-04-24 13:14:00,158.405416932
2020-04-24 13:15:00,158.464296408
2020-04-24 13:16:00,158.31768651276
2020-04-24 13:17:00,158.28765798
2020-04-24 13:18:00,158.228778504
2020-04-24 13:19:00,158.174805651
2020-04-24 13:20:00,158.23859175
2020-04-24 13:21:00,158.20061448798
2020-04-24 13:22:00,158.23476458406
2020-04-24 13:23:00,158.179712274
2020-04-24 13:24:00,158.179712274
2020-04-24 13:25:00,158.071766568
2020-04-24 13:26:00,158.04232683
2020-04-24 13:27:00,158.012887092
2020-04-24 13:28:00,157.983447354
2020-04-24 13:29:00,158.0644066335
2020-04-24 13:30:00,158.120832798
2020-04-24 13:31:00,158.169899028
2020-04-24 13:32:00,158.120832798
2020-04-24 13:33:00,158.09139306
2020-04-24 13:34:00,157.978540731
2020-04-24 13:35:00,157.87609044276
2020-04-24 13:36:00,157.973634108
2020-04-24 13:37:00,157.934381124
2020-04-24 13:38:00,158.061953322
2020-04-24 13:39:00,158.18952552
2020-04-24 13:40:00,158.18952552
2020-04-24 13:41:00,158.29658803386
2020-04-24 13:42:00,158.366163948
2020-04-24 13:43:00,158.528082507
2020-04-24 13:44:00,158.572242114
2020-04-24 13:45:00,158.53298913
2020-04-24 13:46:00,158.415230178
2020-04-24 13:47:00,158.405416932
2020-04-24 13:48:00,158.317097718
2020-04-24 13:49:00,158.317097718
2020-04-24 13:50:00,158.371070571
2020-04-24 13:51:00,158.375977194
2020-04-24 13:52:00,158.415230178
2020-04-24 13:53:00,158.42906685486
2020-04-24 13:54:00,158.53298913
2020-04-24 13:55:00,158.611495098
2020-04-24 13:56:00,158.601681852
2020-04-24 13:57:00,158.611495098
2020-04-24 13:58:00,158.77832028
2020-04-24 13:59:00,158.768507034
2020-04-24 14:00:00,158.92551897
2020-04-24 14:01:00,158.984398446
2020-04-24 14:02:00,159.004024938
2020-04-24 14:03:00,159.17085012
2020-04-24 14:04:00,159.357301794
2020-04-24 14:05:00,159.31804881
2020-04-24 14:06:00,159.592819698
2020-04-24 14:07:00,159.730205142
2020-04-24 14:08:00,159.75964488
2020-04-24 14:09:00,159.916656816
2020-04-24 14:10:00,159.9559098
2020-04-24 14:11:00,160.230680688
2020-04-24 14:12:00,160.171801212
2020-04-24 14:13:00,160.25030718
2020-04-24 14:14:00,160.265027049
2020-04-24 14:15:00,160.289560164
2020-04-24 14:16:00,160.466198592
2020-04-24 14:17:00,160.466198592
2020-04-24 14:18:00,160.417132362
2020-04-24 14:19:00,160.44882914658
2020-04-24 14:20:00,160.534891314
2020-04-24 14:21:00,160.54470456
2020-04-24 14:22:00,160.505451576
2020-04-24 14:23:00,160.456385346
2020-04-24 14:24:00,160.3788607026
2020-04-24 14:25:00,160.34843964
2020-04-24 14:26:00,160.235587311
2020-04-24 14:27:00,160.318999902
2020-04-24 14:28:00,160.417132362
2020-04-24 14:29:00,160.34843964
2020-04-24 14:30:00,160.29937341
2020-04-24 14:31:00,160.112921736
2020-04-24 14:32:00,160.073668752
2020-04-24 14:33:00,160.024602522
2020-04-24 14:34:00,160.024602522
2020-04-24 14:35:00,160.058948883
2020-04-24 14:36:00,160.063855506
2020-04-24 14:37:00,160.063855506
2020-04-24 14:38:00,160.20124095
2020-04-24 14:39:00,160.269933672
2020-04-24 14:40:00,160.4627639559
2020-04-24 14:41:00,160.4465721
2020-04-24 14:42:00,160.485825084
2020-04-24 14:43:00,160.456385346
2020-04-24 14:44:00,160.55343834894
2020-04-24 14:45:00,160.515264822
2020-04-24 14:46:00,160.529984691
2020-04-24 14:47:00,160.672276758
2020-04-24 14:48:00,160.583957544
2020-04-24 14:49:00,160.500544953
2020-04-24 14:50:00,160.505451576
2020-04-24 14:51:00,160.510358199
2020-04-24 14:52:00,160.466198592
2020-04-24 14:53:00,160.10369728476
2020-04-24 14:54:00,160.024602522
2020-04-24 14:55:00,159.995162784
2020-04-24 14:56:00,160.132548228
2020-04-24 14:57:00,160.171801212
2020-04-24 14:58:00,160.112921736
2020-04-24 14:59:00,160.10310849
2020-04-24 15:00:00,160.15217472
2020-04-24 15:01:00,159.985349538
2020-04-24 15:02:00,160.034415768
2020-04-24 15:03:00,159.789084618
2020-04-24 15:04:00,159.911750193
2020-04-24 15:05:00,159.911750193
2020-04-24 15:06:00,159.946096554
2020-04-24 15:07:00,159.9240167505
2020-04-24 15:08:00,159.936283308
2020-04-24 15:09:00,159.9559098
2020-04-24 15:10:00,160.00497603
2020-04-24 15:11:00,159.946096554
2020-04-24 15:12:00,159.71057865
2020-04-24 15:13:00,159.749831634
2020-04-24 15:14:00,159.80871111
2020-04-24 15:15:00,159.769458126
2020-04-24 15:16:00,159.725298519
2020-04-24 15:17:00,159.705672027
2020-04-24 15:18:00,159.651699174
2020-04-24 15:19:00,159.774364749
2020-04-24 15:20:00,159.838150848
2020-04-24 15:21:00,159.803804487
2020-04-24 15:22:00,159.833244225
2020-04-24 15:23:00,159.818524356
2020-04-24 15:24:00,159.867590586
2020-04-24 15:25:00,159.965723046
2020-04-24 15:26:00,159.926470062
2020-04-24 15:27:00,159.911750193
2020-04-24 15:28:00,159.946096554
2020-04-24 15:29:00,160.014789276
2020-04-24 15:30:00,160.024602522
2020-04-24 15:31:00,159.936283308
2020-04-24 15:32:00,159.926470062
2020-04-24 15:33:00,159.936283308
2020-04-24 15:34:00,159.911750193
2020-04-24 15:35:00,159.980442915
2020-04-24 15:36:00,159.975536292
2020-04-24 15:37:00,159.936283308
2020-04-24 15:38:00,159.995162784
2020-04-24 15:39:00,159.887217078
2020-04-24 15:40:00,160.063855506
2020-04-24 15:41:00,160.108015113
2020-04-24 15:42:00,160.019695899
2020-04-24 15:43:00,160.073668752
2020-04-24 15:44:00,160.05404226
2020-04-24 15:45:00,159.9559098
2020-04-24 15:46:00,159.965723046
2020-04-24 15:47:00,159.872497209
2020-04-24 15:48:00,160.063855506
2020-04-24 15:49:00,160.014789276
2020-04-24 15:50:00,159.965723046
2020-04-24 15:51:00,159.77936950446
2020-04-24 15:52:00,159.735111765
2020-04-24 15:53:00,159.779271372
2020-04-24 15:54:00,159.789084618
2020-04-24 15:55:00,159.828337602
2020-04-24 15:56:00,159.9559098
2020-04-24 15:57:00,159.936283308
2020-04-24 15:58:00,160.034415768
2020-04-24 15:59:00,159.730205142
2020-04-24 16:00:00,159.916656816
2020-04-27 09:31:00,161.064806598
2020-04-27 09:32:00,161.153125812
2020-04-27 09:33:00,161.221818534
2020-04-27 09:34:00,160.907794662
2020-04-27 09:35:00,160.829288694
2020-04-27 09:36:00,161.0284975878
2020-04-27 09:37:00,160.69190325
2020-04-27 09:38:00,160.598677413
2020-04-27 09:39:00,160.69190325
2020-04-27 09:40:00,160.652650266
2020-04-27 09:41:00,161.143312566
2020-04-27 09:42:00,160.91682284832
2020-04-27 09:43:00,160.80436304916
2020-04-27 09:44:00,160.633023774
2020-04-27 09:45:00,160.574144298
2020-04-27 09:46:00,160.343533017
2020-04-27 09:47:00,160.480918461
2020-04-27 09:48:00,160.377879378
2020-04-27 09:49:00,160.4465721
2020-04-27 09:50:00,160.392599247
2020-04-27 09:51:00,160.191427704
2020-04-27 09:52:00,159.823430979
2020-04-27 09:53:00,159.926470062
2020-04-27 09:54:00,159.85846426722
2020-04-27 09:55:00,159.9559098
2020-04-27 09:56:00,159.897030324
2020-04-27 09:57:00,159.916656816
2020-04-27 09:58:00,160.083481998
2020-04-27 09:59:00,160.166894589
2020-04-27 10:00:00,159.9559098
2020-04-27 10:01:00,160.161987966
2020-04-27 10:02:00,160.36796799954
2020-04-27 10:03:00,160.48317550758
2020-04-27 10:04:00,160.31389701408
2020-04-27 10:05:00,160.39750587
2020-04-27 10:06:00,160.15217472
2020-04-27 10:07:00,160.029509145
2020-04-27 10:08:00,160.029509145
2020-04-27 10:09:00,159.975536292
2020-04-27 10:10:00,159.847964094
2020-04-27 10:11:00,159.83903404014
2020-04-27 10:12:00,159.862683963
2020-04-27 10:13:00,160.0138079514
2020-04-27 10:14:00,159.87701130216
2020-04-27 10:15:00,159.926470062
2020-04-27 10:16:00,159.90684357
2020-04-27 10:17:00,159.9559098
2020-04-27 10:18:00,160.093295244
2020-04-27 10:19:00,160.09241205186
2020-04-27 10:20:00,160.10310849
2020-04-27 10:21:00,160.1350015395
2020-04-27 10:22:00,160.142361474
2020-04-27 10:23:00,160.358252886
2020-04-27 10:24:00,160.417132362
2020-04-27 10:25:00,160.34843964
2020-04-27 10:26:00,160.57296670848
2020-04-27 10:27:00,160.819475448
2020-04-27 10:28:00,161.13605076396
2020-04-27 10:29:00,161.064806598
2020-04-27 10:30:00,161.270884764
2020-04-27 10:31:00,161.241445026
2020-04-27 10:32:00,160.8528404844
2020-04-27 10:33:00,160.82133996474
2020-04-27 10:34:00,160.73841803604
2020-04-27 10:35:00,160.79003571
2020-04-27 10:36:00,160.637930397
2020-04-27 10:37:00,160.69190325
2020-04-27 10:38:00,160.623210528
2020-04-27 10:39:00,160.574144298
2020-04-27 10:40:00,160.436758854
2020-04-27 10:41:00,160.377879378
2020-04-27 10:42:00,160.206147573
2020-04-27 10:43:00,160.476011838
2020-04-27 10:44:00,160.240493934
2020-04-27 10:45:00,160.039322391
2020-04-27 10:46:00,160.211054196
2020-04-27 10:47:00,160.45579655124
2020-04-27 10:48:00,160.39750587
2020-04-27 10:49:00,160.407319116
2020-04-27 10:50:00,160.417132362
2020-04-27 10:51:00,160.426945608
2020-04-27 10:52:00,160.382786001
2020-04-27 10:53:00,160.34843964
2020-04-27 10:54:00,160.15217472
2020-04-27 10:55:00,160.00497603
2020-04-27 10:56:00,159.916656816
2020-04-27 10:57:00,159.720391896
2020-04-27 10:58:00,159.690952158
2020-04-27 10:59:00,159.61244619
2020-04-27 11:00:00,159.460340877
2020-04-27 11:01:00,159.66151242
2020-04-27 11:02:00,159.789084618
2020-04-27 11:03:00,159.80871111
2020-04-27 11:04:00,159.705672027
2020-04-27 11:05:00,159.73982212308
2020-04-27 11:06:00,159.56337996
2020-04-27 11:07:00,159.4652475
2020-04-27 11:08:00,159.55572562812
2020-04-27 11:09:00,159.538846845
2020-04-27 11:10:00,159.494687238
2020-04-27 11:11:00,159.553566714
2020-04-27 11:12:00,159.396554778
2020-04-27 11:13:00,159.51431373
2020-04-27 11:14:00,159.583006452
2020-04-27 11:15:00,159.592819698
2020-04-27 11:16:00,159.63030629772
2020-04-27 11:17:00,159.627166059
2020-04-27 11:18:00,159.57093615942
2020-04-27 11:19:00,159.847964094
2020-04-27 11:20:00,159.9559098
2020-04-27 11:21:00,160.269933672
2020-04-27 11:22:00,160.122734982
2020-04-27 11:23:00,160.024602522
2020-04-27 11:24:00,160.073668752
2020-04-27 11:25:00,160.14363719598
2020-04-27 11:26:00,160.240493934
2020-04-27 11:27:00,160.220867442
2020-04-27 11:28:00,160.14344093106
2020-04-27 11:29:00,160.161987966
2020-04-27 11:30:00,160.088388621
2020-04-27 11:31:00,160.142361474
2020-04-27 11:32:00,160.083481998
2020-04-27 11:33:00,160.088388621
2020-04-27 11:34:00,160.122734982
2020-04-27 11:35:00,160.230680688
2020-04-27 11:36:00,160.269933672
2020-04-27 11:37:00,160.230680688
2020-04-27 11:38:00,160.093295244
2020-04-27 11:39:00,160.20124095
2020-04-27 11:40:00,160.18436216688
2020-04-27 11:41:00,160.240493934
2020-04-27 11:42:00,160.318999902
2020-04-27 11:43:00,160.318999902
2020-04-27 11:44:00,160.377879378
2020-04-27 11:45:00,160.613397282
2020-04-27 11:46:00,160.456385346
2020-04-27 11:47:00,160.441665477
2020-04-27 11:48:00,160.520171445
2020-04-27 11:49:00,160.59377079
2020-04-27 11:50:00,160.520171445
2020-04-27 11:51:00,160.554517806
2020-04-27 11:52:00,160.608490659
2020-04-27 11:53:00,160.534891314
2020-04-27 11:54:00,160.534891314
2020-04-27 11:55:00,160.4465721
2020-04-27 11:56:00,160.49593272738
2020-04-27 11:57:00,160.55657858766
2020-04-27 11:58:00,160.672276758
2020-04-27 11:59:00,160.760595972
2020-04-27 12:00:00,160.809662202
2020-04-27 12:01:00,160.736062857
2020-04-27 12:02:00,161.020646991
2020-04-27 12:03:00,161.054993352
2020-04-27 12:04:00,160.907794662
2020-04-27 12:05:00,160.804755579
2020-04-27 12:06:00,160.780222464
2020-04-27 12:07:00,160.745876103
2020-04-27 12:08:00,160.897981416
2020-04-27 12:09:00,160.9372344
2020-04-27 12:10:00,160.88816817
2020-04-27 12:11:00,160.917607908
2020-04-27 12:12:00,161.03536686
2020-04-27 12:13:00,160.9382157246
2020-04-27 12:14:00,161.045180106
2020-04-27 12:15:00,161.0839424277
2020-04-27 12:16:00,161.08443309
2020-04-27 12:17:00,161.025553614
2020-04-27 12:18:00,160.966674138
2020-04-27 12:19:00,160.961767515
2020-04-27 12:20:00,160.721342988
2020-04-27 12:21:00,160.682090004
2020-04-27 12:22:00,160.652650266
2020-04-27 12:23:00,160.402412493
2020-04-27 12:24:00,160.456385346
2020-04-27 12:25:00,160.39750587
2020-04-27 12:26:00,160.34843964
2020-04-27 12:27:00,160.436758854
2020-04-27 12:28:00,160.456385346
2020-04-27 12:29:00,160.377879378
2020-04-27 12:30:00,160.358252886
2020-04-27 12:31:00,160.407319116
2020-04-27 12:32:00,160.417132362
2020-04-27 12:33:00,160.431852231
2020-04-27 12:34:00,160.43940843042
2020-04-27 12:35:00,160.466198592
2020-04-27 12:36:00,160.564331052
2020-04-27 12:37:00,160.564331052
2020-04-27 12:38:00,160.49563833
2020-04-27 12:39:00,160.426945608
2020-04-27 12:40:00,160.279746918
2020-04-27 12:41:00,160.260120426
2020-04-27 12:42:00,160.279746918
2020-04-27 12:43:00,160.284653541
2020-04-27 12:44:00,160.4284175949
2020-04-27 12:45:00,160.476011838
2020-04-27 12:46:00,160.4465721
2020-04-27 12:47:00,160.39750587
2020-04-27 12:48:00,160.39750587
2020-04-27 12:49:00,160.41261826884
2020-04-27 12:50:00,160.426945608
2020-04-27 12:51:00,160.358252886
2020-04-27 12:52:00,160.289560164
2020-04-27 12:53:00,160.211054196
2020-04-27 12:54:00,160.142361474
2020-04-27 12:55:00,160.083481998
2020-04-27 12:56:00,160.05404226
2020-04-27 12:57:00,160.132548228
2020-04-27 12:58:00,160.044229014
2020-04-27 12:59:00,159.798897864
2020-04-27 13:00:00,159.71057865
2020-04-27 13:01:00,159.78731823372
2020-04-27 13:02:00,159.700765404
2020-04-27 13:03:00,159.740018388
2020-04-27 13:04:00,159.769458126
2020-04-27 13:05:00,159.901936947
2020-04-27 13:06:00,159.877403832
2020-04-27 13:07:00,159.85777734
2020-04-27 13:08:00,159.867590586
2020-04-27 13:09:00,159.867590586
2020-04-27 13:10:00,159.9559098
2020-04-27 13:11:00,159.980442915
2020-04-27 13:12:00,159.833244225
2020-04-27 13:13:00,159.789084618
2020-04-27 13:14:00,159.81832809108
2020-04-27 13:15:00,159.828337602
2020-04-27 13:16:00,159.847964094
2020-04-27 13:17:00,159.715485273
2020-04-27 13:18:00,159.690952158
2020-04-27 13:19:00,159.51431373
2020-04-27 13:20:00,159.504500484
2020-04-27 13:21:00,159.484873992
2020-04-27 13:22:00,159.484873992
2020-04-27 13:23:00,159.4652475
2020-04-27 13:24:00,159.4652475
2020-04-27 13:25:00,159.4652475
2020-04-27 13:26:00,159.494687238
2020-04-27 13:27:00,159.504500484
2020-04-27 13:28:00,159.475060746
2020-04-27 13:29:00,159.475060746
2020-04-27 13:30:00,159.470154123
2020-04-27 13:31:00,159.524126976
2020-04-27 13:32:00,159.4652475
2020-04-27 13:33:00,159.504500484
2020-04-27 13:34:00,159.484873992
2020-04-27 13:35:00,159.475060746
2020-04-27 13:36:00,159.185569989
2020-04-27 13:37:00,159.141410382
2020-04-27 13:38:00,159.12178389
2020-04-27 13:39:00,159.205196481
2020-04-27 13:40:00,159.126690513
2020-04-27 13:41:00,159.043277922
2020-04-27 13:42:00,158.984398446
2020-04-27 13:43:00,158.886265986
2020-04-27 13:44:00,158.954958708
2020-04-27 13:45:00,158.72925405
2020-04-27 13:46:00,158.72925405
2020-04-27 13:47:00,158.7223847778
2020-04-27 13:48:00,158.611495098
2020-04-27 13:49:00,158.55762037746
2020-04-27 13:50:00,158.552615622
2020-04-27 13:51:00,158.611495098
2020-04-27 13:52:00,158.577148737
2020-04-27 13:53:00,158.518269261
2020-04-27 13:54:00,158.474109654
2020-04-27 13:55:00,158.375977194
2020-04-27 13:56:00,158.405416932
2020-04-27 13:57:00,158.425043424
2020-04-27 13:58:00,158.479016277
2020-04-27 13:59:00,158.542802376
2020-04-27 14:00:00,158.444669916
2020-04-27 14:01:00,158.596775229
2020-04-27 14:02:00,158.690001066
2020-04-27 14:03:00,158.714534181
2020-04-27 14:04:00,158.63112159
2020-04-27 14:05:00,158.665467951
2020-04-27 14:06:00,158.739067296
2020-04-27 14:07:00,158.802853395
2020-04-27 14:08:00,158.743973919
2020-04-27 14:09:00,158.77832028
2020-04-27 14:10:00,158.748880542
2020-04-27 14:11:00,158.72925405
2020-04-27 14:12:00,158.68018782
2020-04-27 14:13:00,158.670374574
2020-04-27 14:14:00,158.793040149
2020-04-27 14:15:00,158.699814312
2020-04-27 14:16:00,158.670374574
2020-04-27 14:17:00,158.57234024646
2020-04-27 14:18:00,158.640934836
2020-04-27 14:19:00,158.675281197
2020-04-27 14:20:00,158.690001066
2020-04-27 14:21:00,158.68018782
2020-04-27 14:22:00,158.763600411
2020-04-27 14:23:00,158.640934836
2020-04-27 14:24:00,158.601681852
2020-04-27 14:25:00,158.572242114
2020-04-27 14:26:00,158.53298913
2020-04-27 14:27:00,158.562428868
2020-04-27 14:28:00,158.53298913
2020-04-27 14:29:00,158.523175884
2020-04-27 14:30:00,158.60963058126
2020-04-27 14:31:00,158.586961983
2020-04-27 14:32:00,158.601681852
2020-04-27 14:33:00,158.650748082
2020-04-27 14:34:00,158.6644866264
2020-04-27 14:35:00,158.650748082
2020-04-27 14:36:00,158.6630146395
2020-04-27 14:37:00,158.645841459
2020-04-27 14:38:00,158.650748082
2020-04-27 14:39:00,158.724347427
2020-04-27 14:40:00,158.690001066
2020-04-27 14:41:00,158.837199756
2020-04-27 14:42:00,158.748880542
2020-04-27 14:43:00,158.63112159
2020-04-27 14:44:00,158.503549392
2020-04-27 14:45:00,158.366163948
2020-04-27 14:46:00,158.111019552
2020-04-27 14:47:00,158.209152012
2020-04-27 14:48:00,158.174805651
2020-04-27 14:49:00,158.086486437
2020-04-27 14:50:00,158.06862632928
2020-04-27 14:51:00,158.263124865
2020-04-27 14:52:00,158.268031488
2020-04-27 14:53:00,158.199338766
2020-04-27 14:54:00,158.326910964
2020-04-27 14:55:00,158.322004341
2020-04-27 14:56:00,158.258218242
2020-04-27 14:57:00,158.268031488
2020-04-27 14:58:00,158.23859175
2020-04-27 14:59:00,158.228778504
2020-04-27 15:00:00,158.184618897
2020-04-27 15:01:00,158.214058635
2020-04-27 15:02:00,158.199338766
2020-04-27 15:03:00,158.125739421
2020-04-27 15:04:00,158.199338766
2020-04-27 15:05:00,158.263124865
2020-04-27 15:06:00,158.312191095
2020-04-27 15:07:00,158.326910964
2020-04-27 15:08:00,158.199338766
2020-04-27 15:09:00,158.179712274
2020-04-27 15:10:00,158.160085782
2020-04-27 15:11:00,158.28765798
2020-04-27 15:12:00,158.38579044
2020-04-27 15:13:00,158.425043424
2020-04-27 15:14:00,158.425043424
2020-04-27 15:15:00,158.444669916
2020-04-27 15:16:00,158.38579044
2020-04-27 15:17:00,158.474109654
2020-04-27 15:18:00,158.464296408
2020-04-27 15:19:00,158.513362638
2020-04-27 15:20:00,158.380883817
2020-04-27 15:21:00,158.3867717646
2020-04-27 15:22:00,158.415230178
2020-04-27 15:23:00,158.405416932
2020-04-27 15:24:00,158.415230178
2020-04-27 15:25:00,158.36802846474
2020-04-27 15:26:00,158.33672421
2020-04-27 15:27:00,158.366163948
2020-04-27 15:28:00,158.33672421
2020-04-27 15:29:00,158.351444079
2020-04-27 15:30:00,158.375977194
2020-04-27 15:31:00,158.415230178
2020-04-27 15:32:00,158.503549392
2020-04-27 15:33:00,158.4839229
2020-04-27 15:34:00,158.68018782
2020-04-27 15:35:00,158.817573264
2020-04-27 15:36:00,158.964771954
2020-04-27 15:37:00,158.89009315194
2020-04-27 15:38:00,158.837199756
2020-04-27 15:39:00,158.866639494
2020-04-27 15:40:00,158.739067296
2020-04-27 15:41:00,158.77832028
2020-04-27 15:42:00,158.768507034
2020-04-27 15:43:00,159.062904414
2020-04-27 15:44:00,158.984398446
2020-04-27 15:45:00,159.126690513
2020-04-27 15:46:00,159.013838184
2020-04-27 15:47:00,159.013838184
2020-04-27 15:48:00,158.74897867446
2020-04-27 15:49:00,158.847013002
2020-04-27 15:50:00,158.994211692
2020-04-27 15:51:00,158.837199756
2020-04-27 15:52:00,158.866639494
2020-04-27 15:53:00,158.748880542
2020-04-27 15:54:00,158.807760018
2020-04-27 15:55:00,158.866639494
2020-04-27 15:56:00,158.690001066
2020-04-27 15:57:00,158.58205536
2020-04-27 15:58:00,158.425043424
2020-04-27 15:59:00,158.346537456
2020-04-27 16:00:00,158.277844734
2020-04-28 09:31:00,158.95525310538
2020-04-28 09:32:00,157.639983744
2020-04-28 09:33:00,156.86473731
2020-04-28 09:34:00,156.697912128
2020-04-28 09:35:00,157.571291022
2020-04-28 09:36:00,157.576197645
2020-04-28 09:37:00,157.767555942
2020-04-28 09:38:00,157.443718824
2020-04-28 09:39:00,157.733209581
2020-04-28 09:40:00,158.25812010954
2020-04-28 09:41:00,158.415230178
2020-04-28 09:42:00,158.169899028
2020-04-28 09:43:00,158.076673191
2020-04-28 09:44:00,158.012887092
2020-04-28 09:45:00,157.757742696
2020-04-28 09:46:00,158.017793715
2020-04-28 09:47:00,158.003073846
2020-04-28 09:48:00,157.708676466
2020-04-28 09:49:00,157.541851284
2020-04-28 09:50:00,157.296520134
2020-04-28 09:51:00,157.679236728
2020-04-28 09:52:00,157.532038038
2020-04-28 09:53:00,158.081579814
2020-04-28 09:54:00,158.09139306
2020-04-28 09:55:00,158.037420207
2020-04-28 09:56:00,157.855875156
2020-04-28 09:57:00,157.885314894
2020-04-28 09:58:00,157.93899334962
2020-04-28 09:59:00,157.654703613
2020-04-28 10:00:00,157.532038038
2020-04-28 10:01:00,157.232734035
2020-04-28 10:02:00,157.5025983
2020-04-28 10:03:00,157.772462565
2020-04-28 10:04:00,157.777369188
2020-04-28 10:05:00,157.708676466
2020-04-28 10:06:00,157.728302958
2020-04-28 10:07:00,157.767555942
2020-04-28 10:08:00,157.787182434
2020-04-28 10:09:00,157.885314894
2020-04-28 10:10:00,157.836248664
2020-04-28 10:11:00,157.492785054
2020-04-28 10:12:00,157.414279086
2020-04-28 10:13:00,157.482971808
2020-04-28 10:14:00,157.532038038
2020-04-28 10:15:00,157.541851284
2020-04-28 10:16:00,157.532038038
2020-04-28 10:17:00,157.610544006
2020-04-28 10:18:00,157.468251939
2020-04-28 10:19:00,157.218014166
2020-04-28 10:20:00,157.129694952
2020-04-28 10:21:00,157.07434824456
2020-04-28 10:22:00,156.96286977
2020-04-28 10:23:00,157.05943211064
2020-04-28 10:24:00,157.164041313
2020-04-28 10:25:00,157.15952721984
2020-04-28 10:26:00,157.041375738
2020-04-28 10:27:00,157.002122754
2020-04-28 10:28:00,156.99927691266
2020-04-28 10:29:00,156.943243278
2020-04-28 10:30:00,156.805857834
2020-04-28 10:31:00,156.673379013
2020-04-28 10:32:00,156.482020716
2020-04-28 10:33:00,156.246502812
2020-04-28 10:34:00,156.099304122
2020-04-28 10:35:00,156.12874386
2020-04-28 10:36:00,156.37103290374
2020-04-28 10:37:00,156.256316058
2020-04-28 10:38:00,156.167996844
2020-04-28 10:39:00,156.540900192
2020-04-28 10:40:00,156.393701502
2020-04-28 10:41:00,156.37407501
2020-04-28 10:42:00,156.187623336
2020-04-28 10:43:00,156.13973469552
2020-04-28 10:44:00,156.089490876
2020-04-28 10:45:00,156.001171662
2020-04-28 10:46:00,155.952105432
2020-04-28 10:47:00,155.976638547
2020-04-28 10:48:00,156.256316058
2020-04-28 10:49:00,156.37407501
2020-04-28 10:50:00,156.37976669268
2020-04-28 10:51:00,156.477114093
2020-04-28 10:52:00,156.66847239
2020-04-28 10:53:00,156.854924064
2020-04-28 10:54:00,156.76660485
2020-04-28 10:55:00,156.663565767
2020-04-28 10:56:00,156.540900192
2020-04-28 10:57:00,156.354448518
2020-04-28 10:58:00,156.295569042
2020-04-28 10:59:00,156.12874386
2020-04-28 11:00:00,156.00391937088
2020-04-28 11:01:00,155.898132579
2020-04-28 11:02:00,156.010984908
2020-04-28 11:03:00,156.295569042
2020-04-28 11:04:00,156.359355141
2020-04-28 11:05:00,156.3564111672
2020-04-28 11:06:00,156.408421371
2020-04-28 11:07:00,156.413327994
2020-04-28 11:08:00,156.413327994
2020-04-28 11:09:00,156.22687632
2020-04-28 11:10:00,156.364261764
2020-04-28 11:11:00,156.158183598
2020-04-28 11:12:00,156.236689566
2020-04-28 11:13:00,156.256316058
2020-04-28 11:14:00,156.17781009
2020-04-28 11:15:00,156.0306114
2020-04-28 11:16:00,156.06279884688
2020-04-28 11:17:00,156.148370352
2020-04-28 11:18:00,155.893225956
2020-04-28 11:19:00,155.564482215
2020-04-28 11:20:00,155.436910017
2020-04-28 11:21:00,155.49088287
2020-04-28 11:22:00,155.510509362
2020-04-28 11:23:00,155.481069624
2020-04-28 11:24:00,155.520322608
2020-04-28 11:25:00,155.500696116
2020-04-28 11:26:00,155.510509362
2020-04-28 11:27:00,155.456536509
2020-04-28 11:28:00,155.559575592
2020-04-28 11:29:00,155.63808156
2020-04-28 11:30:00,155.755840512
2020-04-28 11:31:00,155.795093496
2020-04-28 11:32:00,155.746027266
2020-04-28 11:33:00,155.682241167
2020-04-28 11:34:00,155.68714779
2020-04-28 11:35:00,155.510509362
2020-04-28 11:36:00,155.68714779
2020-04-28 11:37:00,155.824533234
2020-04-28 11:38:00,155.618455068
2020-04-28 11:39:00,155.451629886
2020-04-28 11:40:00,155.432003394
2020-04-28 11:41:00,155.495789493
2020-04-28 11:42:00,155.476163001
2020-04-28 11:43:00,155.49088287
2020-04-28 11:44:00,155.407470279
2020-04-28 11:45:00,155.422190148
2020-04-28 11:46:00,155.608641822
2020-04-28 11:47:00,155.481069624
2020-04-28 11:48:00,155.49088287
2020-04-28 11:49:00,155.397657033
2020-04-28 11:50:00,155.12514319158
2020-04-28 11:51:00,154.789235781
2020-04-28 11:52:00,154.833395388
2020-04-28 11:53:00,154.696009944
2020-04-28 11:54:00,154.862835126
2020-04-28 11:55:00,154.794142404
2020-04-28 11:56:00,155.083633161
2020-04-28 11:57:00,154.911901356
2020-04-28 11:58:00,155.186672244
2020-04-28 11:59:00,154.897181487
2020-04-28 12:00:00,154.882461618
2020-04-28 12:01:00,154.931527848
2020-04-28 12:02:00,154.720543059
2020-04-28 12:03:00,154.71229993236
2020-04-28 12:04:00,154.764702666
2020-04-28 12:05:00,154.843208634
2020-04-28 12:06:00,154.764702666
2020-04-28 12:07:00,154.764702666
2020-04-28 12:08:00,154.813768896
2020-04-28 12:09:00,154.818675519
2020-04-28 12:10:00,154.892274864
2020-04-28 12:11:00,155.010033816
2020-04-28 12:12:00,154.93211664276
2020-04-28 12:13:00,154.921714602
2020-04-28 12:14:00,154.985500701
2020-04-28 12:15:00,154.862835126
2020-04-28 12:16:00,154.421239056
2020-04-28 12:17:00,154.499745024
2020-04-28 12:18:00,154.372172826
2020-04-28 12:19:00,154.499745024
2020-04-28 12:20:00,154.485025155
2020-04-28 12:21:00,154.470305286
2020-04-28 12:22:00,154.578250992
2020-04-28 12:23:00,154.381986072
2020-04-28 12:24:00,154.42987471248
2020-04-28 12:25:00,154.45617421176
2020-04-28 12:26:00,154.499745024
2020-04-28 12:27:00,154.62123300948
2020-04-28 12:28:00,154.749982797
2020-04-28 12:29:00,154.696009944
2020-04-28 12:30:00,154.730356305
2020-04-28 12:31:00,154.70582319
2020-04-28 12:32:00,154.745076174
2020-04-28 12:33:00,154.769609289
2020-04-28 12:34:00,154.65675696
2020-04-28 12:35:00,154.823582142
2020-04-28 12:36:00,154.931527848
2020-04-28 12:37:00,155.0492868
2020-04-28 12:38:00,154.965874209
2020-04-28 12:39:00,154.965874209
2020-04-28 12:40:00,154.88776077084
2020-04-28 12:41:00,154.995313947
2020-04-28 12:42:00,155.034566931
2020-04-28 12:43:00,155.064006669
2020-04-28 12:44:00,155.221018605
2020-04-28 12:45:00,155.255364966
2020-04-28 12:46:00,155.2386824478
2020-04-28 12:47:00,155.127792768
2020-04-28 12:48:00,155.216111982
2020-04-28 12:49:00,155.333870934
2020-04-28 12:50:00,155.324057688
2020-04-28 12:51:00,155.471256378
2020-04-28 12:52:00,155.402563656
2020-04-28 12:53:00,155.387843787
2020-04-28 12:54:00,155.451629886
2020-04-28 12:55:00,155.451629886
2020-04-28 12:56:00,155.67694201416
2020-04-28 12:57:00,155.927572317
2020-04-28 12:58:00,155.873599464
2020-04-28 12:59:00,155.927572317
2020-04-28 13:00:00,155.93404905936
2020-04-28 13:01:00,155.893225956
2020-04-28 13:02:00,155.755840512
2020-04-28 13:03:00,155.868692841
2020-04-28 13:04:00,155.912852448
2020-04-28 13:05:00,155.83434648
2020-04-28 13:06:00,155.849066349
2020-04-28 13:07:00,155.804906742
2020-04-28 13:08:00,155.80510300692
2020-04-28 13:09:00,155.750933889
2020-04-28 13:10:00,155.579202084
2020-04-28 13:11:00,155.63808156
2020-04-28 13:12:00,155.598828576
2020-04-28 13:13:00,155.677334544
2020-04-28 13:14:00,155.608641822
2020-04-28 13:15:00,155.633174937
2020-04-28 13:16:00,155.677334544
2020-04-28 13:17:00,155.706774282
2020-04-28 13:18:00,155.569388838
2020-04-28 13:19:00,155.608641822
2020-04-28 13:20:00,155.58901533
2020-04-28 13:21:00,155.559575592
2020-04-28 13:22:00,155.407470279
2020-04-28 13:23:00,155.530135854
2020-04-28 13:24:00,155.412376902
2020-04-28 13:25:00,155.510509362
2020-04-28 13:26:00,155.44181664
2020-04-28 13:27:00,155.544855723
2020-04-28 13:28:00,155.535042477
2020-04-28 13:29:00,155.569388838
2020-04-28 13:30:00,155.559575592
2020-04-28 13:31:00,155.500696116
2020-04-28 13:32:00,155.579202084
2020-04-28 13:33:00,155.515415985
2020-04-28 13:34:00,155.33701117272
2020-04-28 13:35:00,155.4187555119
2020-04-28 13:36:00,155.338777557
2020-04-28 13:37:00,155.382937164
2020-04-28 13:38:00,155.510509362
2020-04-28 13:39:00,155.520322608
2020-04-28 13:40:00,155.432003394
2020-04-28 13:41:00,155.579202084
2020-04-28 13:42:00,155.64475456728
2020-04-28 13:43:00,155.6694839472
2020-04-28 13:44:00,155.775467004
2020-04-28 13:45:00,155.98154517
2020-04-28 13:46:00,155.971731924
2020-04-28 13:47:00,156.060051138
2020-04-28 13:48:00,156.148370352
2020-04-28 13:49:00,156.118930614
2020-04-28 13:50:00,156.192529959
2020-04-28 13:51:00,156.334822026
2020-04-28 13:52:00,156.22687632
2020-04-28 13:53:00,156.069864384
2020-04-28 13:54:00,156.138557106
2020-04-28 13:55:00,156.069864384
2020-04-28 13:56:00,155.961918678
2020-04-28 13:57:00,155.971731924
2020-04-28 13:58:00,156.020798154
2020-04-28 13:59:00,155.83434648
2020-04-28 14:00:00,155.991358416
2020-04-28 14:01:00,156.050237892
2020-04-28 14:02:00,156.010984908
2020-04-28 14:03:00,156.07967763
2020-04-28 14:04:00,156.187623336
2020-04-28 14:05:00,156.163090221
2020-04-28 14:06:00,156.167996844
2020-04-28 14:07:00,156.138557106
2020-04-28 14:08:00,156.246502812
2020-04-28 14:09:00,156.27594255
2020-04-28 14:10:00,156.315195534
2020-04-28 14:11:00,156.334822026
2020-04-28 14:12:00,156.344635272
2020-04-28 14:13:00,156.393701502
2020-04-28 14:14:00,156.344635272
2020-04-28 14:15:00,156.315195534
2020-04-28 14:16:00,156.32500878
2020-04-28 14:17:00,156.167996844
2020-04-28 14:18:00,156.280849173
2020-04-28 14:19:00,156.37407501
2020-04-28 14:20:00,156.344635272
2020-04-28 14:21:00,156.315195534
2020-04-28 14:22:00,156.300475665
2020-04-28 14:23:00,156.266129304
2020-04-28 14:24:00,156.236689566
2020-04-28 14:25:00,156.197436582
2020-04-28 14:26:00,156.25641419046
2020-04-28 14:27:00,156.315195534
2020-04-28 14:28:00,156.12874386
2020-04-28 14:29:00,156.0090222588
2020-04-28 14:30:00,156.025704777
2020-04-28 14:31:00,156.0306114
2020-04-28 14:32:00,155.966825301
2020-04-28 14:33:00,156.035518023
2020-04-28 14:34:00,156.020798154
2020-04-28 14:35:00,155.853972972
2020-04-28 14:36:00,155.804906742
2020-04-28 14:37:00,155.770560381
2020-04-28 14:38:00,155.903039202
2020-04-28 14:39:00,155.96613837378
2020-04-28 14:40:00,155.996265039
2020-04-28 14:41:00,156.0306114
2020-04-28 14:42:00,156.07967763
2020-04-28 14:43:00,156.241596189
2020-04-28 14:44:00,156.202343205
2020-04-28 14:45:00,156.148370352
2020-04-28 14:46:00,156.167996844
2020-04-28 14:47:00,156.099304122
2020-04-28 14:48:00,156.12874386
2020-04-28 14:49:00,156.040424646
2020-04-28 14:50:00,156.099304122
2020-04-28 14:51:00,156.207249828
2020-04-28 14:52:00,156.138557106
2020-04-28 14:53:00,156.040424646
2020-04-28 14:54:00,155.9884144422
2020-04-28 14:55:00,155.912852448
2020-04-28 14:56:00,155.952105432
2020-04-28 14:57:00,155.942292186
2020-04-28 14:58:00,155.971731924
2020-04-28 14:59:00,155.991358416
2020-04-28 15:00:00,156.060051138
2020-04-28 15:01:00,156.069864384
2020-04-28 15:02:00,156.109117368
2020-04-28 15:03:00,156.17781009
2020-04-28 15:04:00,156.197436582
2020-04-28 15:05:00,156.17781009
2020-04-28 15:06:00,156.271035927
2020-04-28 15:07:00,156.295569042
2020-04-28 15:08:00,156.295569042
2020-04-28 15:09:00,156.280849173
2020-04-28 15:10:00,156.118930614
2020-04-28 15:11:00,156.167996844
2020-04-28 15:12:00,156.138557106
2020-04-28 15:13:00,156.084584253
2020-04-28 15:14:00,155.99606877408
2020-04-28 15:15:00,155.991358416
2020-04-28 15:16:00,155.903039202
2020-04-28 15:17:00,155.922665694
2020-04-28 15:18:00,155.844159726
2020-04-28 15:19:00,155.893225956
2020-04-28 15:20:00,155.90343173184
2020-04-28 15:21:00,156.001171662
2020-04-28 15:22:00,155.73621402
2020-04-28 15:23:00,155.677334544
2020-04-28 15:24:00,155.746027266
2020-04-28 15:25:00,155.726400774
2020-04-28 15:26:00,155.76104153238
2020-04-28 15:27:00,155.795093496
2020-04-28 15:28:00,155.8323838308
2020-04-28 15:29:00,155.878506087
2020-04-28 15:30:00,155.804906742
2020-04-28 15:31:00,155.893225956
2020-04-28 15:32:00,155.912852448
2020-04-28 15:33:00,155.795093496
2020-04-28 15:34:00,155.584108707
2020-04-28 15:35:00,155.49088287
2020-04-28 15:36:00,155.274991458
2020-04-28 15:37:00,155.402563656
2020-04-28 15:38:00,155.402563656
2020-04-28 15:39:00,155.382937164
2020-04-28 15:40:00,155.39275041
2020-04-28 15:41:00,155.402563656
2020-04-28 15:42:00,155.657708052
2020-04-28 15:43:00,155.44181664
2020-04-28 15:44:00,155.363310672
2020-04-28 15:45:00,155.274991458
2020-04-28 15:46:00,155.029660308
2020-04-28 15:47:00,154.862835126
2020-04-28 15:48:00,154.85302188
2020-04-28 15:49:00,154.60769073
2020-04-28 15:50:00,154.46971649124
2020-04-28 15:51:00,154.597877484
2020-04-28 15:52:00,154.499745024
2020-04-28 15:53:00,154.440865548
2020-04-28 15:54:00,154.31329335
2020-04-28 15:55:00,154.318199973
2020-04-28 15:56:00,154.519371516
2020-04-28 15:57:00,154.274040366
2020-04-28 15:58:00,154.332919842
2020-04-28 15:59:00,154.421239056
2020-04-28 16:00:00,154.36235958
2020-04-29 09:31:00,154.36235958
2020-04-29 09:32:00,153.371221734
2020-04-29 09:33:00,153.454634325
2020-04-29 09:34:00,153.714685344
2020-04-29 09:35:00,153.68151657252
2020-04-29 09:36:00,153.36474499164
2020-04-29 09:37:00,153.204396552
2020-04-29 09:38:00,153.714685344
2020-04-29 09:39:00,154.538998008
2020-04-29 09:40:00,154.489931778
2020-04-29 09:41:00,154.401612564
2020-04-29 09:42:00,154.205347644
2020-04-29 09:43:00,154.048335708
2020-04-29 09:44:00,154.367266203
2020-04-29 09:45:00,153.67543236
2020-04-29 09:46:00,153.371221734
2020-04-29 09:47:00,153.435007833
2020-04-29 09:48:00,153.484074063
2020-04-29 09:49:00,153.861884034
2020-04-29 09:50:00,153.714685344
2020-04-29 09:51:00,153.62636613
2020-04-29 09:52:00,153.641085999
2020-04-29 09:53:00,153.538046916
2020-04-29 09:54:00,153.685245606
2020-04-29 09:55:00,153.57563164818
2020-04-29 09:56:00,153.459540948
2020-04-29 09:57:00,153.273089274
2020-04-29 09:58:00,153.439914456
2020-04-29 09:59:00,153.13570383
2020-04-29 10:00:00,153.067011108
2020-04-29 10:01:00,152.924719041
2020-04-29 10:02:00,153.13570383
2020-04-29 10:03:00,152.900185926
2020-04-29 10:04:00,152.762800482
2020-04-29 10:05:00,152.635228284
2020-04-29 10:06:00,152.703921006
2020-04-29 10:07:00,152.723547498
2020-04-29 10:08:00,152.5959753
2020-04-29 10:09:00,152.69410776
2020-04-29 10:10:00,152.488029594
2020-04-29 10:11:00,152.49784284
2020-04-29 10:12:00,152.71363611954
2020-04-29 10:13:00,152.733360744
2020-04-29 10:14:00,152.703921006
2020-04-29 10:15:00,152.419336872
2020-04-29 10:16:00,152.32110627954
2020-04-29 10:17:00,152.429150118
2020-04-29 10:18:00,152.321204412
2020-04-29 10:19:00,152.394803757
2020-04-29 10:20:00,152.30530695348
2020-04-29 10:21:00,152.223071952
2020-04-29 10:22:00,152.021900409
2020-04-29 10:23:00,152.360457396
2020-04-29 10:24:00,152.978691894
2020-04-29 10:25:00,153.081730977
2020-04-29 10:26:00,153.410474718
2020-04-29 10:27:00,153.28290252
2020-04-29 10:28:00,153.116077338
2020-04-29 10:29:00,153.361408488
2020-04-29 10:30:00,153.23383629
2020-04-29 10:31:00,153.33196875
2020-04-29 10:32:00,153.106264092
2020-04-29 10:33:00,153.027758124
2020-04-29 10:34:00,152.870746188
2020-04-29 10:35:00,152.865839565
2020-04-29 10:36:00,152.860932942
2020-04-29 10:37:00,152.909999172
2020-04-29 10:38:00,152.968878648
2020-04-29 10:39:00,152.895279303
2020-04-29 10:40:00,152.949252156
2020-04-29 10:41:00,152.84130645
2020-04-29 10:42:00,152.90342429718
2020-04-29 10:43:00,152.978691894
2020-04-29 10:44:00,153.116077338
2020-04-29 10:45:00,153.174956814
2020-04-29 10:46:00,153.174956814
2020-04-29 10:47:00,152.949252156
2020-04-29 10:48:00,152.831493204
2020-04-29 10:49:00,152.674481268
2020-04-29 10:50:00,152.762800482
2020-04-29 10:51:00,153.076824354
2020-04-29 10:52:00,153.106264092
2020-04-29 10:53:00,153.243649536
2020-04-29 10:54:00,152.968878648
2020-04-29 10:55:00,152.860932942
2020-04-29 10:56:00,152.851119696
2020-04-29 10:57:00,152.89037268
2020-04-29 10:58:00,152.880559434
2020-04-29 10:59:00,153.0866376
2020-04-29 11:00:00,153.067011108
2020-04-29 11:01:00,153.170050191
2020-04-29 11:02:00,153.0866376
2020-04-29 11:03:00,152.885466057
2020-04-29 11:04:00,152.821679958
2020-04-29 11:05:00,152.802053466
2020-04-29 11:06:00,152.752987236
2020-04-29 11:07:00,152.586162054
2020-04-29 11:08:00,152.4787070103
2020-04-29 11:09:00,152.49784284
2020-04-29 11:10:00,152.625415038
2020-04-29 11:11:00,152.826586581
2020-04-29 11:12:00,152.79224022
2020-04-29 11:13:00,152.762800482
2020-04-29 11:14:00,152.89596623022
2020-04-29 11:15:00,152.860932942
2020-04-29 11:16:00,152.797146843
2020-04-29 11:17:00,152.713734252
2020-04-29 11:18:00,152.537095824
2020-04-29 11:19:00,152.419336872
2020-04-29 11:20:00,152.522375955
2020-04-29 11:21:00,152.488029594
2020-04-29 11:22:00,152.605788546
2020-04-29 11:23:00,152.507656086
2020-04-29 11:24:00,152.527282578
2020-04-29 11:25:00,152.478216348
2020-04-29 11:26:00,152.30157792
2020-04-29 11:27:00,152.193632214
2020-04-29 11:28:00,152.066060016
2020-04-29 11:29:00,152.105313
2020-04-29 11:30:00,152.174005722
2020-04-29 11:31:00,152.174005722
2020-04-29 11:32:00,152.08980807132
2020-04-29 11:33:00,152.066060016
2020-04-29 11:34:00,151.928674572
2020-04-29 11:35:00,152.01983962734
2020-04-29 11:36:00,151.889421588
2020-04-29 11:37:00,151.8344674104
2020-04-29 11:38:00,151.967927556
2020-04-29 11:39:00,151.928674572
2020-04-29 11:40:00,151.889421588
2020-04-29 11:41:00,151.977740802
2020-04-29 11:42:00,151.938487818
2020-04-29 11:43:00,152.00718054
2020-04-29 11:44:00,152.036620278
2020-04-29 11:45:00,152.095499754
2020-04-29 11:46:00,152.370270642
2020-04-29 11:47:00,152.488029594
2020-04-29 11:48:00,152.45427202776
2020-04-29 11:49:00,152.5091280729
2020-04-29 11:50:00,152.468403102
2020-04-29 11:51:00,152.762800482
2020-04-29 11:52:00,152.782426974
2020-04-29 11:53:00,152.900185926
2020-04-29 11:54:00,152.909999172
2020-04-29 11:55:00,152.929625664
2020-04-29 11:56:00,153.0866376
2020-04-29 11:57:00,153.106264092
2020-04-29 11:58:00,153.174956814
2020-04-29 11:59:00,153.19350384894
2020-04-29 12:00:00,153.263276028
2020-04-29 12:01:00,153.33196875
2020-04-29 12:02:00,153.322155504
2020-04-29 12:03:00,153.449727702
2020-04-29 12:04:00,153.498793932
2020-04-29 12:05:00,153.47916744
2020-04-29 12:06:00,153.52823367
2020-04-29 12:07:00,153.439914456
2020-04-29 12:08:00,153.488980686
2020-04-29 12:09:00,153.47916744
2020-04-29 12:10:00,153.464447571
2020-04-29 12:11:00,153.371221734
2020-04-29 12:12:00,153.390848226
2020-04-29 12:13:00,153.238742913
2020-04-29 12:14:00,153.28290252
2020-04-29 12:15:00,153.36366553458
2020-04-29 12:16:00,153.390848226
2020-04-29 12:17:00,153.312342258
2020-04-29 12:18:00,153.28290252
2020-04-29 12:19:00,153.43010121
2020-04-29 12:20:00,153.390848226
2020-04-29 12:21:00,153.361408488
2020-04-29 12:22:00,153.420287964
2020-04-29 12:23:00,153.38103498
2020-04-29 12:24:00,153.42117115614
2020-04-29 12:25:00,153.484074063
2020-04-29 12:26:00,153.62450161326
2020-04-29 12:27:00,153.645992622
2020-04-29 12:28:00,153.572393277
2020-04-29 12:29:00,153.582206523
2020-04-29 12:30:00,153.5772999
2020-04-29 12:31:00,153.6666004386
2020-04-29 12:32:00,153.763751574
2020-04-29 12:33:00,153.645992622
2020-04-29 12:34:00,153.587113146
2020-04-29 12:35:00,153.636179376
2020-04-29 12:36:00,153.611646261
2020-04-29 12:37:00,153.655805868
2020-04-29 12:38:00,153.812817804
2020-04-29 12:39:00,153.783378066
2020-04-29 12:40:00,153.62636613
2020-04-29 12:41:00,153.45237727842
2020-04-29 12:42:00,153.47916744
2020-04-29 12:43:00,153.469354194
2020-04-29 12:44:00,153.395754849
2020-04-29 12:45:00,153.33196875
2020-04-29 12:46:00,153.243649536
2020-04-29 12:47:00,153.165143568
2020-04-29 12:48:00,153.13570383
2020-04-29 12:49:00,153.174956814
2020-04-29 12:50:00,153.28290252
2020-04-29 12:51:00,153.474260817
2020-04-29 12:52:00,153.322155504
2020-04-29 12:53:00,153.312342258
2020-04-29 12:54:00,153.38103498
2020-04-29 12:55:00,153.263276028
2020-04-29 12:56:00,153.194583306
2020-04-29 12:57:00,153.273089274
2020-04-29 12:58:00,153.214209798
2020-04-29 12:59:00,153.03757137
2020-04-29 13:00:00,152.949252156
2020-04-29 13:01:00,152.959065402
2020-04-29 13:02:00,153.02393095806
2020-04-29 13:03:00,153.116077338
2020-04-29 13:04:00,153.120983961
2020-04-29 13:05:00,153.18477006
2020-04-29 13:06:00,153.204396552
2020-04-29 13:07:00,153.23383629
2020-04-29 13:08:00,153.273089274
2020-04-29 13:09:00,153.23383629
2020-04-29 13:10:00,153.33196875
2020-04-29 13:11:00,153.253462782
2020-04-29 13:12:00,153.33196875
2020-04-29 13:13:00,153.224023044
2020-04-29 13:14:00,153.170050191
2020-04-29 13:15:00,153.081730977
2020-04-29 13:16:00,153.0866376
2020-04-29 13:17:00,153.28290252
2020-04-29 13:18:00,153.346688619
2020-04-29 13:19:00,153.493887309
2020-04-29 13:20:00,153.46582142544
2020-04-29 13:21:00,153.439914456
2020-04-29 13:22:00,153.46268118672
2020-04-29 13:23:00,153.420287964
2020-04-29 13:24:00,153.47259256518
2020-04-29 13:25:00,153.503700555
2020-04-29 13:26:00,153.523327047
2020-04-29 13:27:00,153.557673408
2020-04-29 13:28:00,153.49320038178
2020-04-29 13:29:00,153.547860162
2020-04-29 13:30:00,153.37681528422
2020-04-29 13:31:00,153.23383629
2020-04-29 13:32:00,153.174956814
2020-04-29 13:33:00,153.23491574706
2020-04-29 13:34:00,153.214209798
2020-04-29 13:35:00,153.174956814
2020-04-29 13:36:00,153.18477006
2020-04-29 13:37:00,153.179863437
2020-04-29 13:38:00,153.23383629
2020-04-29 13:39:00,153.155330322
2020-04-29 13:40:00,153.214209798
2020-04-29 13:41:00,153.1469890629
2020-04-29 13:42:00,152.978691894
2020-04-29 13:43:00,152.949252156
2020-04-29 13:44:00,152.924719041
2020-04-29 13:45:00,152.733360744
2020-04-29 13:46:00,152.752987236
2020-04-29 13:47:00,152.880559434
2020-04-29 13:48:00,152.98850514
2020-04-29 13:49:00,153.076824354
2020-04-29 13:50:00,153.179863437
2020-04-29 13:51:00,153.18477006
2020-04-29 13:52:00,153.145517076
2020-04-29 13:53:00,152.98850514
2020-04-29 13:54:00,153.145517076
2020-04-29 13:55:00,153.13570383
2020-04-29 13:56:00,153.219116421
2020-04-29 13:57:00,153.351595242
2020-04-29 13:58:00,153.420287964
2020-04-29 13:59:00,153.400661472
2020-04-29 14:00:00,153.204396552
2020-04-29 14:01:00,153.03757137
2020-04-29 14:02:00,153.24158875434
2020-04-29 14:03:00,153.224023044
2020-04-29 14:04:00,152.860932942
2020-04-29 14:05:00,153.008131632
2020-04-29 14:06:00,152.89037268
2020-04-29 14:07:00,152.748080613
2020-04-29 14:08:00,152.806960089
2020-04-29 14:09:00,152.708827629
2020-04-29 14:10:00,152.74317399
2020-04-29 14:11:00,152.69822932332
2020-04-29 14:12:00,152.581255431
2020-04-29 14:13:00,152.542002447
2020-04-29 14:14:00,152.49784284
2020-04-29 14:15:00,152.49784284
2020-04-29 14:16:00,152.551815693
2020-04-29 14:17:00,152.340830904
2020-04-29 14:18:00,152.321204412
2020-04-29 14:19:00,152.380083888
2020-04-29 14:20:00,152.370270642
2020-04-29 14:21:00,152.394803757
2020-04-29 14:22:00,152.35064415
2020-04-29 14:23:00,152.32159694184
2020-04-29 14:24:00,152.223071952
2020-04-29 14:25:00,152.174005722
2020-04-29 14:26:00,152.419336872
2020-04-29 14:27:00,152.429150118
2020-04-29 14:28:00,152.316297789
2020-04-29 14:29:00,152.164192476
2020-04-29 14:30:00,152.321204412
2020-04-29 14:31:00,152.26222680354
2020-04-29 14:32:00,152.20344546
2020-04-29 14:33:00,152.291764674
2020-04-29 14:34:00,152.232885198
2020-04-29 14:35:00,152.22778231008
2020-04-29 14:36:00,152.188725591
2020-04-29 14:37:00,152.25457247166
2020-04-29 14:38:00,152.227978575
2020-04-29 14:39:00,152.39971038
2020-04-29 14:40:00,152.316297789
2020-04-29 14:41:00,152.321204412
2020-04-29 14:42:00,152.370270642
2020-04-29 14:43:00,152.38135960998
2020-04-29 14:44:00,152.542002447
2020-04-29 14:45:00,152.492936217
2020-04-29 14:46:00,152.438963364
2020-04-29 14:47:00,152.566535562
2020-04-29 14:48:00,152.507656086
2020-04-29 14:49:00,152.419336872
2020-04-29 14:50:00,152.404617003
2020-04-29 14:51:00,152.488029594
2020-04-29 14:52:00,152.5989192738
2020-04-29 14:53:00,152.674481268
2020-04-29 14:54:00,152.409523626
2020-04-29 14:55:00,152.429150118
2020-04-29 14:56:00,152.488029594
2020-04-29 14:57:00,152.64504153
2020-04-29 14:58:00,152.762800482
2020-04-29 14:59:00,152.870746188
2020-04-29 15:00:00,152.79224022
2020-04-29 15:01:00,152.811866712
2020-04-29 15:02:00,152.782426974
2020-04-29 15:03:00,152.831493204
2020-04-29 15:04:00,152.919812418
2020-04-29 15:05:00,152.968878648
2020-04-29 15:06:00,152.8697648634
2020-04-29 15:07:00,152.870746188
2020-04-29 15:08:00,152.919812418
2020-04-29 15:09:00,152.929625664
2020-04-29 15:10:00,152.900185926
2020-04-29 15:11:00,152.79224022
2020-04-29 15:12:00,152.782426974
2020-04-29 15:13:00,152.919812418
2020-04-29 15:14:00,152.900185926
2020-04-29 15:15:00,152.978691894
2020-04-29 15:16:00,152.900185926
2020-04-29 15:17:00,152.880559434
2020-04-29 15:18:00,153.008131632
2020-04-29 15:19:00,153.155330322
2020-04-29 15:20:00,153.155330322
2020-04-29 15:21:00,153.214209798
2020-04-29 15:22:00,153.219116421
2020-04-29 15:23:00,153.23383629
2020-04-29 15:24:00,153.302529012
2020-04-29 15:25:00,153.33196875
2020-04-29 15:26:00,153.43010121
2020-04-29 15:27:00,153.449727702
2020-04-29 15:28:00,153.6140995725
2020-04-29 15:29:00,153.547860162
2020-04-29 15:30:00,153.714685344
2020-04-29 15:31:00,153.852070788
2020-04-29 15:32:00,153.812817804
2020-04-29 15:33:00,153.77170030326
2020-04-29 15:34:00,153.82263105
2020-04-29 15:35:00,153.896230395
2020-04-29 15:36:00,153.87169728
2020-04-29 15:37:00,153.807911181
2020-04-29 15:38:00,153.881510526
2020-04-29 15:39:00,153.852070788
2020-04-29 15:40:00,153.837350919
2020-04-29 15:41:00,153.910950264
2020-04-29 15:42:00,154.058148954
2020-04-29 15:43:00,153.96982974
2020-04-29 15:44:00,153.881510526
2020-04-29 15:45:00,153.763751574
2020-04-29 15:46:00,153.729405213
2020-04-29 15:47:00,153.685245606
2020-04-29 15:48:00,153.567486654
2020-04-29 15:49:00,153.449727702
2020-04-29 15:50:00,153.33196875
2020-04-29 15:51:00,152.865839565
2020-04-29 15:52:00,152.718640875
2020-04-29 15:53:00,152.880559434
2020-04-29 15:54:00,152.752987236
2020-04-29 15:55:00,152.718640875
2020-04-29 15:56:00,152.542002447
2020-04-29 15:57:00,152.502749463
2020-04-29 15:58:00,152.49784284
2020-04-29 15:59:00,152.370270642
2020-04-29 16:00:00,152.262324936
2020-04-30 09:31:00,152.272138182
2020-04-30 09:32:00,152.25251169
2020-04-30 09:33:00,152.213258706
2020-04-30 09:34:00,152.080779885
2020-04-30 09:35:00,151.85998185
2020-04-30 09:36:00,151.987554048
2020-04-30 09:37:00,152.30157792
2020-04-30 09:38:00,152.458589856
2020-04-30 09:39:00,153.395754849
2020-04-30 09:40:00,153.13570383
2020-04-30 09:41:00,152.5689888735
2020-04-30 09:42:00,152.389897134
2020-04-30 09:43:00,152.25251169
2020-04-30 09:44:00,152.3182604382
2020-04-30 09:45:00,152.39971038
2020-04-30 09:46:00,152.321204412
2020-04-30 09:47:00,152.272138182
2020-04-30 09:48:00,152.468403102
2020-04-30 09:49:00,152.262324936
2020-04-30 09:50:00,152.164192476
2020-04-30 09:51:00,152.247605067
2020-04-30 09:52:00,152.15437923
2020-04-30 09:53:00,152.30157792
2020-04-30 09:54:00,152.340830904
2020-04-30 09:55:00,152.227978575
2020-04-30 09:56:00,152.30157792
2020-04-30 09:57:00,152.257418313
2020-04-30 09:58:00,152.316297789
2020-04-30 09:59:00,152.15437923
2020-04-30 10:00:00,152.360457396
2020-04-30 10:01:00,152.635228284
2020-04-30 10:02:00,152.674481268
2020-04-30 10:03:00,152.762800482
2020-04-30 10:04:00,152.914905795
2020-04-30 10:05:00,152.831493204
2020-04-30 10:06:00,152.782426974
2020-04-30 10:07:00,153.155330322
2020-04-30 10:08:00,153.140610453
2020-04-30 10:09:00,153.027758124
2020-04-30 10:10:00,153.18477006
2020-04-30 10:11:00,153.24629911242
2020-04-30 10:12:00,153.263276028
2020-04-30 10:13:00,153.214209798
2020-04-30 10:14:00,153.33196875
2020-04-30 10:15:00,153.140610453
2020-04-30 10:16:00,153.03757137
2020-04-30 10:17:00,152.262324936
2020-04-30 10:18:00,153.18477006
2020-04-30 10:19:00,153.302529012
2020-04-30 10:20:00,153.420287964
2020-04-30 10:21:00,153.449727702
2020-04-30 10:22:00,153.7897566759
2020-04-30 10:23:00,153.410474718
2020-04-30 10:24:00,153.35169337446
2020-04-30 10:25:00,153.25915446468
2020-04-30 10:26:00,153.5772999
2020-04-30 10:27:00,153.729405213
2020-04-30 10:28:00,153.749031705
2020-04-30 10:29:00,153.98739545034
2020-04-30 10:30:00,153.940390002
2020-04-30 10:31:00,153.861884034
2020-04-30 10:32:00,153.803004558
2020-04-30 10:33:00,153.803004558
2020-04-30 10:34:00,153.734311836
2020-04-30 10:35:00,153.837350919
2020-04-30 10:36:00,153.596926392
2020-04-30 10:37:00,153.70909179378
2020-04-30 10:38:00,153.77356482
2020-04-30 10:39:00,153.62636613
2020-04-30 10:40:00,153.685245606
2020-04-30 10:41:00,153.655805868
2020-04-30 10:42:00,153.351595242
2020-04-30 10:43:00,153.165143568
2020-04-30 10:44:00,153.0866376
2020-04-30 10:45:00,152.821679958
2020-04-30 10:46:00,152.77516517196
2020-04-30 10:47:00,152.78026805988
2020-04-30 10:48:00,152.919812418
2020-04-30 10:49:00,152.93943891
2020-04-30 10:50:00,153.008131632
2020-04-30 10:51:00,153.224023044
2020-04-30 10:52:00,153.312342258
2020-04-30 10:53:00,153.238742913
2020-04-30 10:54:00,153.2686733133
2020-04-30 10:55:00,153.273089274
2020-04-30 10:56:00,153.23383629
2020-04-30 10:57:00,153.194583306
2020-04-30 10:58:00,153.449727702
2020-04-30 10:59:00,153.336875373
2020-04-30 11:00:00,153.28290252
2020-04-30 11:01:00,153.307435635
2020-04-30 11:02:00,153.312342258
2020-04-30 11:03:00,153.317248881
2020-04-30 11:04:00,153.292715766
2020-04-30 11:05:00,153.371221734
2020-04-30 11:06:00,153.351595242
2020-04-30 11:07:00,153.390848226
2020-04-30 11:08:00,153.43010121
2020-04-30 11:09:00,153.28290252
2020-04-30 11:10:00,153.13570383
2020-04-30 11:11:00,153.1052827674
2020-04-30 11:12:00,152.93943891
2020-04-30 11:13:00,152.802053466
2020-04-30 11:14:00,152.831493204
2020-04-30 11:15:00,152.772613728
2020-04-30 11:16:00,152.870746188
2020-04-30 11:17:00,152.429150118
2020-04-30 11:18:00,152.438963364
2020-04-30 11:19:00,152.438963364
2020-04-30 11:20:00,152.419336872
2020-04-30 11:21:00,152.468403102
2020-04-30 11:22:00,152.39971038
2020-04-30 11:23:00,152.556722316
2020-04-30 11:24:00,152.605788546
2020-04-30 11:25:00,152.537095824
2020-04-30 11:26:00,152.64504153
2020-04-30 11:27:00,152.605788546
2020-04-30 11:28:00,152.59273692882
2020-04-30 11:29:00,152.43317354886
2020-04-30 11:30:00,152.40844416894
2020-04-30 11:31:00,152.370270642
2020-04-30 11:32:00,152.321204412
2020-04-30 11:33:00,152.223071952
2020-04-30 11:34:00,152.281951428
2020-04-30 11:35:00,152.262324936
2020-04-30 11:36:00,152.28214769292
2020-04-30 11:37:00,152.159285853
2020-04-30 11:38:00,152.144565984
2020-04-30 11:39:00,152.15437923
2020-04-30 11:40:00,152.188725591
2020-04-30 11:41:00,152.242698444
2020-04-30 11:42:00,152.44877661
2020-04-30 11:43:00,152.556722316
2020-04-30 11:44:00,152.478216348
2020-04-30 11:45:00,152.39971038
2020-04-30 11:46:00,152.262324936
2020-04-30 11:47:00,152.20344546
2020-04-30 11:48:00,151.732409652
2020-04-30 11:49:00,151.830542112
2020-04-30 11:50:00,151.73967145404
2020-04-30 11:51:00,151.673530176
2020-04-30 11:52:00,151.683343422
2020-04-30 11:53:00,151.658810307
2020-04-30 11:54:00,151.707876537
2020-04-30 11:55:00,151.66371693
2020-04-30 11:56:00,151.899234834
2020-04-30 11:57:00,151.928674572
2020-04-30 11:58:00,151.948301064
2020-04-30 11:59:00,151.560677847
2020-04-30 12:00:00,151.511611617
2020-04-30 12:01:00,151.330066566
2020-04-30 12:02:00,151.330066566
2020-04-30 12:03:00,151.290813582
2020-04-30 12:04:00,151.065108924
2020-04-30 12:05:00,151.143614892
2020-04-30 12:06:00,151.07492217
2020-04-30 12:07:00,151.261373844
2020-04-30 12:08:00,151.36931955
2020-04-30 12:09:00,151.462545387
2020-04-30 12:10:00,151.408572534
2020-04-30 12:11:00,151.575397716
2020-04-30 12:12:00,151.39031989644
2020-04-30 12:13:00,151.398759288
2020-04-30 12:14:00,151.379132796
2020-04-30 12:15:00,151.536144732
2020-04-30 12:16:00,151.6146507
2020-04-30 12:17:00,151.644090438
2020-04-30 12:18:00,151.683343422
2020-04-30 12:19:00,151.570491093
2020-04-30 12:20:00,151.52054167086
2020-04-30 12:21:00,151.42947474798
2020-04-30 12:22:00,151.290813582
2020-04-30 12:23:00,151.084735416
2020-04-30 12:24:00,151.46745201
2020-04-30 12:25:00,151.339879812
2020-04-30 12:26:00,151.236840729
2020-04-30 12:27:00,151.212307614
2020-04-30 12:28:00,151.536144732
2020-04-30 12:29:00,151.334973189
2020-04-30 12:30:00,151.300626828
2020-04-30 12:31:00,151.02585594
2020-04-30 12:32:00,150.942443349
2020-04-30 12:33:00,151.094548662
2020-04-30 12:34:00,151.217214237
2020-04-30 12:35:00,151.398759288
2020-04-30 12:36:00,151.433105649
2020-04-30 12:37:00,151.506704994
2020-04-30 12:38:00,151.438012272
2020-04-30 12:39:00,151.585210962
2020-04-30 12:40:00,151.6146507
2020-04-30 12:41:00,151.64418857046
2020-04-30 12:42:00,151.830542112
2020-04-30 12:43:00,151.752036144
2020-04-30 12:44:00,151.604837454
2020-04-30 12:45:00,151.752036144
2020-04-30 12:46:00,151.683343422
2020-04-30 12:47:00,151.683343422
2020-04-30 12:48:00,151.693156668
2020-04-30 12:49:00,151.693156668
2020-04-30 12:50:00,151.75458758796
2020-04-30 12:51:00,151.889421588
2020-04-30 12:52:00,151.840355358
2020-04-30 12:53:00,151.91964638568
2020-04-30 12:54:00,151.894328211
2020-04-30 12:55:00,151.977740802
2020-04-30 12:56:00,151.923767949
2020-04-30 12:57:00,152.016993786
2020-04-30 12:58:00,151.95811431
2020-04-30 12:59:00,152.041526901
2020-04-30 13:00:00,152.115126246
2020-04-30 13:01:00,151.874701719
2020-04-30 13:02:00,151.948301064
2020-04-30 13:03:00,151.977740802
2020-04-30 13:04:00,151.889421588
2020-04-30 13:05:00,151.830542112
2020-04-30 13:06:00,151.781475882
2020-04-30 13:07:00,151.845261981
2020-04-30 13:08:00,151.879608342
2020-04-30 13:09:00,152.00718054
2020-04-30 13:10:00,152.041526901
2020-04-30 13:11:00,152.046433524
2020-04-30 13:12:00,152.095499754
2020-04-30 13:13:00,152.090593131
2020-04-30 13:14:00,152.232885198
2020-04-30 13:15:00,152.262324936
2020-04-30 13:16:00,152.311391166
2020-04-30 13:17:00,152.227978575
2020-04-30 13:18:00,152.25251169
2020-04-30 13:19:00,152.213258706
2020-04-30 13:20:00,152.25251169
2020-04-30 13:21:00,152.20344546
2020-04-30 13:22:00,152.237791821
2020-04-30 13:23:00,152.25800710776
2020-04-30 13:24:00,152.193632214
2020-04-30 13:25:00,152.213258706
2020-04-30 13:26:00,152.14819688502
2020-04-30 13:27:00,152.174005722
2020-04-30 13:28:00,152.272138182
2020-04-30 13:29:00,152.262324936
2020-04-30 13:30:00,152.213258706
2020-04-30 13:31:00,152.085686508
2020-04-30 13:32:00,152.066060016
2020-04-30 13:33:00,152.016993786
2020-04-30 13:34:00,152.026807032
2020-04-30 13:35:00,152.11492998108
2020-04-30 13:36:00,152.223071952
2020-04-30 13:37:00,152.124939492
2020-04-30 13:38:00,151.918861326
2020-04-30 13:39:00,151.732409652
2020-04-30 13:40:00,151.698063291
2020-04-30 13:41:00,151.71278316
2020-04-30 13:42:00,151.6146507
2020-04-30 13:43:00,151.74035838126
2020-04-30 13:44:00,151.545957978
2020-04-30 13:45:00,151.550864601
2020-04-30 13:46:00,151.51651824
2020-04-30 13:47:00,151.51651824
2020-04-30 13:48:00,151.477265256
2020-04-30 13:49:00,151.585210962
2020-04-30 13:50:00,151.673530176
2020-04-30 13:51:00,151.51651824
2020-04-30 13:52:00,151.56558447
2020-04-30 13:53:00,151.526331486
2020-04-30 13:54:00,151.403665911
2020-04-30 13:55:00,151.487078502
2020-04-30 13:56:00,151.526331486
2020-04-30 13:57:00,151.506704994
2020-04-30 13:58:00,151.46745201
2020-04-30 13:59:00,151.46745201
2020-04-30 14:00:00,151.44360582222
2020-04-30 14:01:00,151.487078502
2020-04-30 14:02:00,151.339879812
2020-04-30 14:03:00,151.433105649
2020-04-30 14:04:00,151.51651824
2020-04-30 14:05:00,151.51651824
2020-04-30 14:06:00,151.438012272
2020-04-30 14:07:00,151.50729378876
2020-04-30 14:08:00,151.65262796202
2020-04-30 14:09:00,151.585210962
2020-04-30 14:10:00,151.575397716
2020-04-30 14:11:00,151.57088362284
2020-04-30 14:12:00,151.585210962
2020-04-30 14:13:00,151.634277192
2020-04-30 14:14:00,151.6146507
2020-04-30 14:15:00,151.634277192
2020-04-30 14:16:00,151.506704994
2020-04-30 14:17:00,151.555771224
2020-04-30 14:18:00,151.51524251802
2020-04-30 14:19:00,151.46745201
2020-04-30 14:20:00,151.300626828
2020-04-30 14:21:00,151.32025332
2020-04-30 14:22:00,151.32025332
2020-04-30 14:23:00,151.428199026
2020-04-30 14:24:00,151.428199026
2020-04-30 14:25:00,151.379132796
2020-04-30 14:26:00,151.408572534
2020-04-30 14:27:00,151.408572534
2020-04-30 14:28:00,151.290813582
2020-04-30 14:29:00,151.364412927
2020-04-30 14:30:00,151.310440074
2020-04-30 14:31:00,151.339879812
2020-04-30 14:32:00,151.359506304
2020-04-30 14:33:00,151.398759288
2020-04-30 14:34:00,151.40307711624
2020-04-30 14:35:00,151.388946042
2020-04-30 14:36:00,151.354599681
2020-04-30 14:37:00,151.32025332
2020-04-30 14:38:00,151.22212086
2020-04-30 14:39:00,151.070015547
2020-04-30 14:40:00,151.02585594
2020-04-30 14:41:00,150.908096988
2020-04-30 14:42:00,150.809964528
2020-04-30 14:43:00,150.770711544
2020-04-30 14:44:00,150.819777774
2020-04-30 14:45:00,150.760898298
2020-04-30 14:46:00,150.834497643
2020-04-30 14:47:00,150.888470496
2020-04-30 14:48:00,150.800151282
2020-04-30 14:49:00,150.800151282
2020-04-30 14:50:00,150.809964528
2020-04-30 14:51:00,150.672579084
2020-04-30 14:52:00,150.702018822
2020-04-30 14:53:00,150.702018822
2020-04-30 14:54:00,150.711832068
2020-04-30 14:55:00,150.662765838
2020-04-30 14:56:00,150.760898298
2020-04-30 14:57:00,150.638232723
2020-04-30 14:58:00,150.687298953
2020-04-30 14:59:00,150.7505943897
2020-04-30 15:00:00,150.751085052
2020-04-30 15:01:00,150.613699608
2020-04-30 15:02:00,150.564633378
2020-04-30 15:03:00,150.62822321208
2020-04-30 15:04:00,150.721645314
2020-04-30 15:05:00,150.652952592
2020-04-30 15:06:00,150.662765838
2020-04-30 15:07:00,150.78052479
2020-04-30 15:08:00,150.809964528
2020-04-30 15:09:00,150.785431413
2020-04-30 15:10:00,150.790338036
2020-04-30 15:11:00,150.711832068
2020-04-30 15:12:00,150.692205576
2020-04-30 15:13:00,150.623512854
2020-04-30 15:14:00,150.805057905
2020-04-30 15:15:00,150.868844004
2020-04-30 15:16:00,151.330066566
2020-04-30 15:17:00,151.398759288
2020-04-30 15:18:00,151.438012272
2020-04-30 15:19:00,151.330066566
2020-04-30 15:20:00,151.27118709
2020-04-30 15:21:00,151.315346697
2020-04-30 15:22:00,151.325159943
2020-04-30 15:23:00,151.41838578
2020-04-30 15:24:00,151.388946042
2020-04-30 15:25:00,151.276093713
2020-04-30 15:26:00,151.246653975
2020-04-30 15:27:00,151.084735416
2020-04-30 15:28:00,150.957163218
2020-04-30 15:29:00,150.952256595
2020-04-30 15:30:00,150.962069841
2020-04-30 15:31:00,150.908096988
2020-04-30 15:32:00,151.0577489895
2020-04-30 15:33:00,151.084735416
2020-04-30 15:34:00,151.006229448
2020-04-30 15:35:00,150.87865725
2020-04-30 15:36:00,150.68239233
2020-04-30 15:37:00,150.662765838
2020-04-30 15:38:00,150.6333261
2020-04-30 15:39:00,150.613699608
2020-04-30 15:40:00,150.687298953
2020-04-30 15:41:00,150.702018822
2020-04-30 15:42:00,150.667672461
2020-04-30 15:43:00,150.6333261
2020-04-30 15:44:00,150.638232723
2020-04-30 15:45:00,150.721645314
2020-04-30 15:46:00,150.711832068
2020-04-30 15:47:00,150.702018822
2020-04-30 15:48:00,150.598979739
2020-04-30 15:49:00,150.574446624
2020-04-30 15:50:00,150.417434688
2020-04-30 15:51:00,151.447825518
2020-04-30 15:52:00,151.51651824
2020-04-30 15:53:00,151.604837454
2020-04-30 15:54:00,151.526331486
2020-04-30 15:55:00,151.722596406
2020-04-30 15:56:00,151.752036144
2020-04-30 15:57:00,151.76184939
2020-04-30 15:58:00,152.026807032
2020-04-30 15:59:00,151.840355358
2020-04-30 16:00:00,151.752036144
